EGFP:488,507

Kinetic read	A1	A2	A3	A4	A5	A6	A7	A8	A9	A10	A11	A12	B1	B2	B3	B4	B5	B6	B7	B8	B9	B10	B11	B12	C1	C2	C3	C4	C5	C6	C7	C8	C9	C10	C11	C12	D1	D2	D3	D4	D5	D6	D7	D8	D9	D10	D11	D12	E1	E2	E3	E4	E5	E6	E7	E8	E9	E10	E11	E12	F1	F2	F3	F4	F5	F6	F7	F8	F9	F10	F11	F12	G1	G2	G3	G4	G5	G6	G7	G8	G9	G10	G11	G12	H1	H2	H3	H4	H5	H6	H7	H8	H9	H10	H11	H12
0:08:37	204	214	212	211	219	196	181	162	208	197	195	178	218	216	248	204	184	209	233	222	189	231	209	217	218	213	179	173	181	222	202	185	193	204	194	219	299	342	253	211	205	191	161	180	206	198	193	181	207	210	181	190	201	214	199	231	191	186	194	229	264	211	266	181	191	201	185	176	178	202	189	211	200	201	183	209	211	190	195	185	196	200	229	200	471	461	435	188	192	183	182	206	190	165	176	195
0:18:37	201	231	184	202	228	228	191	209	192	187	200	160	217	259	246	210	207	196	207	208	224	199	221	199	192	187	199	210	195	197	190	218	209	208	185	196	364	409	334	191	183	171	216	210	201	199	178	189	211	176	169	216	216	214	194	200	202	195	194	225	312	210	273	178	221	220	202	213	202	194	210	196	211	187	216	192	184	191	217	214	193	225	221	215	299	622	621	183	189	168	190	190	208	151	209	184
0:28:37	206	210	196	208	238	231	236	182	204	191	170	196	206	286	258	207	202	190	214	206	191	200	201	195	202	194	199	229	198	206	217	223	210	203	207	201	344	491	465	181	226	188	182	198	186	200	185	149	201	169	195	227	247	225	196	208	159	226	207	203	272	214	219	196	185	198	213	171	219	195	200	202	206	200	225	204	198	195	224	198	211	172	216	199	269	661	655	195	205	179	191	197	192	220	169	182
0:38:37	217	227	205	223	225	228	210	208	195	187	177	191	268	260	273	220	194	232	192	204	205	211	208	189	195	214	201	216	195	193	213	249	224	197	216	221	344	571	483	179	206	207	200	197	186	199	181	159	189	185	227	243	236	209	223	216	204	204	229	210	303	204	240	192	192	228	200	181	182	190	195	210	211	208	209	215	204	214	197	210	175	210	191	183	265	636	663	176	180	205	179	201	186	175	170	170
0:48:37	181	202	230	221	231	219	202	183	204	202	186	200	234	243	292	181	197	204	211	208	203	218	233	197	207	217	207	201	187	203	234	229	208	204	223	235	361	507	546	203	178	185	214	177	189	187	182	187	220	205	183	248	234	222	233	226	174	223	168	207	265	223	229	198	218	196	183	201	200	186	183	196	201	218	203	193	181	207	203	220	203	197	201	208	278	641	602	199	180	187	205	200	178	190	190	169
0:58:37	229	193	201	206	241	179	216	181	193	176	189	168	243	252	261	206	207	184	210	206	206	204	219	217	183	211	212	219	199	211	220	209	195	205	229	196	359	480	538	186	195	228	187	168	177	148	158	193	232	224	245	206	223	216	236	195	199	223	214	213	248	251	236	192	223	180	213	224	168	211	208	236	204	216	197	192	189	203	238	219	194	191	215	223	326	469	449	200	195	165	194	197	194	210	177	182
1:08:37	212	192	221	212	216	203	213	233	174	208	193	212	247	274	303	196	203	201	182	224	195	207	195	215	207	194	189	226	214	207	232	228	209	202	223	208	394	420	543	227	189	189	170	171	173	211	184	193	235	220	240	224	238	240	177	229	206	221	229	212	251	242	261	227	213	188	208	196	199	229	200	207	227	202	198	181	211	172	205	229	205	245	233	238	341	419	448	206	184	205	218	158	178	184	203	178
1:18:37	211	192	201	231	238	217	179	227	221	212	182	214	243	282	243	209	218	219	215	194	209	199	212	196	179	189	161	193	196	173	227	214	190	228	205	222	386	452	493	210	187	193	182	201	211	201	173	185	253	257	219	255	250	236	191	222	212	252	228	240	283	253	251	181	214	202	222	206	193	199	220	194	243	201	182	209	221	212	245	225	226	237	226	195	330	439	526	186	165	187	181	157	182	181	195	186
1:28:37	208	193	218	208	202	203	188	237	216	197	196	196	233	277	244	193	214	192	200	216	211	210	192	183	209	217	183	211	214	208	219	228	218	228	191	227	393	602	504	206	184	206	173	167	162	199	183	178	269	264	275	243	243	242	209	186	223	245	244	236	248	252	267	204	219	202	199	208	192	202	219	246	207	205	215	215	222	190	222	207	232	239	242	249	363	429	484	183	182	183	195	174	197	208	184	175
1:38:37	247	192	198	205	216	218	201	193	196	205	208	193	274	249	289	213	226	213	211	208	215	193	213	223	219	176	178	209	206	182	239	239	261	222	205	206	436	503	440	205	194	200	183	178	179	179	177	178	266	282	301	261	270	290	237	212	196	264	229	263	274	253	248	223	180	211	186	193	224	220	200	155	202	188	232	204	218	197	246	240	220	257	249	269	382	480	455	205	184	210	189	219	180	192	186	179
1:48:37	213	205	198	220	203	208	205	181	209	194	197	211	297	288	276	207	193	200	185	218	200	210	236	202	186	199	199	214	173	194	222	240	250	214	228	227	434	474	443	207	199	194	213	164	168	199	208	165	281	273	339	243	276	277	211	199	215	275	273	263	257	281	250	219	214	199	228	217	187	223	181	213	198	197	221	203	225	207	214	241	253	263	246	265	405	457	547	199	167	200	189	188	189	203	194	190
1:58:37	201	209	195	229	205	218	206	182	182	206	209	194	304	293	277	217	220	194	217	201	198	202	209	214	192	219	202	213	216	194	236	236	215	225	204	209	482	510	403	177	200	220	228	195	184	180	192	218	310	296	348	272	337	311	226	226	226	282	320	292	277	282	269	203	201	194	224	195	214	211	232	200	204	229	215	201	192	226	205	234	221	274	259	272	394	482	475	186	188	170	199	150	163	192	171	203
2:08:37	221	213	206	238	236	197	189	199	214	226	203	173	310	269	275	240	218	194	219	200	195	225	183	225	207	219	209	232	228	204	206	218	220	211	236	237	508	717	459	172	216	223	200	203	193	193	189	221	298	318	324	302	377	286	209	215	219	324	301	285	316	250	277	203	216	231	213	171	200	227	218	215	211	208	187	220	181	230	230	225	275	264	271	281	390	488	561	184	182	205	191	179	224	199	192	178
2:18:37	204	220	191	221	213	217	212	224	194	237	191	188	304	277	260	206	192	195	196	212	216	235	203	213	192	215	225	197	210	201	236	218	213	232	220	206	555	560	432	183	178	202	211	182	193	188	201	208	350	354	448	421	366	337	226	201	243	297	324	308	271	290	269	198	210	216	203	218	180	208	232	240	181	201	187	233	222	244	246	246	247	292	307	282	422	512	506	176	181	168	195	169	193	148	183	188
2:28:37	210	203	209	219	229	210	207	184	219	197	194	190	330	318	307	231	213	224	217	192	211	201	243	233	180	232	188	199	219	228	245	231	208	245	219	195	583	559	456	176	202	189	214	184	199	179	221	142	354	385	350	293	387	336	258	232	235	307	329	341	313	297	284	213	238	222	203	215	190	207	213	233	196	224	212	202	187	241	257	280	236	258	313	273	486	582	507	194	156	173	177	196	190	184	194	206
2:38:37	231	228	216	223	239	222	197	213	202	204	208	231	283	326	304	231	238	203	207	203	204	221	218	232	198	210	230	219	200	205	251	246	234	218	224	216	605	613	478	201	176	196	192	169	194	206	179	208	384	374	575	293	372	341	211	223	250	333	355	334	316	296	288	209	181	220	167	216	203	212	249	243	217	197	204	207	227	244	247	257	282	284	318	336	459	516	787	143	195	227	173	189	194	208	185	189
2:48:37	201	211	213	229	229	202	221	221	189	219	201	204	319	311	319	188	219	186	231	215	220	232	222	216	214	212	241	196	191	229	274	234	225	218	231	238	628	673	483	196	183	205	191	175	171	197	177	197	428	411	468	278	349	357	257	274	267	332	393	355	265	316	309	225	239	211	211	221	200	252	227	215	188	210	217	225	232	231	243	243	243	320	321	329	517	525	538	186	175	205	186	166	196	174	167	181
2:58:37	210	214	236	258	236	252	210	214	197	208	203	196	316	336	343	235	217	205	213	226	232	205	206	189	226	185	259	191	207	179	252	246	229	230	206	222	667	659	551	188	216	179	206	188	208	184	200	204	443	444	478	322	352	329	278	264	262	378	382	365	364	311	320	236	257	192	204	218	217	227	242	227	176	191	226	232	253	232	257	287	275	322	366	341	508	554	567	167	226	198	150	179	187	196	191	181
3:08:37	208	232	234	238	217	251	202	236	187	192	194	161	339	322	332	193	231	218	200	236	196	214	209	227	203	221	244	212	205	224	243	247	244	249	207	220	669	701	598	162	189	180	215	199	184	174	204	207	445	456	523	285	318	370	252	278	282	367	389	372	318	316	302	226	221	238	200	235	168	207	248	238	204	219	199	219	215	249	263	295	297	357	373	343	537	600	576	205	196	218	206	198	181	183	166	189
3:18:37	219	221	217	218	229	230	207	216	234	198	189	190	333	356	331	216	209	205	221	198	190	247	208	217	223	210	232	211	218	211	252	233	240	234	247	228	740	768	567	173	179	196	193	206	181	194	172	193	486	493	486	296	352	355	252	254	291	380	410	424	392	309	314	234	196	220	228	210	215	258	220	221	200	206	217	257	230	231	250	276	315	345	386	353	534	602	553	170	179	163	172	168	193	203	175	193
3:28:37	240	226	208	252	239	222	229	179	207	240	231	222	362	344	367	204	207	185	214	237	212	202	229	224	210	212	219	212	223	186	251	241	250	253	252	252	771	820	647	198	176	190	192	171	185	186	177	191	491	513	489	361	362	392	231	225	311	410	375	394	364	326	331	230	249	231	210	213	193	241	229	243	200	203	209	232	235	237	272	277	299	347	370	367	513	594	577	201	168	185	200	163	169	186	189	185
3:38:37	205	225	197	228	255	255	213	224	227	179	216	200	371	364	366	208	210	225	243	240	221	257	227	198	171	232	194	223	191	208	255	236	257	234	247	220	816	872	641	177	173	203	177	169	194	198	208	195	508	550	504	317	376	414	254	290	248	402	426	413	340	354	327	225	230	209	224	224	209	250	249	264	208	197	207	237	264	240	300	314	292	361	362	370	556	601	595	197	192	199	205	202	179	195	187	175
3:48:37	221	217	214	219	215	209	228	199	224	211	208	206	406	404	405	205	230	240	222	221	238	235	240	204	201	231	228	186	199	212	263	264	235	273	224	245	902	923	682	201	188	189	185	187	182	220	204	177	529	556	531	342	391	417	283	277	279	411	421	401	349	344	339	240	247	227	195	222	216	253	267	235	231	214	252	214	284	232	292	289	301	352	386	343	559	615	628	181	188	178	219	200	182	194	203	194
3:58:37	239	188	218	233	249	249	213	210	226	173	235	202	432	472	417	209	217	209	250	204	222	233	249	218	221	233	232	222	194	196	276	272	246	248	270	238	951	1010	737	205	180	200	191	204	205	184	182	199	569	559	581	384	399	423	261	272	286	443	462	420	336	317	319	235	238	223	225	237	221	247	236	246	222	237	221	252	261	260	289	311	313	375	401	384	553	611	661	210	180	160	172	175	176	203	214	168
4:08:37	200	182	227	256	216	239	215	219	185	232	193	181	402	414	404	249	216	231	237	235	223	230	245	209	189	193	236	199	190	202	271	245	287	233	219	239	1000	1050	787	191	214	181	189	194	197	179	198	199	572	578	599	358	400	439	293	277	298	438	496	456	342	355	355	218	233	230	207	224	223	260	254	261	229	219	230	261	286	243	299	327	320	361	412	409	575	648	632	203	153	193	171	200	205	171	205	201
4:18:37	205	198	212	245	235	236	198	229	190	231	185	213	443	466	430	206	217	225	209	227	227	225	242	235	200	216	221	227	199	191	282	278	240	226	210	246	1067	1103	855	205	183	203	214	167	189	208	203	178	623	616	621	356	438	432	291	297	281	446	485	466	336	351	350	218	219	260	246	202	213	233	242	207	215	208	215	278	257	247	296	339	305	378	413	407	584	677	670	186	191	193	195	168	198	174	197	188
4:28:37	221	218	221	251	271	258	224	200	220	202	231	212	445	479	426	193	228	216	235	225	202	231	242	257	219	196	211	207	214	223	289	290	284	264	255	239	1084	1169	850	183	190	199	212	194	168	189	183	181	634	638	625	386	433	433	298	316	311	436	513	433	356	331	320	214	228	216	213	227	218	234	240	232	229	196	229	260	276	271	316	328	356	372	436	437	615	662	664	190	204	193	188	158	196	192	193	188
4:38:37	230	227	187	227	260	251	216	238	224	199	242	174	480	453	480	203	202	232	208	168	225	237	261	228	218	211	212	223	202	193	292	264	290	255	244	253	1201	1269	917	197	184	197	175	179	207	182	186	224	632	612	668	422	463	454	275	305	321	483	542	505	332	334	339	235	227	217	216	236	199	278	293	287	224	236	219	256	295	265	322	304	347	415	446	433	607	708	709	197	160	183	213	212	200	177	159	172
4:48:37	239	198	209	293	249	268	206	197	201	232	226	211	497	484	486	238	233	210	211	221	209	266	246	261	235	169	213	199	223	202	302	306	324	275	269	263	1256	1298	994	181	190	179	184	190	180	189	176	181	612	666	686	399	488	433	296	296	289	504	525	499	388	354	388	252	225	248	224	206	248	276	250	248	222	193	216	274	260	278	299	302	333	431	447	443	634	674	698	173	172	181	185	194	195	186	173	159
4:58:37	195	201	212	256	262	275	238	178	207	234	211	228	514	538	489	240	221	239	214	225	190	251	264	242	211	183	210	220	195	240	318	305	273	235	272	252	1304	1442	1041	188	200	207	178	183	202	195	190	193	646	692	707	401	477	469	295	304	307	486	477	506	358	360	371	215	223	248	249	208	215	247	251	242	201	210	244	268	256	273	293	364	355	456	441	437	617	643	737	171	176	163	195	190	192	189	178	187
5:08:37	235	198	207	266	260	274	221	216	203	253	200	243	489	533	506	246	234	221	234	210	211	242	259	245	203	233	238	219	212	214	314	315	325	269	258	247	1378	1569	1122	168	191	226	194	191	211	202	209	167	676	745	708	374	490	510	323	329	322	488	527	522	379	364	381	243	243	241	191	213	217	262	244	256	229	205	237	277	300	277	314	334	342	419	466	445	589	713	731	179	183	189	185	199	197	169	175	163
5:18:37	205	228	225	290	290	275	241	229	233	222	237	221	527	542	536	215	253	224	201	215	222	262	270	262	202	195	233	208	216	204	325	318	313	259	254	263	1464	1503	1163	179	203	186	194	181	172	184	160	208	681	774	732	417	477	502	290	279	319	509	535	532	345	365	365	257	290	251	217	243	246	246	278	255	247	185	225	283	287	294	331	337	346	418	458	470	621	700	724	175	172	162	203	202	176	206	176	196
5:28:37	225	205	233	291	285	276	214	209	225	237	246	205	529	601	530	260	240	206	225	217	226	269	270	259	218	220	251	207	236	214	355	303	331	273	254	279	1573	1543	1221	209	196	186	183	191	164	184	200	214	695	766	758	410	502	505	318	314	323	483	551	557	378	388	376	227	258	209	231	207	220	244	277	262	229	206	237	274	310	282	336	349	346	456	490	477	658	733	720	197	202	176	185	181	226	161	214	181
5:38:37	208	229	215	280	273	254	248	206	197	252	235	192	550	583	569	263	227	208	214	213	195	273	279	268	196	193	210	238	227	183	318	326	341	269	283	242	1611	1612	1281	190	223	187	187	210	187	182	187	193	723	811	769	423	515	530	343	319	298	523	577	541	355	327	342	249	232	242	218	184	234	284	239	270	223	222	223	293	286	299	316	345	322	427	493	476	639	734	710	170	197	187	194	177	184	202	196	166
5:48:37	187	229	229	303	277	283	249	231	224	224	235	220	560	626	590	267	244	215	247	208	214	245	269	273	229	223	225	226	234	208	325	299	330	280	275	283	1666	1676	1300	160	159	198	173	175	170	205	220	200	740	824	813	428	536	483	300	354	336	531	577	554	375	367	368	236	228	250	231	217	207	269	258	255	265	216	223	288	289	327	324	352	353	449	490	483	619	712	729	214	195	208	174	164	171	179	189	179
5:58:37	227	206	240	297	254	295	235	244	226	231	240	236	586	634	593	224	249	211	223	215	241	280	294	273	222	217	220	197	225	234	353	337	349	289	269	277	1753	1688	1394	177	193	197	201	170	201	184	180	181	757	837	866	443	538	503	343	339	357	522	561	542	379	343	388	228	232	220	231	226	216	243	257	269	217	240	250	278	315	294	340	329	352	456	495	478	642	745	736	195	196	194	155	156	158	207	172	192
6:08:37	240	231	200	283	280	283	243	233	219	260	244	272	633	612	583	247	227	229	212	224	195	290	301	289	217	232	219	236	224	185	332	332	366	278	300	260	1886	1746	1379	192	182	203	190	164	194	211	192	171	798	832	854	442	563	544	330	330	349	551	570	563	335	367	372	234	240	198	204	217	231	275	266	293	227	233	229	304	322	310	306	341	354	461	500	466	682	746	768	177	176	190	199	184	202	197	176	173
6:18:37	247	245	209	290	310	287	215	195	233	250	263	269	616	660	602	280	276	218	226	206	220	294	292	280	226	210	211	251	225	211	330	373	356	265	277	287	1887	1776	1441	190	203	187	192	200	163	187	209	186	787	837	882	448	568	523	330	337	354	548	594	570	344	375	393	253	242	266	213	229	233	239	267	238	230	214	241	294	293	288	327	372	373	449	504	505	683	725	772	210	198	171	160	187	205	168	168	170
6:28:37	236	244	231	303	309	292	238	217	263	249	268	245	622	678	587	227	255	243	200	204	219	283	298	290	201	244	201	271	241	199	382	375	382	293	307	310	2014	1842	1509	193	221	186	201	182	185	178	200	183	805	846	887	465	554	556	326	336	340	581	604	576	353	369	382	234	237	236	221	222	218	287	248	271	225	254	239	287	298	299	350	372	372	456	487	508	658	757	759	186	191	180	199	157	195	163	173	199
6:38:37	258	227	233	300	295	314	251	246	251	253	261	243	669	685	649	287	271	212	221	235	229	313	281	302	214	221	200	219	242	218	371	377	369	312	294	270	2041	1830	1547	185	203	160	219	193	184	197	181	205	845	896	899	469	550	551	338	351	348	566	612	618	360	374	385	248	241	243	251	226	229	264	310	293	225	233	232	299	314	296	334	344	359	453	557	523	644	758	792	200	182	207	186	180	185	162	204	172
6:48:37	239	231	279	291	335	313	229	239	267	265	278	266	666	657	661	304	271	232	195	197	194	324	313	322	197	230	226	247	266	226	394	391	402	287	272	330	2051	1893	1620	203	217	158	169	171	194	223	199	176	888	898	912	461	555	592	328	339	370	592	622	600	358	387	376	213	247	260	246	219	237	263	250	282	252	190	245	321	348	327	349	361	369	481	533	513	644	757	762	196	183	168	192	158	161	146	188	207
6:58:37	218	247	257	329	329	307	261	246	251	278	274	257	661	689	691	269	272	233	250	209	225	338	334	313	234	261	222	288	231	235	400	379	400	322	335	300	1952	1907	1661	196	190	186	182	209	164	187	189	189	862	921	917	482	590	568	359	324	363	607	636	628	401	394	372	241	228	232	193	229	245	266	258	280	217	244	243	323	312	303	368	372	362	468	539	509	678	756	784	179	189	200	215	204	176	180	193	199
7:08:37	241	246	270	331	319	314	257	246	271	279	287	251	689	742	686	281	283	212	235	273	228	328	312	317	236	242	245	282	259	217	411	417	409	310	305	322	2015	1859	1726	186	184	203	185	153	185	206	191	169	891	957	927	503	594	572	345	343	353	609	666	643	386	381	389	233	246	246	240	208	238	289	289	329	233	262	236	301	311	307	369	400	391	484	537	538	685	764	774	194	178	176	159	196	171	199	181	164
7:18:37	254	257	268	314	318	305	289	262	230	288	283	258	704	709	697	284	265	241	218	240	243	328	324	306	252	238	255	265	236	209	409	402	421	333	319	286	1978	1866	1782	183	191	187	192	181	198	215	237	188	868	947	971	505	592	589	349	377	387	603	666	618	372	384	366	259	234	242	233	221	229	285	276	279	241	241	218	298	333	310	336	381	402	501	549	543	674	752	786	185	191	169	170	151	164	191	204	171
7:28:37	256	258	258	323	350	295	240	277	264	261	284	264	692	749	742	295	247	243	242	258	234	325	332	338	250	238	240	271	249	238	443	457	420	298	324	306	2023	1883	1752	184	185	192	204	183	180	201	161	200	913	997	1002	521	626	612	370	359	382	604	678	660	344	393	384	252	264	227	245	220	221	282	263	279	234	253	252	308	319	313	349	383	403	506	559	561	730	779	781	167	180	162	169	194	156	210	178	193
7:38:37	260	277	257	341	341	351	279	254	270	294	267	258	686	738	733	271	281	264	232	238	248	334	317	287	233	236	272	275	242	233	425	421	412	319	322	319	2063	1887	1862	163	186	202	176	196	186	190	207	179	918	986	1009	480	642	591	371	381	368	620	683	672	369	413	400	249	271	254	227	222	224	276	256	269	225	204	205	317	332	348	355	386	383	496	561	559	727	819	792	154	182	182	168	161	209	179	206	171
7:48:37	268	263	265	329	359	340	258	256	305	287	259	278	711	745	705	302	268	243	238	242	228	327	350	320	264	242	267	274	275	199	438	443	441	327	308	346	2127	1922	1880	192	200	191	196	174	182	197	185	188	973	1016	992	510	617	627	366	393	384	610	669	666	369	370	396	245	236	271	198	219	239	291	261	289	233	218	245	300	364	326	368	407	406	512	567	578	705	770	818	210	159	175	180	181	195	161	180	180
7:58:37	281	262	278	332	312	362	279	259	276	295	276	268	731	773	697	304	310	252	272	284	222	326	318	351	232	225	270	298	276	239	439	446	438	316	319	328	2206	1886	1874	210	184	197	166	167	199	167	162	171	956	1030	1013	511	633	646	364	377	389	630	714	681	367	408	374	257	233	232	214	221	234	281	282	289	220	217	230	334	330	310	374	403	405	520	576	553	704	777	776	210	180	206	188	183	171	193	170	169
8:08:37	280	297	278	339	336	350	281	271	286	315	309	277	692	770	763	253	304	267	229	247	258	339	356	322	271	274	259	297	264	231	430	388	454	311	325	299	2176	1881	1888	170	182	186	189	188	197	183	184	187	1005	1090	1073	535	667	657	357	370	405	656	713	675	382	363	394	240	244	237	247	216	195	261	271	298	226	252	218	293	345	354	343	400	387	500	550	552	730	804	774	176	193	192	187	195	170	182	188	184
8:18:37	288	275	284	328	325	354	309	293	265	294	286	286	685	770	724	304	278	256	233	249	239	350	350	340	291	278	277	285	290	248	463	457	410	339	332	378	2222	1902	1815	165	197	181	195	166	214	162	164	171	991	1099	1074	523	670	623	391	412	437	658	716	677	365	382	402	253	233	263	239	235	257	293	294	290	244	207	249	316	327	356	371	401	407	501	558	533	698	802	794	201	161	187	173	187	153	191	181	150
8:28:37	281	276	288	358	360	333	310	284	273	303	269	274	748	747	770	295	299	271	263	267	275	334	327	334	264	277	281	287	278	240	438	470	457	326	346	361	2222	1895	1847	167	182	174	188	201	180	184	187	154	1025	1112	1125	545	651	658	368	380	403	653	675	692	355	357	381	249	245	266	239	215	251	262	287	304	271	229	264	334	364	342	366	402	389	500	585	570	715	760	794	212	170	197	189	185	181	189	175	170
8:38:37	295	301	297	340	337	360	288	275	305	310	286	293	718	756	749	302	302	273	260	281	253	341	363	355	289	281	299	292	302	223	452	452	442	356	373	366	2175	1864	1827	203	214	157	212	181	215	182	192	198	1032	1105	1113	552	662	650	391	387	418	652	733	688	375	362	386	262	207	220	239	240	239	314	299	290	249	230	241	337	351	342	349	399	408	511	598	568	700	752	768	187	178	186	174	152	161	173	199	194
8:48:37	290	279	291	360	355	357	284	297	278	333	307	292	737	812	774	306	294	302	262	252	282	368	344	350	267	249	281	288	314	259	449	466	443	362	346	360	2201	1934	1800	210	185	189	180	184	209	171	187	171	1059	1121	1138	552	669	663	382	377	425	694	718	689	347	350	395	237	255	215	222	233	224	302	302	291	257	242	224	301	322	342	376	408	397	534	617	559	694	749	793	197	173	179	205	204	192	180	178	167
8:58:37	299	274	300	349	348	333	312	290	272	299	311	295	730	805	752	298	247	253	260	253	269	365	357	350	290	302	276	298	283	230	466	484	436	345	338	340	2147	1885	1799	195	181	187	170	179	193	182	174	193	1050	1151	1153	539	696	690	414	422	448	665	728	722	363	378	395	272	239	257	245	216	222	286	273	277	254	226	257	343	341	331	367	422	418	539	619	567	715	818	791	176	187	185	192	187	180	211	214	168
9:08:37	294	300	308	373	369	343	278	277	269	351	296	313	724	848	775	312	294	268	277	277	274	380	348	363	270	270	266	286	277	221	470	443	438	348	348	367	2178	1894	1860	170	202	186	177	216	181	173	165	208	1084	1149	1144	558	699	707	401	398	427	691	749	741	377	408	393	229	262	236	243	227	261	289	284	285	219	222	255	366	354	374	365	404	414	569	609	561	714	768	800	152	192	163	192	182	147	212	159	169
9:18:37	305	285	286	338	374	339	282	272	289	304	314	298	756	804	756	314	317	276	273	267	274	342	362	384	298	296	279	303	303	261	467	474	441	351	355	306	2134	1916	1852	197	201	192	191	152	184	210	188	179	1107	1166	1180	601	674	676	417	399	416	694	715	726	386	394	387	235	228	277	235	217	245	279	282	290	246	257	234	354	364	358	378	398	435	569	618	593	733	759	745	205	220	174	161	172	214	178	184	191
9:28:37	279	290	291	355	369	372	293	282	276	289	317	310	740	812	804	272	313	282	260	294	294	340	367	337	286	258	271	273	307	268	438	482	452	360	390	359	2068	1868	1831	172	178	180	201	182	199	201	195	176	1086	1182	1185	584	686	716	383	419	446	705	761	751	354	400	439	254	256	257	220	209	233	302	310	307	268	238	217	351	367	335	395	429	415	536	620	619	725	781	802	160	183	193	166	179	201	192	188	188
9:38:37	274	279	305	360	348	356	320	330	299	300	301	323	727	816	807	307	321	279	289	282	283	378	358	365	291	279	277	275	300	256	459	472	441	364	359	384	2099	1900	1905	177	217	207	205	192	178	190	159	211	1104	1191	1237	554	706	718	394	426	444	667	779	775	353	388	383	255	257	283	236	246	238	285	286	290	243	223	259	325	334	356	380	420	390	550	649	595	697	784	784	168	165	162	172	146	192	183	172	183
9:48:37	301	300	296	354	365	360	304	286	300	296	324	292	719	804	746	315	296	279	260	327	264	352	379	367	290	296	294	289	300	281	466	479	463	352	362	348	2148	1907	1863	195	158	180	188	186	167	178	222	173	1152	1178	1197	606	686	748	386	443	461	715	765	782	369	379	387	253	252	250	208	251	231	278	283	279	234	243	231	328	373	385	389	396	441	521	622	615	753	772	803	200	192	196	187	182	209	168	162	181
9:58:37	292	279	330	389	370	357	318	283	305	318	332	311	740	814	762	312	311	273	247	299	326	358	369	353	301	305	318	292	277	274	455	472	469	372	382	357	2111	1916	1824	202	186	178	191	192	181	181	197	215	1121	1271	1253	592	729	730	416	444	440	700	805	752	369	382	393	229	248	237	253	234	244	314	267	326	264	250	269	347	378	373	372	394	408	573	663	637	749	782	794	179	163	204	182	163	184	191	181	214
10:08:37	331	283	310	366	359	382	287	303	320	334	317	322	710	815	780	300	331	281	276	306	283	403	392	394	335	291	301	307	288	295	494	484	465	363	371	384	2116	1869	1865	219	197	188	185	168	197	209	164	195	1196	1289	1291	562	724	752	421	425	483	752	768	748	398	391	376	218	233	242	255	252	215	292	281	300	239	241	241	364	346	355	378	411	430	590	640	643	739	792	779	195	185	218	181	149	177	171	221	176
10:18:37	298	301	333	376	364	394	290	289	316	310	314	345	746	823	783	286	290	285	267	286	274	399	392	346	312	330	284	312	310	284	481	472	447	375	376	387	2128	1865	1842	181	192	212	196	182	194	205	204	183	1166	1249	1242	568	766	760	410	438	471	749	785	746	386	397	383	246	258	278	229	202	228	285	311	298	274	228	249	368	399	375	394	431	429	566	644	643	714	778	785	179	169	170	180	189	183	178	164	203
10:28:37	298	327	308	395	361	374	302	316	301	329	309	289	750	834	732	331	319	275	294	291	276	417	341	387	296	293	298	311	323	305	491	503	460	362	390	387	2110	1920	1845	215	183	183	187	195	186	199	191	198	1200	1266	1228	583	741	737	454	448	489	743	814	786	371	399	394	284	280	242	247	232	237	294	315	307	241	226	257	341	399	363	412	407	422	579	646	639	732	777	782	175	184	174	206	223	210	214	188	179
10:38:37	321	295	316	380	361	369	341	279	282	297	338	329	745	836	794	289	308	291	297	268	321	390	373	382	288	285	290	318	294	309	511	498	443	362	364	380	2032	1869	1857	154	213	198	221	187	203	189	204	194	1196	1281	1321	644	766	785	451	457	465	736	809	777	358	369	396	238	244	267	254	228	252	302	298	297	258	229	275	341	342	383	383	419	446	613	671	656	767	801	799	185	178	170	185	215	184	202	187	167
10:48:37	331	309	309	367	343	373	339	343	301	335	327	296	747	772	789	312	303	313	261	291	302	373	373	360	314	330	306	297	299	301	499	498	484	378	383	382	2056	1922	1870	185	199	174	203	174	185	199	170	182	1238	1321	1281	630	776	770	441	461	486	743	794	798	388	367	416	269	249	262	224	247	228	286	316	306	233	219	246	331	381	402	380	408	446	581	672	641	730	778	775	164	197	182	150	204	150	179	179	184
10:58:37	342	299	308	390	412	375	301	323	294	328	305	312	757	791	740	327	321	315	296	309	282	394	398	382	312	313	326	304	318	299	465	493	458	355	391	391	2070	1951	1897	198	195	186	186	205	203	186	181	190	1208	1312	1327	676	792	754	447	456	459	763	830	828	370	398	425	222	253	234	247	221	215	286	280	293	267	229	236	382	392	395	347	462	438	612	652	677	752	785	783	199	188	193	186	167	182	193	191	182
11:08:37	319	349	323	367	384	383	305	330	275	330	336	323	734	777	770	306	298	304	250	330	301	359	402	404	327	319	303	308	360	289	492	509	470	391	392	347	2050	1906	1920	195	180	178	194	158	199	196	201	171	1248	1310	1350	629	739	781	430	451	496	831	843	802	361	392	418	255	264	256	259	257	259	296	292	314	258	229	232	378	392	383	388	411	454	632	650	655	661	831	789	206	180	171	186	165	192	176	179	148
11:18:37	326	336	341	364	390	393	310	313	312	342	324	311	745	803	782	318	298	295	293	293	299	394	362	373	313	324	322	333	320	299	478	512	467	357	372	363	2114	1918	1922	170	194	171	213	144	191	191	199	152	1251	1387	1400	649	774	800	486	456	502	768	824	815	326	365	409	239	265	269	211	248	228	300	304	303	258	239	235	352	367	354	399	461	445	607	653	654	735	827	778	167	203	200	200	163	189	205	183	165
11:28:37	337	335	298	374	345	375	334	314	300	322	311	358	667	814	775	313	307	291	295	302	291	396	405	347	307	296	311	290	327	262	491	506	471	374	393	367	2046	1985	1834	184	182	195	196	189	191	192	173	167	1294	1371	1346	656	795	796	439	469	481	768	853	875	394	397	413	247	258	264	247	232	256	301	302	291	285	234	256	366	359	391	401	434	441	609	714	669	719	787	771	173	196	182	178	191	196	184	179	179
11:38:37	343	330	313	375	367	366	325	312	301	340	335	342	753	786	788	328	331	304	283	306	303	378	373	382	335	353	324	311	319	290	502	469	500	377	391	382	1956	1977	1829	193	190	180	199	183	176	190	209	169	1281	1381	1389	641	802	844	489	418	486	804	865	825	375	369	416	253	230	266	257	224	263	302	283	312	256	232	282	407	388	348	379	469	434	584	685	675	737	782	818	172	189	183	185	179	195	169	199	183
11:48:37	341	315	300	357	369	388	328	334	304	322	340	317	743	823	799	325	295	291	287	355	294	407	380	378	325	295	324	323	334	280	512	482	477	392	397	387	2057	2003	1863	194	209	187	185	189	179	184	198	210	1324	1400	1428	653	809	797	465	480	504	831	854	827	374	392	409	236	267	261	228	269	247	309	322	351	232	241	261	365	389	374	387	440	452	596	666	682	699	787	778	180	166	190	186	170	167	186	174	182
11:58:37	327	356	306	381	374	377	311	336	308	337	351	325	714	811	760	316	298	300	285	315	297	385	382	384	307	313	300	320	335	295	486	511	486	387	378	372	2068	1981	1832	207	200	167	196	171	182	188	213	211	1322	1412	1428	649	814	817	460	461	530	839	860	863	389	380	399	261	251	279	235	252	259	341	327	285	279	255	289	376	382	400	405	451	437	624	704	672	750	810	822	202	179	180	185	197	195	204	187	186
12:08:37	312	330	336	376	377	379	299	331	322	333	341	318	745	843	770	332	316	301	323	295	308	376	379	395	338	338	302	307	341	307	465	501	475	415	375	425	2075	2022	1785	193	198	182	188	193	203	217	170	207	1353	1470	1424	659	777	834	490	493	501	831	844	854	356	412	397	272	265	269	231	270	233	301	294	296	259	252	280	377	407	394	386	453	473	643	702	722	743	761	806	195	160	174	199	179	188	193	183	180
12:18:37	341	325	319	421	411	386	314	302	328	346	309	317	727	797	765	334	303	330	283	306	316	390	403	381	309	326	330	323	318	314	507	424	494	379	420	360	2053	2049	1841	216	186	173	182	193	196	195	176	198	1357	1429	1481	603	833	836	476	505	491	844	888	893	372	372	395	247	260	272	235	246	215	328	321	310	264	225	252	400	395	395	435	431	447	661	725	667	739	780	803	180	175	189	177	176	180	204	171	175
12:28:37	333	349	329	397	387	396	321	324	294	322	338	329	714	821	794	322	323	329	305	319	291	358	402	397	353	318	319	299	314	297	515	492	499	403	413	392	2020	1927	1859	184	193	205	161	190	155	185	182	176	1375	1486	1463	656	790	848	518	492	493	810	902	872	388	392	395	282	248	256	284	271	240	336	301	332	233	264	241	401	379	390	403	458	439	638	708	695	726	781	790	178	161	158	190	196	176	176	197	169
12:38:37	352	347	342	383	392	393	332	331	340	341	346	366	703	825	784	292	312	331	309	314	313	397	376	376	316	327	324	315	331	308	508	493	483	339	402	410	2013	2034	1857	195	193	160	193	207	182	151	190	214	1367	1458	1447	658	834	826	490	483	535	849	916	890	348	401	394	240	271	269	223	242	263	334	293	314	252	244	254	379	408	392	393	463	475	654	721	699	732	798	802	204	165	169	188	177	194	164	192	169
12:48:37	359	376	317	361	390	393	326	313	333	310	324	335	732	774	806	313	320	297	290	322	304	401	403	374	350	338	345	325	312	306	508	495	483	404	378	396	1957	1952	1858	170	187	187	215	168	184	204	186	199	1374	1450	1478	647	866	851	506	512	542	847	918	918	376	409	407	261	255	268	253	255	226	316	332	304	236	245	250	359	434	393	424	472	480	628	738	729	728	783	840	178	158	197	161	185	191	193	159	191
12:58:37	316	329	327	394	387	378	300	318	326	308	346	349	747	775	796	327	306	317	310	305	313	392	382	391	347	346	332	321	320	289	516	518	461	416	400	383	1994	1981	1816	173	190	175	217	184	175	196	172	197	1403	1532	1483	705	831	858	487	520	534	853	906	909	368	407	400	263	267	241	275	226	209	304	284	333	244	230	263	377	412	404	421	440	464	650	729	687	748	791	803	185	192	153	178	185	200	172	176	196
13:08:37	328	328	353	404	391	392	321	314	291	324	346	314	747	799	781	290	337	325	300	336	313	408	406	378	325	349	307	304	350	329	523	488	497	386	418	389	2030	2007	1785	167	187	228	177	199	192	185	174	175	1395	1489	1505	698	864	873	489	530	504	845	931	905	358	403	409	224	260	261	236	221	244	287	337	312	236	267	249	381	435	412	440	474	486	604	727	752	750	790	805	188	182	193	205	175	204	194	185	185
13:18:37	350	318	318	400	415	356	335	340	320	363	331	354	704	821	776	309	340	313	313	345	338	407	380	377	337	332	337	308	342	318	502	488	483	390	367	415	2050	2027	1901	191	195	210	121	204	167	153	194	190	1362	1544	1560	674	857	862	480	552	534	865	927	896	412	391	409	261	252	247	236	245	236	323	304	301	242	239	251	399	425	409	444	444	456	669	730	686	723	774	809	190	205	190	179	187	164	196	174	215
13:28:37	314	312	319	378	398	372	337	342	305	361	314	324	727	793	732	342	316	289	287	326	318	420	395	367	316	313	323	330	324	337	521	505	485	385	374	386	2006	2030	1819	168	187	195	202	175	216	196	158	184	1416	1456	1571	722	868	854	492	514	538	843	930	900	364	403	435	261	294	266	213	262	248	313	306	344	278	218	264	345	416	406	445	473	487	652	737	745	699	805	812	200	185	166	193	191	164	189	168	202
13:38:37	327	345	348	381	423	389	328	331	340	377	329	341	756	814	767	313	363	318	285	313	293	391	393	392	348	331	350	343	335	311	527	505	461	391	374	412	2087	1991	1786	172	185	179	211	180	179	189	195	180	1392	1508	1519	717	875	864	492	522	560	872	909	909	366	382	408	259	269	267	247	247	242	326	319	329	237	276	243	395	427	398	411	446	457	658	750	724	704	775	779	192	190	185	200	192	193	209	187	168
13:48:37	311	341	346	371	369	382	338	312	312	373	357	338	732	837	759	317	333	338	272	307	323	403	375	392	326	332	358	344	323	304	532	508	491	376	384	424	1972	2137	1776	166	202	170	222	174	173	182	153	186	1456	1523	1542	692	842	879	513	532	552	875	943	951	382	405	429	251	264	263	273	273	249	319	316	323	253	229	251	401	411	390	424	474	483	662	730	739	738	813	827	174	199	184	167	203	189	155	187	210
13:58:37	332	315	326	385	371	414	352	344	299	317	346	323	712	800	757	363	328	315	297	333	314	418	421	378	340	329	342	322	344	338	509	501	510	399	400	364	2001	2095	1799	184	174	186	181	186	179	195	177	150	1481	1559	1589	673	901	890	499	538	570	931	933	902	414	384	408	256	249	292	262	245	241	330	315	325	274	272	268	393	407	421	410	487	475	692	741	739	736	804	816	193	172	199	181	197	176	164	174	178
14:08:37	329	353	354	377	365	392	341	317	339	380	347	313	702	771	767	346	359	346	323	307	326	408	378	411	338	354	345	325	330	319	511	512	476	397	393	387	1983	2090	1826	183	201	190	179	155	179	196	169	201	1449	1581	1606	691	885	912	508	566	517	857	961	976	386	396	430	268	247	245	229	245	231	296	302	359	245	259	265	378	438	402	411	472	478	653	774	760	733	820	814	175	181	186	185	197	198	158	191	206
14:18:37	344	342	287	404	402	396	377	317	335	373	355	321	765	816	749	324	318	324	341	336	319	392	383	413	379	316	347	327	320	330	474	490	500	369	382	421	1853	1999	1725	185	180	175	208	189	219	183	188	162	1474	1552	1627	696	869	912	503	568	552	894	971	956	358	372	395	246	273	262	233	247	235	347	276	359	254	233	231	410	415	428	426	471	454	688	753	789	731	812	806	200	182	173	175	173	189	178	204	176
14:28:37	338	325	340	380	388	400	352	351	314	359	339	341	729	795	750	320	323	331	331	332	350	416	377	377	294	367	369	352	349	306	488	519	462	408	414	371	1950	2055	1766	195	188	188	177	189	178	201	178	198	1474	1642	1643	727	901	883	554	581	546	881	992	952	328	381	414	256	259	279	252	262	245	330	323	339	241	271	246	374	423	435	431	504	518	686	771	776	746	786	811	190	194	214	197	200	213	198	174	197
14:38:37	368	341	320	405	384	407	350	337	341	355	350	339	720	820	805	350	308	312	297	323	316	428	411	408	340	388	343	332	331	315	494	504	507	380	382	383	1954	1974	1789	176	211	211	176	175	212	212	184	192	1522	1614	1660	718	912	915	529	540	549	922	970	966	367	409	399	273	270	251	254	241	256	330	309	318	252	260	267	396	418	402	474	495	454	703	811	731	703	781	817	174	190	183	199	184	161	181	205	177
14:48:37	375	320	345	386	400	403	357	348	340	366	356	353	696	793	762	317	356	313	341	329	313	403	403	422	356	350	353	334	321	323	516	513	463	407	421	375	2014	2022	1824	201	195	173	175	189	168	200	184	195	1440	1603	1631	731	931	878	529	534	608	884	991	949	379	400	394	246	260	282	275	270	245	334	328	317	249	267	253	375	432	427	419	496	487	689	778	741	735	795	802	200	218	195	168	207	205	165	174	179
14:58:37	362	348	344	375	388	404	354	353	316	359	377	339	705	767	748	335	329	363	320	344	312	386	371	409	327	366	339	333	337	343	515	482	499	395	423	408	1948	2014	1856	203	234	185	201	177	179	172	198	182	1516	1640	1611	727	913	952	535	545	585	932	985	957	369	395	407	245	269	265	247	231	244	339	338	296	239	269	271	385	448	446	455	466	480	710	790	746	747	803	786	172	184	182	167	181	173	196	173	182
15:08:37	361	363	337	402	411	424	355	331	335	357	322	352	719	766	745	348	353	342	305	316	311	417	381	396	315	375	368	348	374	330	511	496	486	388	379	409	1947	1961	1794	209	198	173	198	191	167	178	178	192	1505	1653	1714	733	969	900	572	583	587	899	978	971	344	384	402	250	280	276	243	233	250	328	323	336	251	256	277	414	426	381	466	453	484	715	792	784	752	781	803	184	150	205	205	190	203	167	166	198
15:18:37	303	336	338	408	392	408	336	351	343	351	343	335	696	823	741	326	353	336	272	312	328	387	415	380	371	351	359	321	336	335	530	496	503	368	394	392	1888	1962	1729	199	190	174	175	171	174	180	164	167	1563	1610	1681	739	900	900	522	590	613	945	1018	978	386	399	385	287	255	264	244	231	223	341	301	312	244	261	251	437	428	423	438	493	533	661	808	772	736	795	827	184	197	187	177	179	205	171	176	175
15:28:37	349	358	339	404	394	387	288	359	343	311	361	337	750	731	775	301	351	352	316	312	324	424	409	379	355	355	333	360	337	326	494	510	505	393	373	412	1931	1997	1750	177	178	197	212	194	182	173	178	180	1542	1700	1690	738	937	966	522	579	594	923	991	1015	374	377	414	252	271	266	243	225	219	302	325	342	231	285	242	391	453	424	458	453	470	692	771	769	702	790	781	185	154	167	200	156	209	176	193	165
15:38:37	347	370	374	356	390	406	337	353	332	339	350	338	752	764	757	321	337	333	326	328	317	433	383	403	369	338	349	330	353	341	478	512	483	391	403	423	1823	1861	1709	153	182	176	164	198	193	209	176	205	1570	1686	1683	739	939	931	529	607	591	971	1023	1007	385	397	421	250	269	262	240	216	241	327	333	356	252	230	246	376	399	438	416	490	517	706	785	769	728	791	802	187	164	180	186	135	177	192	198	185
15:48:37	353	336	336	417	398	390	313	361	325	335	358	348	742	765	728	342	347	331	301	332	328	411	381	387	363	331	368	358	343	330	509	521	510	398	422	377	1854	1912	1771	182	200	183	203	191	180	180	194	176	1568	1700	1728	738	965	981	590	589	581	974	1055	1002	370	394	428	248	259	298	239	246	245	344	317	338	257	254	256	414	398	435	438	451	461	690	828	741	738	793	838	195	199	180	188	173	165	161	171	183
15:58:37	367	349	324	400	404	404	342	343	306	369	340	342	705	714	725	345	343	328	309	333	322	403	411	347	372	363	378	333	317	353	493	503	471	396	406	348	1796	1844	1722	202	196	187	186	187	177	174	180	193	1589	1739	1733	790	956	980	573	586	602	991	1050	1026	389	383	409	300	257	284	246	230	226	357	345	315	251	243	239	419	396	430	451	497	495	716	788	740	751	775	849	203	185	155	193	186	183	196	183	192
16:08:37	348	365	321	400	368	413	325	356	332	364	360	307	719	804	725	323	335	328	326	339	329	429	365	410	329	349	351	337	344	338	520	500	511	370	399	420	1855	1934	1720	173	212	188	181	171	166	205	209	182	1602	1735	1699	791	946	945	604	564	621	966	1029	1018	396	397	440	248	235	305	238	251	211	364	317	349	235	222	287	401	438	438	449	485	505	724	828	793	726	809	799	180	155	176	168	175	191	202	214	183
16:18:37	359	335	340	385	380	392	340	340	290	342	368	322	672	721	763	345	336	359	339	320	316	433	384	422	362	342	341	290	353	301	470	527	476	384	389	392	1848	1914	1713	196	169	186	168	190	209	197	197	194	1597	1688	1752	775	965	981	542	589	605	970	1039	1025	369	363	384	281	287	272	253	225	229	340	346	325	231	247	274	427	450	423	434	514	464	679	829	759	712	763	798	162	169	169	161	159	179	191	166	171
16:28:37	347	329	342	427	389	384	328	345	345	369	364	351	660	717	756	356	356	320	323	340	291	408	415	410	328	382	346	331	320	322	479	503	489	423	392	400	1867	1877	1726	172	174	201	218	213	202	176	213	201	1638	1755	1788	768	963	933	586	624	635	989	1033	1036	345	371	418	267	288	276	281	259	229	331	347	339	251	247	231	416	457	471	423	495	525	696	840	813	770	800	819	175	181	182	205	191	184	176	171	182
16:38:37	379	368	352	395	369	387	355	322	363	362	377	347	737	728	727	350	350	315	302	330	326	400	391	413	358	357	367	349	343	364	494	447	493	380	396	412	1813	1918	1699	179	160	200	182	179	171	191	204	207	1599	1766	1761	788	983	994	531	571	645	991	1055	1052	370	390	409	265	266	228	228	225	235	307	340	356	253	263	245	420	463	454	459	547	476	738	834	767	756	828	803	191	196	180	214	183	191	175	157	190
16:48:37	368	327	344	393	440	421	349	369	359	336	333	362	717	743	740	348	350	325	338	305	299	411	432	410	355	358	360	337	329	330	481	495	483	400	417	405	1759	1777	1725	202	175	178	196	205	203	184	226	209	1620	1738	1735	753	977	973	596	609	620	1015	1073	1062	360	385	413	283	261	270	273	258	253	357	367	328	280	231	250	434	463	410	448	476	492	735	809	837	702	791	818	189	189	207	165	190	170	179	184	188
16:58:37	338	339	347	391	414	357	362	351	367	342	365	342	728	733	688	354	327	347	340	331	324	416	409	398	356	349	377	332	350	310	490	486	533	391	388	391	1787	1769	1673	173	181	192	186	184	207	187	194	191	1658	1746	1775	787	980	1059	590	587	638	1000	1085	1026	384	377	392	241	270	266	268	234	238	343	340	337	255	248	250	420	442	422	460	523	482	766	805	791	771	820	786	193	208	156	163	199	204	184	188	199
17:08:37	337	343	347	384	374	366	299	325	317	340	394	352	729	713	729	363	322	333	312	347	304	422	405	393	379	364	375	318	352	301	513	494	482	387	390	428	1771	1846	1676	183	159	187	213	195	179	195	180	177	1636	1791	1812	791	1015	972	575	597	633	1038	1105	1075	371	381	409	264	279	274	289	251	272	355	315	327	232	221	270	404	432	434	441	546	531	763	834	773	731	775	814	198	191	185	180	184	190	173	185	209
17:18:37	352	344	350	369	368	428	343	344	321	360	337	334	715	701	731	341	374	336	304	354	333	415	362	391	352	366	336	361	356	295	514	496	491	433	389	385	1818	1800	1710	164	215	187	179	173	176	165	169	210	1706	1766	1788	825	1004	997	582	612	646	1030	1081	1038	416	399	413	261	291	269	257	241	230	340	363	337	253	260	243	427	476	438	484	511	506	731	806	818	709	824	792	206	180	193	222	172	158	172	171	175
17:28:37	358	342	325	384	401	423	332	326	329	363	353	324	690	714	722	341	336	347	290	346	316	403	416	436	366	376	387	358	360	339	461	496	487	401	405	400	1764	1790	1656	175	219	184	215	176	148	184	179	188	1701	1842	1814	792	991	1013	579	619	638	1011	1111	1044	365	421	385	253	290	268	262	253	273	329	369	357	248	246	247	404	448	469	425	494	529	773	851	805	765	808	782	186	177	191	171	179	192	217	208	190
17:38:37	353	349	371	387	395	398	367	364	345	365	355	351	710	737	713	303	342	330	326	348	356	442	417	425	345	365	367	351	333	327	477	506	474	419	429	411	1659	1830	1685	184	181	188	179	180	217	160	175	187	1654	1840	1820	846	1005	1022	610	653	662	1032	1121	1069	371	399	416	328	296	283	242	239	230	342	375	321	250	268	264	428	430	437	472	514	492	748	856	808	737	795	788	187	207	215	195	169	189	182	160	201
17:48:37	341	350	380	375	401	392	343	384	349	365	359	317	713	708	714	382	316	366	308	337	342	439	415	409	346	378	382	314	355	375	511	489	474	380	382	428	1704	1717	1690	197	186	183	187	191	175	179	187	205	1712	1809	1805	831	1039	1033	576	648	650	1001	1111	1083	382	353	421	284	273	267	228	238	254	344	356	353	231	281	259	397	453	463	495	528	515	781	878	842	736	809	797	223	193	179	189	196	151	161	179	172
17:58:37	329	382	345	408	392	410	352	354	347	351	378	349	666	720	721	347	358	346	313	321	355	394	406	412	356	367	378	349	340	332	510	494	495	375	395	399	1721	1723	1700	196	203	176	208	168	179	180	149	233	1696	1840	1862	814	1021	1031	607	626	650	1023	1119	1101	372	408	388	291	297	274	261	238	234	334	348	364	273	257	252	408	447	436	444	519	527	799	889	855	752	783	773	182	194	183	180	207	171	183	187	181
18:08:37	342	338	341	405	423	392	370	354	323	343	345	347	722	702	722	373	348	323	342	330	324	412	426	423	379	355	362	328	329	379	499	509	474	371	371	399	1684	1731	1648	198	174	178	211	186	186	164	175	192	1741	1835	1877	804	1025	1033	613	643	651	1045	1107	1108	382	404	417	260	285	277	224	263	238	363	335	380	243	267	216	422	467	451	428	521	499	783	878	825	731	790	823	178	167	198	195	209	192	181	189	174
18:18:37	364	351	321	397	406	421	345	346	333	345	371	341	689	759	682	385	352	340	325	327	332	414	421	392	365	371	376	357	338	338	452	484	499	401	387	382	1657	1712	1663	193	186	210	201	199	171	176	187	186	1722	1842	1873	820	1026	995	633	640	670	1062	1139	1088	385	392	429	265	272	272	244	232	272	361	367	334	288	228	283	423	478	454	485	515	527	767	847	861	763	788	798	201	198	185	191	200	207	171	190	168
18:28:37	374	359	379	424	386	424	339	333	363	369	360	348	700	715	716	367	351	338	351	290	343	394	409	379	388	369	357	353	347	346	500	504	463	405	427	384	1643	1742	1658	202	191	162	188	184	179	201	199	188	1723	1850	1842	827	1043	1075	581	643	679	1047	1151	1125	389	407	392	242	261	274	260	219	233	340	361	359	272	235	238	416	436	456	477	530	544	786	863	858	722	785	811	190	177	171	195	196	181	166	163	201
18:38:37	358	349	354	375	396	391	355	340	345	353	354	328	723	702	720	363	332	342	332	341	354	431	421	417	381	370	377	353	340	326	474	487	484	375	386	365	1613	1723	1631	183	193	191	195	157	162	161	193	176	1750	1830	1876	802	1064	1053	628	623	665	1059	1135	1129	380	391	413	260	275	272	245	206	232	351	343	374	224	240	254	421	456	449	474	514	508	767	860	878	760	780	803	177	221	166	156	198	190	178	179	173
18:48:37	318	309	372	413	427	392	335	324	350	331	328	337	691	706	710	330	337	342	341	347	358	414	441	388	383	364	357	362	344	359	474	491	495	427	386	393	1631	1672	1666	189	189	166	183	188	187	161	169	199	1780	1855	1864	846	1024	1061	633	668	681	1052	1156	1148	388	388	410	275	285	281	232	245	247	347	370	375	269	228	257	464	465	468	485	492	517	809	884	853	748	792	808	191	177	197	189	189	181	154	160	195
18:58:37	346	343	346	381	403	410	338	374	342	331	369	355	690	714	686	351	330	339	318	347	324	395	388	422	370	381	359	318	330	347	512	485	460	431	412	393	1614	1679	1696	196	178	201	192	190	184	223	160	185	1745	1940	1954	886	1063	1038	630	671	667	1084	1183	1148	378	385	434	276	265	306	253	246	249	369	327	365	254	256	266	449	441	484	504	541	545	800	897	854	731	809	795	172	191	179	214	184	220	163	183	198
19:08:37	369	372	370	392	378	393	367	349	334	350	363	354	732	711	704	351	366	333	345	328	329	400	410	399	405	353	371	331	360	363	502	472	509	404	393	391	1639	1663	1659	182	206	165	196	208	201	163	155	179	1769	1883	1905	825	1079	1056	622	655	719	1108	1146	1136	365	437	430	260	284	271	255	248	243	337	376	357	266	253	266	442	466	449	480	536	544	808	899	842	741	814	787	164	158	183	188	188	188	170	175	213
19:18:37	357	346	359	410	385	392	331	348	345	359	338	335	680	708	709	346	349	335	338	294	343	401	421	379	370	385	357	366	336	373	476	483	476	391	411	378	1605	1647	1649	153	170	185	177	204	191	188	213	173	1724	1917	1947	836	1074	1082	667	672	696	1088	1177	1129	396	393	428	280	275	255	282	242	268	347	357	365	263	265	271	437	466	438	476	524	533	792	920	864	721	789	827	164	171	153	172	184	171	192	190	167
19:28:37	341	342	368	394	393	417	314	359	328	366	345	333	679	716	725	368	356	343	301	313	321	388	397	413	368	386	345	362	340	337	490	481	494	434	406	389	1569	1609	1649	181	194	195	206	186	178	193	200	190	1741	1913	1913	882	1073	1041	647	694	714	1114	1174	1095	393	419	423	254	285	300	236	270	239	349	348	353	251	251	226	437	449	458	473	527	525	806	885	872	724	813	832	186	158	181	181	190	191	165	182	182
19:38:37	367	367	366	408	407	386	336	354	369	354	349	348	682	686	695	369	372	357	315	339	303	402	355	393	357	346	376	352	329	349	481	470	470	387	418	371	1522	1609	1645	209	171	195	202	206	191	185	195	209	1765	1985	1933	861	1102	1086	611	647	726	1097	1202	1156	404	404	384	284	286	299	270	231	265	357	331	327	279	266	261	465	469	466	468	572	506	827	892	868	741	797	808	186	184	188	158	165	190	198	175	195
19:48:37	378	362	385	405	398	399	355	345	352	374	352	364	639	701	699	377	343	335	312	355	345	411	399	408	380	368	373	369	336	353	490	461	473	378	378	392	1524	1558	1622	189	187	209	183	187	195	185	194	184	1756	1964	1928	868	1108	1068	644	672	723	1105	1198	1129	381	384	404	283	246	297	270	220	257	366	353	363	255	247	259	408	462	444	485	577	557	803	831	904	761	792	811	192	173	185	175	191	160	180	175	191
19:58:37	347	361	359	372	382	401	343	333	359	341	351	347	693	672	666	361	360	349	330	312	336	413	403	404	402	353	375	341	338	347	514	456	476	396	405	395	1497	1550	1616	166	191	183	189	165	184	187	221	190	1842	1954	1993	862	1124	1089	663	678	708	1090	1250	1171	403	420	421	240	290	296	248	228	241	370	364	340	278	246	232	417	470	467	468	536	548	798	945	888	734	812	801	177	161	173	202	190	175	159	161	199
20:08:37	339	349	343	391	375	390	322	350	380	350	352	346	673	664	716	356	337	327	328	350	316	422	389	401	374	363	373	329	345	347	500	487	471	399	407	411	1437	1478	1584	170	158	231	218	201	168	194	183	150	1782	1989	1958	871	1045	1119	662	674	686	1138	1228	1214	388	403	391	296	297	277	220	270	252	381	347	345	250	281	239	395	458	453	461	576	534	818	938	874	745	814	817	179	191	201	195	183	192	174	186	184
20:18:37	365	349	357	366	403	409	342	332	336	371	356	357	688	697	671	350	350	346	320	341	295	416	385	412	373	365	371	315	354	371	506	530	448	403	389	391	1404	1486	1586	193	201	175	188	189	187	195	164	203	1818	2005	1988	850	1134	1105	679	703	719	1126	1218	1242	385	392	412	236	280	272	239	225	238	382	373	370	244	249	260	414	460	465	501	562	547	847	960	888	729	816	764	188	171	162	153	182	204	168	197	195
20:28:37	321	354	379	388	359	395	345	345	335	372	327	317	650	684	691	337	337	314	315	345	320	392	410	359	371	374	399	360	331	339	478	477	486	428	382	379	1370	1450	1585	218	196	187	209	192	189	211	198	208	1817	1990	2001	876	1111	1093	648	706	716	1135	1234	1204	382	406	432	284	301	267	244	244	245	367	353	341	266	235	275	440	450	462	439	520	553	829	936	879	744	814	831	193	176	169	183	185	173	190	171	202
20:38:37	345	360	366	393	390	393	352	344	379	360	377	311	633	635	671	330	332	343	354	312	341	388	434	393	346	372	395	375	345	333	447	474	478	394	386	364	1328	1392	1597	196	168	177	187	176	172	194	162	183	1853	2023	1970	867	1115	1093	668	752	710	1128	1226	1228	375	382	423	263	272	284	261	239	240	322	379	362	289	264	249	406	471	447	467	555	535	822	944	889	729	794	766	172	191	201	165	177	182	181	165	167
20:48:37	323	352	379	377	372	396	353	336	344	340	331	344	647	654	668	289	350	332	336	340	315	413	401	381	358	350	374	346	336	328	476	480	495	380	377	399	1295	1391	1571	189	210	196	173	194	186	191	171	180	1878	2023	2045	872	1123	1107	656	737	747	1163	1275	1217	397	397	430	256	290	285	245	226	234	376	367	376	260	225	260	430	490	457	504	541	553	860	922	880	743	814	758	212	193	172	174	177	177	174	183	171
20:58:37	392	360	369	387	408	392	341	299	357	325	365	341	594	640	621	363	330	329	328	355	323	407	388	389	376	392	364	369	348	330	452	482	463	401	405	392	1311	1353	1544	206	196	205	182	199	188	188	181	186	1883	2007	2045	875	1119	1116	689	712	744	1145	1270	1214	387	397	396	276	314	290	239	265	270	351	350	383	249	245	260	439	489	441	490	553	571	844	946	888	739	784	806	201	141	163	192	172	166	191	173	163
21:08:37	383	326	358	379	364	392	362	335	331	331	352	340	625	635	666	342	371	339	350	380	351	389	402	382	369	372	370	367	338	385	491	435	490	390	411	381	1262	1301	1567	179	198	212	212	175	190	196	172	178	1859	2034	2054	892	1144	1147	672	711	723	1180	1289	1245	392	434	419	295	298	277	274	239	234	336	359	375	275	255	270	458	472	471	497	567	568	863	948	907	706	819	791	183	145	206	193	176	204	194	181	163
21:18:37	348	344	362	366	349	386	332	363	327	352	354	345	599	583	653	353	328	334	332	308	342	396	366	393	338	371	378	351	353	333	468	463	447	365	385	385	1273	1271	1493	178	175	184	173	180	167	187	175	195	1874	2010	2062	902	1130	1146	704	725	758	1158	1262	1222	396	403	416	297	288	291	273	280	258	319	369	390	257	276	256	413	485	440	481	569	549	806	911	905	701	838	784	185	172	167	167	167	204	176	177	197
21:28:37	376	355	344	389	395	392	338	344	361	370	344	331	603	606	609	344	360	356	344	342	308	394	405	416	384	398	350	368	361	347	482	459	491	388	386	382	1197	1243	1486	188	210	181	180	180	185	201	199	197	1883	2056	2057	867	1138	1132	695	733	727	1200	1309	1263	395	367	408	256	268	275	238	259	241	370	385	366	253	231	256	448	456	461	479	569	556	865	946	867	741	797	794	178	175	181	173	177	154	183	162	190
21:38:37	386	349	373	355	377	356	331	334	355	326	336	293	560	601	643	361	353	334	322	325	333	386	369	386	377	387	379	376	339	361	449	466	501	394	366	373	1183	1256	1464	214	189	211	158	207	182	171	171	217	1876	2051	2053	948	1173	1151	694	727	739	1188	1326	1261	383	429	399	267	290	295	263	236	263	369	372	398	274	247	264	406	465	440	472	530	583	836	920	907	748	778	809	192	186	192	167	190	189	169	189	197
21:48:37	400	345	343	362	387	360	330	332	314	346	336	331	583	586	588	358	334	329	321	363	344	394	404	363	388	362	365	357	364	338	454	475	444	398	383	378	1100	1179	1432	183	174	171	167	162	164	191	160	187	1861	2068	2095	900	1144	1177	704	708	745	1216	1304	1257	372	422	400	288	283	291	242	226	269	387	393	393	256	260	261	465	475	444	491	571	550	862	975	951	765	812	802	186	191	181	198	205	208	178	189	143
0:00:00																																																																																																
0:00:00																																																																																																
0:00:00																																																																																																
0:00:00																																																																																																
0:00:00																																																																																																
0:00:00																																																																																																
0:00:00																																																																																																
0:00:00																																																																																																
0:00:00																																																																																																
0:00:00																																																																																																
0:00:00																																																																																																
0:00:00																																																																																																
0:00:00																																																																																																
0:00:00																																																																																																
0:00:00																																																																																																
0:00:00																																																																																																
0:00:00																																																																																																
0:00:00																																																																																																
0:00:00																																																																																																
0:00:00																																																																																																
0:00:00																																																																																																
0:00:00																																																																																																
0:00:00																																																																																																

