EGFP:488,507[2]

Kinetic read	A1	A2	A3	A4	A5	A6	A7	A8	A9	A10	A11	A12	B1	B2	B3	B4	B5	B6	B7	B8	B9	B10	B11	B12	C1	C2	C3	C4	C5	C6	C7	C8	C9	C10	C11	C12	D1	D2	D3	D4	D5	D6	D7	D8	D9	D10	D11	D12	E1	E2	E3	E4	E5	E6	E7	E8	E9	E10	E11	E12	F1	F2	F3	F4	F5	F6	F7	F8	F9	F10	F11	F12	G1	G2	G3	G4	G5	G6	G7	G8	G9	G10	G11	G12	H1	H2	H3	H4	H5	H6	H7	H8	H9	H10	H11	H12
0:09:18	3161	3248	3259	3214	3181	3261	3093	3172	3101	3140	3027	2960	3361	3586	3511	3181	3222	3163	3237	3103	3149	3227	3269	3118	3211	3212	3131	3096	3215	3217	3259	3465	3295	3232	3269	3063	4676	5859	4962	3158	2911	3190	3001	3069	3017	3058	3034	3040	3207	3117	3186	3419	3175	3439	3225	3179	3155	3049	3115	3014	4489	3407	4553	3102	3196	3261	3238	3111	3152	3158	3224	3218	3075	3196	3204	3025	3091	3173	3185	3187	3309	3228	3370	3154	6806	7695	7751	3037	2943	2951	3020	3022	2940	3009	2898	2932
0:19:18	3319	3216	3219	3236	3331	3240	3179	3179	3075	3361	3088	3041	3423	4380	3816	3290	3265	3143	3267	3208	3139	3487	3328	3184	3037	3302	3274	3225	3086	3115	3449	3435	3647	3197	3162	3195	4787	6933	5500	3002	3073	3035	3041	3075	3111	2983	3004	2923	3285	3149	3274	3503	3464	3525	3304	3223	3102	3285	3126	3230	4590	3526	4506	3180	3309	3231	3150	3151	3209	3241	3277	3258	3084	3146	3173	3120	3193	3210	3678	3257	3275	3155	3206	3192	4863	10175	9792	3021	2982	2869	3121	2995	2969	3053	2901	2724
0:29:18	3367	3274	3047	3344	3430	3492	3074	3040	2968	3279	3133	3019	3612	4346	4356	3183	3322	3007	3186	3201	3235	3554	3188	3303	3144	3357	3296	3224	3091	3256	3697	3609	3560	3324	3410	3201	5195	8636	7062	3000	3158	3060	3102	3055	2977	2887	3005	3154	3312	3276	3303	3616	3787	3439	3180	3233	3107	3116	3165	3161	4662	3645	3680	3096	3194	3082	3276	3139	3238	3190	3109	3328	3259	3227	3187	3134	3190	3142	3602	3354	3271	3306	3272	3192	4556	10273	10493	2937	2884	2845	2987	3010	3043	2932	3032	2995
0:39:18	3340	3272	3135	3320	3363	3463	3241	3132	3222	3152	3136	3213	3749	4100	4430	3142	3229	3219	3106	3235	3190	3414	3126	3112	3284	3230	3193	3272	3325	3222	3756	3542	3745	3071	3295	3310	5307	9287	8144	3058	3140	3022	2971	2922	3045	2972	3089	3088	3261	3070	3380	3691	3877	3621	3087	3308	3147	3353	3277	3237	4547	3573	3551	3275	3142	3168	3297	3083	3266	3256	3397	3250	3221	3299	3333	3096	3148	3138	3250	3318	3458	3263	3172	3200	4663	10582	10377	3019	2861	2993	3035	2894	2908	2908	3047	2844
0:49:18	3219	3117	3363	3345	3387	3447	3117	3194	3044	3196	3163	3154	3763	3863	4548	3217	3264	3159	3358	3195	3198	3400	3224	3140	3084	3252	3082	3174	3158	3046	3718	3348	3482	3161	3280	3153	5467	8038	8639	3086	3075	3078	2959	3038	3033	3014	2936	3154	3372	3349	3331	3502	3401	3611	3176	3090	3239	3225	3247	3328	4278	3728	3839	3280	3295	3260	3207	3210	3101	3162	3231	3344	3117	3212	3301	3251	3157	3248	3345	3282	3549	3203	3265	3340	4639	9676	8804	3029	2925	2927	2901	2843	2913	2978	3109	2929
0:59:18	3322	3192	3270	3249	3275	3508	3194	3166	3098	3130	3163	2979	3803	3784	4568	3452	3205	3217	3094	3258	3096	3355	3177	3239	3191	3251	3320	3284	3181	3336	3533	3404	3341	3344	3309	3375	5447	7236	8982	3149	3003	3003	3157	3161	3062	2987	3081	3037	3440	3452	3468	3369	3574	3603	3160	3203	3198	3424	3512	3367	4211	3809	3579	3165	3223	3077	3209	3058	3124	3133	3269	3222	3095	3215	3238	3057	3246	3237	3330	3191	3352	3266	3585	3534	5066	7346	6573	3072	2863	3015	2979	2977	3036	2940	2924	3000
1:09:18	3357	3331	3389	3320	3328	3335	3166	3161	3298	3096	3094	3152	3894	3974	4066	3321	3208	3302	3245	3340	3104	3302	3292	3226	3269	3275	3245	3250	3248	3142	3416	3481	3435	3326	3259	3395	5625	6689	8899	3097	3018	3157	3041	3130	3039	3023	3023	2927	3502	3538	3718	3361	3738	3758	3155	3332	3192	3622	3581	3500	4224	3616	4029	3255	3077	3248	3115	3230	3300	3253	3256	3225	3215	3239	3417	3189	3187	3223	3427	3387	3330	3442	3529	3459	5146	6889	7310	2984	2977	2965	3008	2943	3096	2940	3077	2941
1:19:18	3386	3299	3235	3397	3325	3425	3206	3205	3192	3021	3068	3042	4119	4075	4223	3283	3308	3080	3237	3103	3381	3301	3309	3184	3237	3233	3287	3273	3079	3093	3617	3618	3525	3480	3319	3439	6092	7009	7259	3136	3033	3088	3156	3071	3060	3107	2945	3026	3841	3857	4099	4075	3970	3965	3200	3282	3237	3619	3765	3730	4094	3907	4028	3281	3319	3230	3187	3252	3040	3249	3445	3300	3269	3280	3079	3313	3281	3223	3313	3441	3532	3552	3626	3556	5498	7051	7040	3022	2931	3151	2864	3008	2981	2966	2934	3053
1:29:18	3375	3193	3312	3324	3447	3408	3210	3250	3071	3125	3134	3206	3909	4173	4006	3299	3289	3236	3247	3360	3216	3237	3322	3261	3392	3310	3313	3362	3160	3171	3669	3499	3476	3458	3336	3415	6231	7312	6693	2960	3117	3009	2975	3013	3074	2994	3105	3093	3895	3895	4147	3764	4139	4111	3458	3438	3218	3874	3863	4004	4185	3966	4125	3320	3240	3151	3292	3240	3247	3384	3430	3304	3287	3251	3285	3229	3315	3213	3367	3496	3608	3612	3770	3731	5581	7088	8485	3135	2969	3024	2920	3076	3128	2897	3025	2946
1:39:18	3193	3463	3274	3375	3526	3334	3080	3145	3241	3111	3140	3097	4208	4244	4118	3311	3415	3089	3253	3041	3289	3392	3488	3179	3379	3295	3188	3542	3264	3144	3601	3562	3446	3370	3373	3385	6969	7174	6519	3042	3071	2940	3143	2952	3002	2958	3106	3105	4229	4275	4538	4009	4381	4494	3453	3470	3434	4036	4359	4125	4346	4106	4304	3258	3365	3279	3328	3300	3080	3488	3454	3399	3317	3334	3445	3218	3270	3178	3716	3738	3619	4054	4066	3896	6004	7169	7552	2927	3026	2995	3001	3047	2901	2932	2848	2966
1:49:18	3378	3395	3348	3422	3609	3302	3073	3154	3274	3307	3116	3074	4394	4529	4248	3361	3420	3280	3189	3256	3217	3506	3534	3328	3284	3215	3238	3381	3399	3210	3466	3459	3510	3299	3384	3385	7484	7619	6421	3017	3087	2835	3119	3004	2914	2961	2972	3047	4471	4545	4859	4177	4598	4499	3431	3577	3478	4179	4473	4330	4077	4261	4235	3308	3273	3270	3254	3115	3246	3221	3355	3606	3169	3336	3233	3367	3400	3277	3678	3739	3614	3890	4051	4101	6043	7449	7979	3136	3062	2896	2981	2924	3134	3046	2827	3025
1:59:18	3462	3355	3424	3479	3369	3381	3183	3296	3227	3263	2970	3077	4441	4180	4302	3395	3210	3197	3124	3229	3146	3285	3697	3379	3385	3431	3282	3278	3313	3069	3653	3608	3491	3619	3399	3445	7809	8355	6448	3002	3070	3022	3077	3041	3116	2969	3143	2971	4821	4819	5103	4301	5545	4496	3404	3476	3548	4565	4868	4574	4276	4327	4575	3461	3214	3392	3142	3109	3177	3505	3474	3467	3267	3440	3445	3221	3452	3360	3647	3577	3901	4092	4368	4220	6224	7626	9093	2888	2989	2908	3065	2876	3133	3205	2989	2917
2:09:18	3350	3338	3265	3445	3685	3377	3139	3302	3450	3355	3075	2995	4451	4601	4630	3398	3350	3104	3291	3261	3273	3411	3262	3246	3339	3377	3390	3397	3351	3146	3647	3595	3713	3450	3655	3485	8063	9025	6749	3094	3128	3030	3033	3045	2927	2949	3025	3020	5064	5225	5802	4456	6458	4762	3695	3667	3670	4895	4844	4691	4764	4569	4444	3398	3404	3446	3344	3167	3114	3415	3526	3425	3224	3432	3328	3489	3508	3447	3734	4081	3750	4174	4595	4528	6817	9673	8015	3017	2998	3035	2920	3008	3056	2920	2853	2982
2:19:18	3414	3461	3323	3545	3666	3545	3268	3285	3308	3303	3093	3074	4628	4588	4509	3448	3411	3276	3192	3340	3334	3466	3446	3310	3334	3306	3339	3166	3355	3150	3773	3710	3656	3639	3674	3519	8608	8533	7027	3110	3084	3080	2890	3238	3185	3018	3017	3105	5549	5662	7206	4892	4529	4957	3746	3685	3824	4946	5176	5001	4364	4484	4531	3375	3465	3289	3275	3409	3194	3626	3490	3520	3197	3388	3182	3344	3517	3425	3841	3963	3942	4389	4688	4552	6977	10821	8351	2856	2982	2886	3110	2876	2971	2900	3029	2999
2:29:18	3382	3338	3440	3646	3386	3560	3194	3313	3347	3286	3121	3116	4716	4879	4642	3515	3393	3365	3299	3382	3221	3321	3575	3335	3201	3481	3470	3173	3237	3214	3905	3810	3579	3585	3667	3527	9110	9070	7601	2946	3079	3068	2965	3061	3048	2989	3071	3028	5963	6091	7209	4785	5441	5359	3730	3830	3889	5079	5322	5248	6127	4894	4606	3367	3460	3505	3158	3328	3249	3651	3526	3578	3108	3363	3154	3369	3538	3566	3697	4101	4280	4584	5024	4869	7384	8472	8956	3012	2970	2971	2888	2885	3014	3036	2967	3000
2:39:18	3389	3457	3420	3615	3497	3508	3169	3357	3383	3221	3163	3276	5081	4841	4796	3543	3479	3176	3168	3383	3315	3538	3524	3241	3213	3390	3398	3269	3295	3199	3763	3842	3754	3639	3692	3611	9601	10108	8021	2985	3019	3063	3006	3032	3008	3038	3071	3131	6326	6317	6493	4892	5286	5436	3791	3766	4014	5282	5658	5398	5667	4994	4749	3336	3481	3437	3269	3254	3334	3646	3553	3700	3259	3279	3361	3567	3588	3549	4056	4097	4328	4568	5283	5097	7409	8272	9235	3028	2973	3041	2782	2943	3050	2964	2864	2993
2:49:18	3422	3485	3428	3468	3499	3462	3270	3321	3300	3510	3096	3124	5135	4998	5156	3473	3378	3260	3166	3372	3410	3589	3618	3430	3333	3148	3399	3197	3427	3103	3965	3861	3644	3817	3584	3623	10106	10693	8262	3122	3116	3044	3075	3114	2999	3019	2994	2911	6616	6841	7517	5082	5376	5479	4026	3998	3935	5647	5789	5587	6135	4828	4871	3461	3556	3426	3298	3283	3219	3794	3670	3485	3272	3270	3336	3596	3684	3670	4015	4381	4502	4774	5354	5282	7933	8444	9023	2993	2950	2855	2931	2871	2998	2858	2881	2992
2:59:18	3321	3424	3523	3588	3634	3548	3229	3259	3365	3334	3133	3193	5249	5180	5263	3379	3549	3275	3376	3360	3292	3405	3558	3275	3426	3185	3325	3309	3240	3172	4024	3812	3689	3719	3622	3582	10547	10731	8759	3157	2978	3046	2974	2921	2986	3014	2970	3034	6951	7151	6993	5003	5495	5646	3869	3924	4073	5819	6109	6204	5996	4778	4789	3577	3551	3469	3480	3388	3242	3789	3638	3885	3280	3150	3324	3767	3777	3687	3966	4299	4320	4915	5597	5597	8187	8666	8896	3039	2944	3016	3021	2912	2943	2958	2952	2998
3:09:18	3270	3411	3488	3471	3461	3535	3337	3362	3116	3353	3085	3106	5221	5285	5335	3359	3431	3216	3291	3383	3329	3507	3567	3397	3317	3347	3422	3311	3315	3164	4131	4001	3776	3743	3629	3761	10988	11519	8935	2854	3023	3054	3053	2978	2916	3060	2997	2986	7346	7499	7426	4759	5650	5684	4063	4244	4111	6052	6183	6127	6058	5004	5051	3538	3595	3417	3313	3167	3283	3827	3768	3770	3346	3253	3454	3677	3741	3757	4155	4497	4581	5095	5718	5532	8718	8733	8986	2983	2961	2928	2928	2938	3066	2959	2999	3002
3:19:18	3375	3511	3299	3429	3626	3562	3233	3367	3305	3312	3152	3264	5388	5475	5547	3400	3445	3366	3458	3357	3338	3400	3700	3355	3399	3336	3475	3170	3371	3269	3959	3993	3643	3758	3672	3552	11797	12424	9579	2885	3049	2963	3022	3144	3090	3082	3006	3051	7486	7938	7923	5908	5769	6022	4110	4116	4213	5939	6311	6261	4811	5214	5065	3477	3652	3486	3273	3268	3301	3577	3736	3772	3279	3418	3303	3793	3830	3863	4320	4518	4642	5366	5891	5517	8630	9317	8999	3155	2834	3008	3007	2894	2962	2922	2869	2889
3:29:18	3347	3356	3440	3697	3687	3589	3262	3223	3257	3163	3306	3198	5492	5611	5633	3388	3311	3419	3439	3285	3475	3642	3825	3389	3271	3321	3476	3306	3283	3152	3848	4133	3893	3738	3783	3564	12437	13267	10018	2993	2958	3019	2970	3028	2954	2960	3033	3047	7877	8089	7981	5169	6041	6041	4059	4432	4264	6003	6725	6591	5471	5186	5213	3592	3590	3539	3268	3210	3329	3814	3751	3791	3394	3312	3445	3816	4029	3965	4405	4738	4817	5494	5889	5871	9092	9500	9543	3057	3011	2939	2823	3044	2971	2921	2894	2996
3:39:18	3474	3446	3320	3616	3836	3851	3331	3359	3348	3274	3202	3284	6019	5951	5798	3337	3358	3231	3297	3433	3483	3686	3632	3368	3348	3204	3509	3242	3374	3207	3969	4098	3952	3813	3711	3838	13428	14168	10673	3015	3045	2987	3048	3032	3037	3167	2916	2979	8230	8346	8257	5294	6118	6225	4382	4284	4388	6456	6865	6652	5335	5185	5266	3542	3649	3539	3366	3483	3422	3904	3748	3947	3343	3403	3483	3889	3996	3964	4552	4779	4795	5577	6237	5728	8874	9839	9711	3005	2966	2966	3091	2869	2975	2930	2852	2850
3:49:18	3510	3276	3523	3725	3679	3758	3183	3167	3296	3364	3197	3311	6008	6017	6138	3463	3448	3414	3235	3442	3518	3530	3659	3564	3542	3387	3490	3316	3350	3228	4161	4135	4018	3878	3882	3805	14051	14715	11115	3053	2959	3143	3111	3028	2930	2904	3073	3045	8476	8992	8780	5399	6432	6448	4409	4476	4286	6786	7168	6845	5572	5278	5403	3435	3649	3716	3376	3461	3250	3944	3716	3730	3305	3322	3530	3868	4106	4140	4501	4807	4834	5690	6412	6082	8877	9977	10076	3017	3040	2926	3005	2824	2939	2984	2836	2853
3:59:18	3312	3258	3281	3698	3779	3680	3273	3242	3187	3372	3275	3356	6317	6488	6247	3420	3354	3268	3480	3417	3375	3880	3672	3565	3461	3382	3445	3391	3224	3267	4197	4282	4036	3992	3865	3876	14839	16182	11893	3034	3050	2996	3060	2953	2998	2989	2964	3059	8789	9295	9136	5629	6377	6394	4250	4625	4461	6622	7431	6918	5616	5410	5510	3629	3739	3601	3360	3393	3323	3965	4090	4000	3315	3361	3382	3881	4173	4111	4594	4985	4876	5844	6336	6210	9171	10380	10281	3090	2947	3048	3021	3032	3185	2889	2987	2848
4:09:18	3424	3460	3518	3760	3799	3832	3350	3286	3200	3441	3325	3296	6567	6852	6572	3377	3501	3534	3346	3351	3405	3799	3709	3505	3353	3335	3505	3315	3230	3303	4083	4380	4161	3833	3896	3783	15797	16637	12229	2895	3042	3006	3074	2950	3086	3053	2973	3159	9020	9318	9311	6024	6616	6593	4378	4436	4327	7037	7317	7219	5664	5412	5659	3711	3607	3651	3420	3328	3351	4065	3942	3932	3528	3503	3427	3940	3988	4277	4609	5022	4851	5898	6420	6380	9281	10627	10248	3015	2825	2904	2997	3034	3088	3012	2930	2911
4:19:18	3311	3343	3425	3923	3941	3834	3379	3329	3333	3557	3393	3186	6691	6945	6901	3509	3334	3460	3365	3416	3516	3729	3990	3682	3318	3453	3450	3209	3326	3356	4304	4212	4332	3865	3997	3826	16826	18279	13252	2951	3023	3016	3064	3070	3016	3035	3051	3070	9638	9873	9708	5978	6989	6781	4608	4640	4537	7191	7665	7460	5586	5549	5581	3649	3693	3519	3440	3448	3347	4027	3908	3910	3462	3458	3459	4002	4263	4236	4544	5062	5009	6228	6911	6445	9594	10733	10625	3004	2957	3049	2846	2878	2975	2989	2832	3005
4:29:18	3427	3525	3478	3875	3987	3969	3216	3345	3153	3484	3402	3369	7076	7427	7047	3385	3414	3557	3438	3564	3365	3888	3969	3696	3396	3338	3461	3242	3294	3425	4586	4500	4223	4039	3921	3912	17864	18918	13808	3080	3049	3072	3071	3059	2916	3037	3062	3057	9771	10156	10128	5919	6957	6944	4515	4744	4709	7306	7740	7209	5705	5561	5780	3560	3654	3768	3437	3479	3454	3963	3978	4118	3260	3209	3678	4143	4208	4223	4537	5125	5193	6257	6911	6727	9587	11087	10968	2894	3035	2924	2973	2971	3028	2944	2958	3018
4:39:18	3361	3539	3662	3874	3957	3943	3378	3290	3394	3356	3438	3473	7396	7813	7179	3507	3605	3419	3365	3378	3247	3960	4040	3723	3403	3397	3444	3408	3264	3325	4601	4526	4472	4014	3996	3987	18961	20025	14828	3107	3064	3049	3047	3094	3056	3097	2954	3134	10150	10403	10681	6201	7150	7076	4535	4770	4975	7489	7791	7709	5682	5633	5608	3647	3865	3609	3442	3433	3420	4112	4021	3945	3445	3371	3554	4131	4290	4445	5005	5069	5351	6421	6935	6785	9577	11058	10792	2982	2976	2955	2971	2929	3051	3029	2889	2898
4:49:18	3341	3374	3259	4088	4152	3912	3389	3460	3331	3498	3518	3488	7854	7907	7634	3458	3463	3358	3434	3511	3518	4122	3980	3865	3396	3303	3340	3430	3432	3317	4586	4691	4743	4134	4166	4163	19616	20971	15625	3022	2986	2975	3076	2947	2962	2887	3040	2962	10122	10932	10772	6314	7373	7241	4504	4789	5073	7544	8119	7769	5765	5871	5883	3696	3791	3850	3316	3468	3442	4122	4151	4002	3495	3314	3523	4337	4307	4146	4827	5187	5383	6628	6928	6971	10120	11186	11190	2967	2809	2986	2928	2999	2998	2944	2838	2819
4:59:18	3465	3522	3530	4027	4029	4241	3425	3258	3168	3644	3404	3447	7887	8267	7880	3520	3466	3317	3468	3469	3465	4357	4280	4011	3541	3405	3600	3444	3440	3478	4723	4748	4651	4187	4145	4070	20855	24125	16794	3046	3084	3052	3040	3101	2874	3047	2867	2933	10559	11088	11238	6362	7639	7522	4773	4908	4776	7693	8093	8168	5886	5665	5721	3690	3816	3601	3488	3425	3400	4163	3996	4243	3537	3460	3626	4111	4352	4448	4826	5285	5284	6724	7184	7206	10318	11546	11345	2983	3030	3062	2871	2894	2908	3035	3014	2848
5:09:18	3426	3397	3486	4161	4193	4219	3495	3385	3286	3595	3578	3343	8306	8523	8026	3435	3528	3360	3464	3247	3273	4144	4198	4101	3350	3400	3429	3421	3416	3197	4778	4868	4748	4116	4168	4197	22290	26189	17740	3052	3106	3063	2976	3088	3139	3071	2891	2995	10866	11413	11632	6525	7575	7676	4745	5019	5070	7649	8350	8133	5804	5579	5669	3658	3862	3700	3531	3569	3371	4226	4137	4065	3551	3413	3722	4265	4615	4269	4932	5413	5336	6569	7279	7153	10113	11237	11393	2970	2972	3008	2986	3028	2904	2821	3089	2803
5:19:18	3550	3355	3580	4284	4031	4080	3247	3385	3464	3658	3534	3507	8632	8789	8346	3611	3574	3235	3233	3357	3348	4184	4139	4058	3265	3434	3593	3423	3419	3441	5182	5074	4914	4329	4185	4068	23859	24241	18300	3026	2894	3017	3128	3030	3020	3122	2977	2910	10756	11727	11682	6684	7801	7539	4868	5053	5203	7987	8485	8448	5905	5709	6069	3721	3832	3761	3595	3553	3525	3972	4245	4144	3416	3455	3668	4376	4591	4561	5020	5222	5534	7071	7718	7461	10123	11359	11751	3053	2859	2903	2825	3084	2944	3010	2971	2975
5:29:18	3436	3479	3497	4293	4286	4287	3384	3409	3399	3682	3506	3610	8592	8962	8384	3719	3741	3389	3299	3395	3402	4279	4318	4262	3567	3385	3379	3493	3540	3484	5148	5376	5141	4231	4307	4152	25505	24545	19503	3108	3087	3025	3079	3069	2911	2945	2993	3028	11011	12024	12191	6583	8046	7864	5152	5029	5102	8230	8802	8386	5954	5521	5885	3769	3695	3898	3491	3600	3482	4044	4228	4309	3505	3465	3652	4410	4584	4630	5016	5556	5575	6974	7566	7398	10245	11361	11705	3107	2859	3133	2965	2944	2994	2988	3058	2980
5:39:18	3544	3477	3693	4223	4533	4383	3497	3604	3454	3750	3680	3663	9152	9170	8802	3678	3716	3368	3452	3240	3440	4328	4467	4163	3304	3416	3462	3461	3583	3213	5116	5296	5121	4385	4264	4272	26710	25642	20172	3047	3086	3054	3031	2936	3074	2988	2957	2860	11619	12379	12607	6719	8105	8093	5196	4944	5195	8085	8755	8874	5843	5618	5901	3793	3798	3757	3514	3490	3525	4179	4075	4244	3725	3404	3597	4680	4621	4466	5162	5619	5463	6857	7677	7653	10267	11738	11853	2906	2936	2913	2899	2968	3074	2902	2905	3038
5:49:18	3625	3507	3598	4423	4409	4327	3584	3449	3395	3740	3813	3772	9381	9497	9232	3870	3704	3421	3335	3278	3370	4419	4334	4347	3361	3338	3435	3765	3646	3325	5181	5567	5240	4252	4302	4379	28129	26675	20234	3089	3017	2982	3002	3003	2969	3019	3103	3039	11920	13157	12994	6833	8156	8098	4985	5000	5274	8218	9140	8927	5908	6044	5877	3849	3765	3545	3602	3315	3592	4216	4163	4227	3640	3394	3693	4584	4680	4528	5353	5788	5522	7100	7490	7653	10234	11848	11779	2925	3021	2941	3020	2970	3028	2837	2789	2946
5:59:18	3723	3642	3415	4326	4326	4280	3441	3599	3374	3879	3751	3747	9495	9875	9300	3808	3977	3449	3378	3430	3391	4411	4456	4489	3440	3416	3410	3498	3470	3194	5326	5496	5278	4385	4568	4589	29744	27041	21790	3005	3144	3073	2994	3050	3065	2920	2949	3043	11995	12881	13398	7200	8362	8175	5334	5175	5311	8830	9143	9078	5921	5718	5883	3735	3939	4058	3445	3427	3594	4120	4260	4414	3543	3681	3612	4419	4769	4841	5217	5602	5693	7049	7916	7983	10603	11978	12049	2947	2994	3067	2936	2903	2954	3035	2855	2978
6:09:18	3689	3772	3592	4370	4473	4581	3621	3703	3410	3906	3891	3684	10091	10053	9493	3947	3838	3405	3473	3450	3385	4670	4578	4294	3512	3484	3503	3700	3463	3403	5661	5620	5518	4530	4403	4411	30774	27728	23034	2984	3061	2928	3037	3018	3087	3021	2998	3024	12209	13168	13624	6998	8719	8422	5207	5309	5412	8290	9273	9213	5858	5822	6125	3611	3760	3752	3496	3416	3584	4193	4306	4333	3657	3371	3709	4475	4793	4684	5306	5598	5652	7224	8060	8022	10516	11936	12117	2918	2941	2907	2916	2876	2829	3066	2920	2848
6:19:18	3594	3705	3771	4581	4643	4633	3584	3736	3795	3933	3972	3911	9924	10199	9804	3963	3920	3547	3436	3573	3753	4838	4580	4468	3550	3497	3530	3598	3676	3407	5870	5805	5657	4493	4452	4445	31841	28608	23145	3054	3148	3026	3042	3006	2999	3082	3097	2911	12932	13468	13880	7238	8924	8425	5133	5473	5482	8805	9423	9272	5633	5785	5926	3705	3733	3969	3562	3498	3467	4212	4315	4331	3728	3431	3608	4831	4942	4760	5397	5730	5743	7464	8239	8078	10558	12071	12124	3018	2849	2793	3046	3040	3043	2998	2910	2874
6:29:18	3802	3799	3541	4617	4610	4588	3779	3765	3835	4093	3970	3835	10323	10698	10014	4173	4041	3535	3477	3530	3718	4789	4585	4567	3625	3652	3525	3842	3882	3418	5740	5635	5783	4582	4654	4562	32432	28816	24119	3026	2941	3044	2969	3023	3011	2819	3018	3043	13444	14045	14256	7448	8939	8925	5355	5259	5478	8924	9630	9434	5654	5758	6064	3795	3768	3873	3604	3398	3630	4174	4373	4252	3681	3479	3702	4732	4774	4889	5456	5836	5725	7640	8141	7853	11150	12017	12253	2941	2863	2931	2905	2885	2887	2794	2866	2909
6:39:18	3846	3834	3778	4904	4704	4879	3875	3857	3811	4165	4151	3944	10237	10943	10168	4123	3934	3484	3494	3476	3430	4746	4640	4843	3560	3643	3605	3708	3934	3341	5861	5946	5947	4758	4809	4536	34089	29552	24616	3032	3077	2904	3123	3010	2954	3012	2928	3004	13398	14161	14384	7660	9025	8935	5345	5251	5619	8990	9761	9933	6060	5934	5987	3778	3911	3665	3619	3411	3514	4064	4240	4536	3689	3739	3768	4762	5094	4868	5426	5933	5896	7444	8459	8289	10844	11999	12156	2859	2961	2887	2861	2838	2882	2954	2873	2948
6:49:18	4040	3914	3961	5022	4832	4821	3935	3834	3956	4240	4093	4007	10383	10975	10567	4252	4194	3482	3555	3516	3599	4932	4892	4747	3527	3503	3576	3859	3954	3409	6021	5957	5924	4746	4832	4757	34205	29497	25609	3031	2960	2981	3142	3025	3067	2862	2970	3018	13595	14538	14857	7452	9001	9186	5409	5514	5749	9287	10211	9710	5887	5728	6111	3889	3864	3820	3473	3614	3641	4292	4257	4299	3678	3529	3878	4578	5057	4829	5487	5983	5985	7396	8478	8373	11165	12327	12464	2955	2970	2945	2887	2949	2873	3060	2986	2763
6:59:18	3854	3949	3858	5108	4901	5027	3859	3934	4011	4137	4184	4175	10764	11432	10660	4351	4017	3638	3522	3598	3411	5124	4748	4817	3742	3533	3686	4059	4031	3364	6203	6493	6104	4926	5011	4978	33302	29690	26641	3028	3041	2988	2951	3089	3075	2927	2956	2980	14013	14968	14876	7727	9603	9223	5355	5557	5907	9270	9953	10149	5991	6038	6128	3636	3925	3877	3698	3471	3531	4338	4304	4202	3829	3618	3821	5017	5083	5178	5602	6024	5864	7595	8454	8385	10899	12313	12255	2902	2908	3035	2839	3006	3011	2881	2930	3016
7:09:18	4044	3991	3969	4996	4902	4933	4068	3995	4065	4331	4274	4113	10637	11216	10856	4194	4162	3538	3504	3731	3660	4966	5135	5104	3831	3695	3729	4042	3986	3414	6205	6483	6283	4922	4960	4919	34478	29894	27009	3124	2981	3049	3051	2968	2960	3047	2901	3056	14376	14845	15622	7721	9342	9503	5489	5649	5882	9390	10500	10081	5752	5822	5991	3737	3973	3785	3773	3583	3649	4386	4418	4487	3600	3560	3733	5006	5147	5027	5445	6047	6033	7786	8828	8457	11027	12434	12592	2876	2917	2910	2862	2973	3023	2888	2945	2884
7:19:18	4128	4115	4054	5119	4970	5145	4188	4132	4079	4460	4347	4362	10994	11662	11004	4270	4321	3742	3541	3833	3684	5068	5012	4968	3743	3805	3678	4173	4117	3551	6282	6461	6252	4880	5016	4805	34644	29914	27509	3030	3171	3049	2795	2884	2980	2928	2927	3204	14694	15649	15326	7941	9277	9469	5583	5762	5925	9682	10418	10329	5775	6007	6031	3918	3799	3848	3571	3554	3496	4333	4431	4422	3618	3614	3700	4894	5129	5195	5483	6090	6047	7648	8912	8596	11105	12633	12470	3018	2892	2933	2830	2998	2975	3006	2948	3001
7:29:18	4196	4157	4190	5016	5110	5087	4092	4242	4152	4408	4404	4248	11095	11704	11317	4263	4294	3766	3684	3745	3791	5140	5162	5001	3776	3830	3708	4329	4111	3674	6640	6696	6472	5266	5262	5107	34682	30406	28296	3091	3018	3062	3046	3061	3003	3036	3016	3068	14719	15735	16004	7900	9687	10079	5683	5662	5946	9608	10358	10135	5778	6014	6292	3548	3674	3883	3569	3583	3556	4214	4388	4300	3759	3515	3825	5110	5148	5242	5719	6011	6174	7731	8808	8660	11174	12454	12405	2957	2956	2876	2903	2988	2977	2969	2817	3000
7:39:18	4240	4225	4241	5205	5276	5225	4163	4125	4130	4519	4462	4233	11398	12458	11624	4486	4235	3736	3640	3773	3680	5289	5186	5157	3866	3953	3818	4424	4221	3669	6622	6772	6517	5303	5235	4996	35667	30696	30005	3039	3054	2998	3028	3024	3014	2956	2998	2914	14875	16015	15984	8332	10004	9791	5677	5708	6128	9607	10457	10478	5826	5938	6150	3885	4005	3884	3661	3498	3619	4238	4533	4550	3749	3648	3865	5048	5358	5150	5714	6115	6319	8103	8995	8718	11260	12436	12731	2989	3038	3051	2896	3025	2867	2938	2828	2782
7:49:18	4395	4239	4276	5280	5235	5171	4265	4327	4215	4550	4418	4622	11743	12256	11395	4622	4359	4114	3628	3952	3939	5454	5420	5262	3924	4022	3966	4549	4201	3427	6867	6886	6612	5313	5203	5333	35729	30421	30314	2981	3041	3020	2993	3035	3043	3032	2961	3051	15447	16479	16512	8083	9941	10076	5756	6193	6202	9977	10698	10814	5889	6124	6316	3812	3897	3911	3707	3489	3601	4331	4442	4540	3858	3657	3623	5302	5343	5100	5687	6333	6352	8064	8895	8832	11447	12577	12694	2878	2884	2958	2892	2889	3017	2816	2865	2940
7:59:18	4302	4268	4336	5216	5218	5209	4326	4303	4273	4646	4455	4489	11804	12896	11790	4591	4311	3928	3729	3865	3948	5313	5399	5068	3898	4166	4118	4465	4316	3741	6906	6907	6780	5404	5286	5162	35620	30328	28685	3054	3053	2994	2958	2925	2914	3098	3011	3104	15478	16415	16406	8313	10103	10058	5781	6073	6328	10185	10799	10597	5869	5906	6220	3968	3804	3963	3629	3581	3772	4399	4556	4622	3627	3563	3805	5286	5452	5304	5845	6432	6321	8235	8920	8862	11326	12378	12681	3053	2833	2850	2823	2842	2905	2966	2823	2935
8:09:18	4465	4474	4214	5501	5530	5382	4452	4292	4270	4675	4470	4526	11680	13069	12118	4600	4503	3997	4001	3938	3955	5499	5408	5382	4007	4215	4176	4305	4371	3781	6752	6957	6772	5274	5605	5307	35912	31164	29525	3074	2938	3057	2999	3056	2920	2949	2866	3038	15540	16797	17093	8536	10551	10161	6129	6082	6329	10423	11226	10625	5865	5957	6200	3937	3969	3847	3685	3616	3689	4588	4534	4518	3750	3675	3797	5268	5509	5486	5545	6504	6327	8179	9222	9121	11310	12420	12833	3034	3017	2864	3115	3032	2927	2915	2848	2951
8:19:18	4440	4334	4609	5381	5553	5380	4409	4508	4292	4536	4534	4543	11422	13151	12013	4598	4688	4192	3815	4073	3999	5350	5480	5450	4028	4280	4217	4500	4422	3622	7076	7197	6924	5186	5335	5174	37293	30565	29309	3030	3212	2968	3015	3051	3066	2992	2895	3077	15799	17031	17258	8540	10318	10059	5915	6104	6557	10162	11174	10787	5599	6047	6202	3937	3870	3998	3447	3506	3575	4461	4655	4511	3856	3559	3821	5270	5538	5321	5820	6221	6418	8478	9390	9272	11403	12621	12392	3131	2892	2952	2840	2953	3075	2912	2882	2938
8:29:18	4530	4373	4646	5415	5497	5380	4325	4532	4466	4867	4771	4704	11826	13017	11664	4579	4514	4110	3826	4246	4309	5377	5406	5536	4002	4368	4052	4586	4529	3688	7373	7181	6902	5483	5586	5421	37007	30662	29293	3092	2992	2983	2978	2967	2980	3025	2929	2982	16252	17615	17437	8322	10292	10394	6248	6134	6678	10280	11306	11143	5978	6092	6371	3724	3943	3945	3627	3627	3683	4527	4519	4657	3898	3562	3719	5195	5539	5464	5911	6540	6471	8409	9284	9319	11579	12683	12688	3030	3083	2952	2918	2927	2957	3047	2854	2875
8:39:18	4454	4552	4489	5656	5591	5260	4449	4571	4323	4827	4813	4548	11856	13043	12458	4471	4604	4190	3862	4109	4253	5652	5559	5311	4242	4231	4154	4459	4499	3741	7403	7189	7228	5578	5648	5633	35764	30522	29468	2909	2961	3019	3090	3101	3038	2822	2983	2964	16546	18017	17670	8818	10627	10676	6097	6345	6555	10673	11321	11287	5926	6225	6403	3838	3973	3975	3603	3616	3618	4466	4505	4473	3861	3794	3823	5380	5451	5560	5809	6525	6578	8718	9667	9501	11474	12629	12603	2980	2953	2801	2940	2953	2982	2941	2948	2980
8:49:18	4607	4521	4598	5606	5675	5539	4578	4495	4462	4760	4778	4743	11521	13486	12347	4810	4568	4254	3974	4199	4214	5618	5422	5478	4263	4399	4305	4508	4725	3904	7384	7000	7359	5543	5618	5407	36807	31156	29632	3032	3053	2978	3039	3041	3006	3091	2880	3078	16818	18063	18104	8860	10722	10875	6473	6519	6776	10697	11303	11605	5899	6279	6384	3784	4007	3850	3724	3590	3672	4616	4616	4526	3792	3627	3796	5344	5676	5402	5795	6407	6446	8766	9542	9505	11514	12663	12693	2966	3147	2828	2903	2991	2931	2984	2920	2874
8:59:18	4693	4697	4722	5593	5685	5552	4540	4682	4578	4788	4763	4559	12083	13679	12346	4681	4637	4255	3880	4249	4268	5649	5570	5570	4281	4354	4347	4607	4680	3933	7420	6998	7124	5845	5582	5721	36923	30323	29227	3143	3067	2919	2967	3020	3023	3058	2948	2991	16984	18219	18250	8887	10828	10545	6193	6470	6902	10828	11519	11480	5866	5984	6212	3908	4028	3928	3659	3686	3850	4645	4414	4590	3811	3833	3800	5510	5567	5687	5920	6446	6772	8605	9550	9555	11393	12567	12579	3004	2951	2961	2944	3026	2887	2986	2866	2913
9:09:18	4784	4668	4608	5563	5790	5633	4598	4599	4485	4704	4665	4629	11969	14067	11847	4772	4751	4307	4135	4210	4378	5872	5929	5753	4310	4467	4326	4546	4717	4035	7558	7274	7119	5794	5631	5522	35982	30806	29791	3067	2991	2921	3004	3037	2958	2824	2931	3012	17179	18662	18119	8968	10776	11091	6404	6644	6901	10908	11926	11885	6061	6088	6321	3951	4004	3953	3640	3857	3637	4538	4619	4665	3916	3523	3888	5210	5604	5548	5808	6626	6470	8640	9863	9769	11691	12698	12680	2970	3049	3064	2882	2904	2911	2918	2878	3011
9:19:18	4741	4715	4706	5563	5776	5559	4676	4766	4581	4981	4951	4859	12156	13482	12261	4630	4658	4371	4076	4303	4353	5609	5711	5618	4513	4357	4611	4646	4612	4144	7245	7186	7169	5637	5734	5938	35882	30711	29403	3128	2960	2893	3040	2945	3031	2966	2921	2962	17734	18370	18617	9087	11129	11161	6518	6568	6715	11032	11818	11550	5654	6095	6145	3830	4135	3944	3826	3562	3891	4668	4646	4604	3703	3699	3840	5566	5925	5646	5964	6609	6444	8996	9781	9554	11569	12857	12684	2903	2929	2971	2930	2943	2970	3009	2935	2778
9:29:18	4781	4700	4781	5695	5697	5737	4823	4810	4646	4874	4696	4809	12055	13568	12553	4823	4668	4359	4062	4621	4388	5632	5784	5679	4578	4571	4461	4729	4688	4074	7430	7725	7356	5667	5741	5637	34965	30589	29842	3091	2938	3083	3039	2954	3037	2926	2974	2968	17491	18785	19097	9197	11335	11480	6553	6659	6747	11309	11791	11843	5815	6161	6330	4011	3985	4008	3824	3691	3846	4443	4551	4856	3936	3812	3926	5485	5819	5681	6047	6787	6645	8744	9795	9861	11863	12334	12674	2971	2836	3073	2978	2938	3006	2927	2822	2960
9:39:18	4945	4583	4689	5653	5769	5800	4770	4601	4685	5208	4913	4821	12418	13843	12299	4870	4709	4458	4250	4432	4355	5704	5927	5712	4545	4570	4625	4716	4646	4131	7402	7558	7195	5720	5607	5653	35594	30382	29170	2934	2976	2994	3059	2987	2967	2971	2764	2843	17788	19437	19309	9380	11004	11482	6664	6522	7043	11584	11862	12061	5675	6177	6374	3925	4016	3885	3717	3709	3632	4546	4685	4626	3874	3646	3932	5441	5799	5809	6119	6878	6641	8954	10224	9872	11642	12399	12685	2878	2963	2933	2949	3015	3045	2893	2885	2980
9:49:18	4765	4791	4797	5619	5663	5815	4696	4909	4646	5042	4949	4882	12476	13848	12012	4844	4746	4496	4264	4391	4410	5956	6039	5698	4581	4647	4639	4732	5146	4284	7527	7498	7537	5767	5688	5805	35101	30641	29085	3029	3019	2988	3003	2914	3059	3116	2984	2932	18290	19710	19458	9373	11281	11566	6494	6869	6960	11501	12159	11740	5867	6167	6341	4013	3882	3962	3721	3675	3560	4413	4722	4729	3710	3768	3761	5597	5777	5836	6207	6713	6495	9082	10226	9947	11569	12659	12894	2862	2816	2935	2925	2952	2959	3019	2937	2887
9:59:18	4981	4770	4798	5730	5663	5818	4865	4804	4854	4896	4823	4747	11927	13038	12282	4874	4691	4732	4284	4609	4575	5938	5973	5950	4697	4751	4639	4697	4958	4342	7403	7865	7339	5766	5936	5909	35585	30178	28472	2945	3084	2959	3035	2928	2996	2949	3059	2892	18479	19907	19327	9552	11400	11633	6490	6695	7236	11633	12376	12035	5686	6193	6279	3871	3990	3759	3975	3697	3662	4696	4737	4799	3859	3746	4006	5526	5903	5801	6083	6870	6838	9122	10216	10077	11561	12686	12687	3010	2928	2892	2985	2822	2878	2870	2848	2829
10:09:18	4820	4993	4895	5815	5838	5850	4838	4858	4835	5171	5122	4840	11837	13273	12501	4836	4932	4477	4280	4546	4461	5810	6071	5645	4652	4883	4671	4821	4744	4417	7636	7747	7452	5700	5734	5919	35394	30743	29279	2863	3063	3110	3018	3064	3086	3041	3008	2979	18524	19962	19927	9408	11668	11872	6657	6977	7306	11275	12157	12357	5877	6074	6311	3988	3860	3860	3854	3760	3596	4647	4711	4695	3911	3745	3933	5581	5786	5748	6067	6823	6739	9103	10393	9741	11610	12754	12543	3018	2844	2948	2969	2911	3000	2864	2963	2829
10:19:18	5022	4743	4812	5881	5706	5892	4737	4857	4820	4998	5129	4997	11983	13811	12227	4837	4732	4746	4422	4694	4513	5813	5994	5841	4686	4813	4810	4825	4820	4496	7965	8013	7170	5937	5832	5985	35891	30292	29410	3027	3036	2984	2948	2919	2814	3072	3016	2946	18877	20057	20407	9678	11653	11700	6772	6940	7247	11524	12537	12519	5938	6102	6310	3847	3945	3973	3852	3716	3692	4794	4737	4738	3885	3740	3940	5595	5885	5982	6048	7005	6949	9626	10860	10150	11336	12735	13221	2919	2974	2926	2883	2815	2907	2996	2760	2911
10:29:18	5055	4896	4990	5845	5890	5959	4736	4740	4735	5020	5058	4932	12102	13738	12670	5208	4725	4717	4477	4666	4551	6153	5766	5897	4733	4912	4876	4948	4938	4369	7854	8093	7437	5744	5922	5728	35194	30516	29197	3057	2905	2988	2977	3000	2994	3010	2954	3004	19226	20800	20015	9846	12071	12077	6863	7014	7316	11637	12832	12589	5881	6154	6504	3883	4086	3898	3827	3620	3805	4744	4766	4991	3778	3865	3940	5483	6061	6022	6283	6834	6807	9514	10404	10154	11987	12734	12884	2932	2991	2943	2898	3086	2923	2909	2961	2939
10:39:18	4803	4865	4955	6077	5866	5825	5075	4662	4975	5159	5301	4953	12343	13814	12572	4977	4865	4560	4412	4620	4563	6083	5905	5942	4844	5062	5011	4844	4928	4499	7715	7945	7308	5869	5808	5743	33596	30333	29513	3133	2966	2931	2925	2959	3005	2997	2975	2950	19033	20717	21136	9757	12068	12308	7050	6991	7053	11982	12774	12705	5780	6192	6313	3851	4045	3980	3980	3766	3685	4599	4656	4759	3767	3841	3968	5715	5980	5917	6269	7071	6660	9546	10454	10181	11893	12875	12602	2972	3127	2937	2927	2781	2859	2877	2976	2975
10:49:18	4959	4923	4899	5656	5853	5866	4858	5050	4884	5130	5127	4882	12639	13327	12423	4857	4983	4861	4501	4592	4567	5908	5959	5675	4740	4797	4866	4808	4908	4577	8022	7835	7473	5800	5789	5936	34357	30160	28721	2956	3006	2945	3026	3001	2994	3007	3048	2935	19687	21144	20762	9980	11957	12168	6972	7128	7644	11610	12767	12709	5935	6040	6313	3790	3811	4082	3897	3582	3566	4620	4660	4906	3855	3803	4008	5832	6153	6243	6110	6900	7277	9615	10389	10120	12003	12954	12781	2886	2820	2971	2992	2959	3040	3054	2950	2865
10:59:18	5020	4951	4934	5713	5942	5911	4752	4797	4873	5102	5024	4886	12377	13351	12532	5142	5006	4710	4574	4676	4534	5913	6055	5814	4739	4874	4929	4928	5080	4541	7985	8015	7772	5838	5738	6092	33974	30506	29334	2866	2827	3083	3058	2974	2962	2917	2967	3061	19796	20900	21615	9925	12177	12150	7158	7127	7475	12039	12897	12818	6066	6271	6347	3955	4020	4032	3870	3765	3703	4878	4866	4996	3989	3846	3899	5591	6015	6010	6431	6873	6699	9563	10442	10564	11709	12961	13003	3005	2851	3011	2963	2878	2904	2900	2840	2800
11:09:18	4896	4984	4933	6038	5980	5980	4918	4897	4916	4974	5317	4917	12652	13364	12931	4942	4865	4753	4459	4621	4754	5968	6319	5851	4918	5019	4968	4895	5001	4679	8254	7939	7422	6033	6081	5942	34136	30486	29531	2983	2860	2946	2950	2915	2915	2980	2960	3117	20030	21713	21151	9884	12199	12368	7208	7415	7454	12285	13180	12930	5910	6186	6283	4034	4067	3849	3827	3889	3617	4689	4851	4882	4062	3797	4022	5924	6105	5851	6372	7017	6834	9482	10806	10596	11717	12784	13173	2991	2909	2822	2933	2897	2874	3013	2884	2820
11:19:18	5256	5011	5066	5720	5776	6011	4837	5012	4863	5208	5273	4904	12282	13146	12771	5071	4889	4768	4541	4866	4666	6294	5775	6031	4921	4848	5006	5177	4917	4690	8027	8068	7602	5981	6109	6037	34049	30492	28787	3122	2941	3009	3085	2983	2998	3087	3075	2987	19792	22147	21904	10035	12600	12701	7159	7540	7641	12313	13294	13230	5898	6230	6491	4126	4147	3942	3644	3791	3609	4795	4801	4821	3850	3700	3861	5952	6095	6095	6411	7018	6926	9510	11149	10429	11784	12866	13038	2952	2941	2997	3097	2919	3054	2849	3041	2873
11:29:18	5173	4989	5115	5672	5922	6001	4960	5016	4838	5238	5058	5158	12074	13207	12363	4937	4980	4714	4622	4983	4776	6169	6073	6025	4908	5039	5137	4886	5120	4721	7911	7836	7487	5988	6090	6014	33530	31241	28790	2985	3015	3094	3025	2892	2920	2880	2989	3002	20176	22407	21694	10426	12535	12991	7386	7335	7702	12376	13231	13266	6036	6158	6515	4057	4086	4126	3744	3668	3834	4928	4941	4913	4009	3518	4064	5981	6046	6189	6370	7043	6982	9948	10900	10541	11970	12750	12870	2805	2779	2999	3001	3026	3085	2900	2930	2975
11:39:18	5212	4921	5016	6127	5861	5853	5050	4859	5012	5131	5149	5111	11712	12978	12567	4956	4944	4737	4529	4708	4659	6184	6032	5976	4692	5039	4914	5044	5114	4763	8001	7879	7379	6277	5927	6150	32381	30882	28625	3075	3012	2980	3030	2976	2961	2957	3043	2863	20111	22209	21905	10160	12765	12921	7298	7507	7973	12539	13702	13573	6117	6166	6421	3941	4001	3918	3841	3724	3887	4767	4802	4949	3896	3803	4145	5934	6408	6206	6608	7176	6936	9814	10978	10470	11758	12814	12930	3037	2974	2861	2955	2941	2970	2953	2951	2832
11:49:18	5262	5033	5138	6205	5814	6024	5045	5044	4895	5245	4958	5056	11845	13227	12152	5104	4802	4875	4491	4861	4788	6070	6094	5844	4988	5094	5009	5201	5148	4725	7849	7736	7684	5963	6159	5868	34582	30577	29498	2954	3006	3013	3085	2965	3077	3019	2793	3008	20348	22424	22411	10450	12915	12954	7411	7510	7811	12582	13550	13578	5899	6123	6541	4152	4181	4304	3793	3692	3651	4817	5079	5008	3997	3670	3915	6043	6395	6279	6257	7078	7207	9844	11152	10897	11623	12955	12992	2894	2871	2840	2943	2988	2944	2858	3116	2893
11:59:18	5065	5091	5282	5882	6188	6027	4952	4966	4876	5187	5154	5036	12212	13221	12202	5026	5064	4926	4800	4914	4758	6130	6252	5948	5131	5131	5079	5100	5258	4861	7780	7840	7616	6062	5973	5913	34552	30981	28970	2873	3017	2991	3052	3020	3067	2984	3061	3019	20909	22729	22599	10215	12865	13282	7343	7876	7745	12630	13449	13741	5884	6088	6386	3983	4159	4154	3879	3679	3744	4912	5030	4862	3911	3935	3985	6040	6195	6103	6497	7355	7009	10027	10826	10653	11548	12760	12997	2913	2914	2825	2891	3002	3030	2873	2899	2891
12:09:18	5055	5071	5219	5789	5949	5974	4955	4954	5154	5081	5419	5077	12012	13676	12782	5091	4940	5008	4579	4682	4645	6078	6054	6046	5150	5166	5117	5204	4933	5021	7877	8038	7597	5783	5962	5981	34395	30862	28710	2869	3036	3098	2943	2988	3019	2926	3011	3048	20852	22925	23011	10442	12999	13249	7684	7764	7853	12739	13972	13770	5925	6404	6492	4056	4228	3939	3772	3712	3805	4942	4809	5010	3919	3843	4034	6175	6283	6338	6466	7222	7247	10035	11373	11141	11982	12823	12928	2970	2953	2887	3004	2956	3039	2980	2954	2813
12:19:18	5106	5153	5060	5944	6119	6145	4997	5169	5005	5164	5091	5121	11667	12995	12650	5195	5104	4980	4699	4714	4733	6140	6094	5974	4973	5066	5248	5020	4926	4709	7879	7942	7682	5988	5911	6268	34653	31781	28944	2870	3044	3046	3061	2958	3033	3006	2995	3078	21349	22622	23372	10518	13215	12868	7787	7701	8019	12953	14034	13741	5868	6190	6403	4045	4150	3951	4074	3750	3722	4878	5047	5038	3931	3977	3993	5985	6490	6422	6871	7465	7342	10020	11456	10812	11760	13060	12843	2808	2996	2908	2930	2882	2848	2932	3086	2902
12:29:18	5193	5154	5148	5932	6056	6020	5169	5264	5047	5171	5337	5066	11484	13245	12714	5199	4984	4942	4729	4824	4884	6279	6041	6098	5119	5178	5125	5209	5166	4908	8174	7838	7683	5994	5903	6229	33509	30658	28535	2938	3021	2998	3165	3085	3121	2870	2783	2952	21365	23391	23529	10692	13396	13481	7686	7983	8181	13612	14292	13781	5953	6420	6460	3888	4174	4104	3836	3875	3765	4838	5023	4999	3975	3900	4092	6072	6450	6227	6541	7282	7282	10237	11401	11172	11981	12923	12885	3080	2975	2942	2894	2949	3000	2942	2894	3027
12:39:18	5271	5109	5008	6094	6202	6147	5090	4918	4939	5324	5223	5012	11555	13102	12683	4908	5063	4944	4681	5014	4924	6174	6169	6172	5249	5204	5396	5079	5033	4942	8367	8015	7586	6099	6086	6089	33371	32117	28918	2953	2986	2985	3009	3099	3099	3149	3029	3101	21432	23433	23291	10923	13279	13414	7548	7930	8264	13069	14591	14019	5997	6386	6414	3954	4054	4080	3815	3873	3822	4821	4987	5085	4091	3727	4226	6302	6565	6175	6796	7347	7397	10244	11565	11088	12126	12709	12787	2875	2897	2871	2941	2880	2989	2828	2768	2912
12:49:18	5266	5029	5115	5903	6044	5950	5103	5151	4936	5264	5161	5327	11942	13082	12910	5123	4994	4979	4833	5008	4924	6242	6057	6025	5166	5331	5235	5072	5102	4916	7973	8116	7801	6265	5973	6147	32699	30212	28926	3025	3108	3075	3009	2996	3025	2953	2922	3099	22342	23207	23560	10841	13246	13761	7572	8059	8175	13613	14225	14037	6032	6202	6394	4111	4313	4009	3881	3904	3871	4802	5117	5197	4011	3715	4025	6054	6338	6424	6600	7413	7335	10184	11607	10993	11977	12770	13068	2971	2917	3089	2881	3119	2955	2949	2935	2850
12:59:18	5203	5241	5406	5972	6115	6101	5176	5361	5016	5310	5391	5162	11858	13717	12696	5255	5134	4898	4814	4983	4785	6425	5961	6097	5152	5106	5156	5172	5026	4921	8232	8199	7748	6024	6066	6080	32486	31407	28153	3062	3156	3039	3031	2997	2960	2969	2921	2855	22067	23680	24125	11074	13594	13254	7746	7950	8357	13719	14343	14162	5966	6359	6261	4173	4086	4212	3818	3799	3758	4995	4865	4995	3892	3927	4141	6034	6404	6278	6614	7317	7104	10489	11500	11070	12014	12878	12931	2991	2952	2964	2956	2852	2953	2949	2861	3030
13:09:18	5068	5155	5082	6015	5927	6148	5134	5095	5039	5451	5174	5105	11693	13545	12724	5020	5058	5051	4711	4998	4966	6293	6241	6204	5205	5384	5499	5111	5121	5017	8145	8275	8013	6159	5970	6204	33078	31384	28794	2986	3064	2991	3012	3067	2958	2936	3073	2873	22743	23639	24534	11099	13992	13529	7855	8013	8637	13593	14637	14426	5915	6379	6407	3906	4093	4145	3857	3777	3731	5020	4977	5042	4125	4133	3962	6098	6434	6493	6893	7375	7483	10548	11610	11645	11797	12608	13134	2914	2932	2981	2936	2918	2929	2883	2950	2886
13:19:18	5378	5103	5155	5864	6033	6241	5240	5164	5125	5235	5296	5293	11474	13729	12522	5153	5016	4930	4823	5003	5064	6164	6142	6200	5310	5249	5180	5223	5262	4962	8039	8334	7815	6082	6133	6294	33191	31298	28572	3134	2999	2992	3102	2902	3049	2954	2966	3133	22327	24408	24500	10710	13678	13702	7908	8030	8434	13742	14575	14748	5691	6231	6514	4022	4441	4142	3787	3917	3843	4985	5038	5170	4113	3841	3991	6136	6515	6322	6962	7660	7434	10307	11999	11565	11748	12803	13111	2951	3005	2858	2966	3025	2963	2954	2870	2952
13:29:18	5359	5125	5236	6149	6068	6047	5271	5154	5147	5397	5521	5233	11405	13340	12271	5182	5202	4835	4865	4884	4967	6256	6400	6157	5254	5453	5390	5190	5258	4841	8188	8046	7691	6225	5936	6120	33315	31428	28702	3080	2900	3102	3090	2859	2916	3070	2985	3046	22374	23802	24856	11068	13844	13929	8050	8247	8584	13869	14821	14700	5955	6147	6331	4057	4258	4171	3803	3834	3782	5062	5089	5172	3988	3910	4037	6338	6712	6370	6633	7247	7436	10782	11791	11196	11778	12584	13132	3056	2989	2886	2969	2885	3018	2978	2982	2860
13:39:18	5230	5014	5175	6170	6154	6256	5185	5203	5001	5237	5244	5319	12013	13382	12443	5249	5184	5079	4741	5174	4754	6211	6092	5941	5381	5100	5461	5050	4854	4817	8239	8111	7785	5988	6065	6027	33721	31969	28533	2971	2828	3047	3107	3102	2986	2995	2966	2995	22937	24222	25298	10996	14124	14248	8100	8464	8709	14190	14785	14764	5893	6179	6515	4087	4108	4104	3788	3790	3908	4839	5272	5175	3824	3867	3951	6192	6556	6658	6695	7393	7612	10720	12123	11561	12111	12966	13312	2929	2945	2937	2860	2835	2943	2921	2924	2843
13:49:18	5281	4991	5370	6260	6177	6132	5255	4843	5249	5293	5193	5321	11375	13581	12210	4996	5192	5125	4949	4963	4970	6384	6160	6045	5251	5417	5392	5024	5125	4907	8066	8146	7599	6045	5991	6093	32852	33666	28344	3073	2974	3096	3160	2947	2954	2930	3155	3089	22606	24442	24936	11127	13649	14219	7930	8315	8723	13982	15120	14667	6025	6136	6483	4022	4206	4110	3937	3821	3801	5055	5062	5131	4029	3840	4019	6308	6723	6328	6887	7687	7775	10703	11712	11687	11799	12752	13109	2897	3072	3045	2951	2871	2926	2899	2808	2744
13:59:18	5099	5136	5119	6080	6134	6092	5265	5096	5213	5305	5366	5186	11546	13542	12358	5022	5136	4973	4595	4995	5033	6257	6197	6094	5323	5377	5571	5023	5280	5075	8358	8200	7818	6251	6180	6333	33097	32284	28583	2984	2984	3000	2979	2980	2987	3082	2963	3082	23348	24902	25524	11437	13969	14439	8393	8386	9171	14073	15466	15115	5995	6269	6621	3999	4298	4041	3801	3753	3714	5108	5200	5267	3898	3946	4031	6374	6556	6612	6880	7528	7781	10974	12291	11516	11680	12710	13015	2838	2956	2908	2898	3062	2946	2835	2863	2953
14:09:18	5252	5054	5363	6001	6230	6043	5120	5148	5151	5470	5273	5236	11491	13096	12247	5232	5057	5084	4833	5165	5106	6415	6485	6133	5379	5427	5667	5306	5209	5151	8192	8121	7909	6344	6090	6033	31638	32358	28507	3014	2972	3070	3063	2949	3014	2874	2950	3111	23290	25697	25140	11544	14007	14348	8160	8398	9037	14223	15332	15143	6127	6214	6293	3991	4196	4129	3882	3856	3905	4959	5257	5291	3923	3751	4059	6396	6562	6638	6716	7700	7425	10952	12005	11685	12013	13092	12918	3017	2918	2977	2978	2957	2852	2927	2812	2794
14:19:18	5293	5240	5331	6359	6097	6174	5030	5273	5187	5437	5525	5314	11390	12898	12284	5173	5109	4925	4835	4987	4886	6515	6117	6266	5290	5430	5425	5301	5052	4972	8309	7999	7975	6105	6080	6396	30557	31253	28036	3035	3103	3076	3224	3018	3009	3000	2923	2908	23633	25423	25330	11511	14263	14389	8510	8655	8911	14514	15659	15193	5837	6453	6610	4037	4000	4144	3957	3857	3835	5154	5140	5088	4062	3918	4092	6505	6598	6613	7035	7565	7757	10993	12190	11900	11874	13127	12985	2916	2935	2890	2977	2917	2931	2985	2774	3003
14:29:18	5460	5282	5222	5962	6352	6073	5290	5189	5170	5449	5396	5250	11828	12703	12797	5185	5146	5223	4940	5056	4941	6249	6459	6417	5395	5604	5549	5168	5262	5125	8064	7836	7716	6270	6003	6181	31857	31892	28190	3032	3125	3012	2965	3003	2938	2975	2990	2882	23778	25237	25647	11767	14636	14670	8469	8803	8917	14296	15609	15990	5960	6126	6349	4232	4310	4015	3919	3825	3656	4995	5219	5100	4015	3831	4078	6377	6601	6853	6865	7596	7702	11073	12615	12030	12129	12854	12839	2953	2969	2824	2830	2920	2957	2965	2943	2902
14:39:18	5249	5305	5479	5974	6107	6310	5240	5248	5048	5518	5464	5177	11470	13046	12906	5198	5156	5030	4729	5211	5006	6295	6257	6164	5277	5438	5477	5120	5193	5121	8224	7805	7754	6512	6239	6160	31864	31210	28427	2954	3036	2946	3115	3042	2933	2984	2974	2951	23773	25642	25762	11747	14619	14927	8385	8697	8930	15067	15886	15346	6013	6259	6323	3931	4316	4110	3880	3891	3794	5176	5206	5465	3907	3949	3988	6467	6546	6615	6959	7837	7673	11208	12553	12043	11881	13158	13153	2957	2935	2974	2902	2821	2984	2785	2850	2871
14:49:18	5418	5287	5211	6028	6174	6119	5201	5100	5406	5427	5324	5431	11416	12351	12751	5068	5176	5036	4861	5038	4846	6493	6331	6099	5424	5463	5618	5196	5093	5075	8325	7875	7680	6239	6103	6138	33043	32258	28145	2979	3115	3039	3162	3068	3003	2805	2864	3146	24091	25780	26924	11307	14821	14621	8467	8943	9082	14883	15978	15683	5988	6353	6332	4226	4179	4221	3972	3945	3782	5194	5205	5145	4011	3939	4140	6376	6318	6655	6887	7626	7779	11190	12468	12081	11824	12910	12913	2817	2904	2876	3020	2935	2911	2813	2920	2859
14:59:18	5435	5241	5464	6146	6292	6150	5203	5333	5078	5469	5323	5206	11457	12383	12911	5094	5329	5110	4962	5064	5026	6261	6386	6251	5539	5469	5536	5173	5230	5340	8370	7817	7827	6012	6230	6153	32189	31648	28267	2975	2942	2996	3033	2945	2994	2938	3005	3095	24231	25907	26777	11569	14633	14764	8474	8986	9310	14601	16013	15572	5918	6168	6262	4116	4180	4325	3971	3710	3813	5161	5315	5544	3998	4033	4166	6507	6883	6537	6697	7701	7947	10998	12309	12289	12246	12813	13361	2997	3027	2872	2929	2950	3026	2719	2897	2866
15:09:18	5331	5395	5471	6324	6441	6279	5290	5083	5228	5355	5418	5269	11418	11919	12448	5291	5298	5225	4960	5038	5062	6417	6337	6081	5466	5680	5615	5323	5266	5121	8067	7937	7799	5992	6263	6354	32141	30398	28349	3017	3065	2847	3025	3068	2973	2893	3117	2879	24433	26663	26251	11746	14668	14589	8629	8869	9292	14883	16070	15802	5964	6351	6351	4080	4260	4094	3858	3928	3927	5093	5367	5223	3965	3917	4109	6599	6638	6814	6865	7858	7415	11171	12427	12143	11962	13233	12739	3123	2903	2783	2919	2918	3009	2984	2849	2779
15:19:18	5272	5319	5492	6171	6267	6347	5058	5374	5024	5580	5366	5307	11427	12564	12263	5149	5236	5017	4962	4973	4976	6438	6110	6139	5415	5554	5610	5498	5265	5271	8323	7916	8030	6206	6184	6454	30580	31103	28057	2925	2923	2903	2912	2941	3073	2870	3045	3037	24659	26481	26067	11692	14805	14998	8609	8977	9329	14907	15616	16019	5767	6170	6532	4121	4187	4021	4147	3821	3905	5141	5282	5165	3913	3856	3938	6521	6851	6681	7081	7681	8122	11199	12687	12224	11827	13079	13278	2973	2906	2869	2816	2847	2991	2895	2751	2725
15:29:18	5335	5230	5479	6188	6254	6292	5199	5430	5140	5368	5672	5281	10818	11471	12356	5219	5223	5157	4922	5130	5038	6397	6424	6192	5427	5662	5611	5190	5239	5266	7926	7896	7857	6237	6288	6203	31355	31272	28449	3041	3047	2963	2997	2928	3048	2861	2972	3122	24880	26545	26946	12059	15084	14845	9076	9024	9503	15253	16068	15850	6043	6350	6381	4318	4217	4298	3905	3804	3869	5112	5127	5347	4043	3924	4181	6377	6882	6662	7132	7872	7682	11515	12637	12389	11937	13030	13059	3045	2816	2883	2961	3003	2980	2832	2841	2866
15:39:18	5323	5114	5516	6175	6028	6318	5326	5309	5164	5314	5335	5365	11530	11755	12025	5233	5179	5195	4985	5270	5064	6259	6180	6116	5636	5690	5659	5253	5330	5154	7662	7748	7670	6408	6190	6213	29769	29065	27933	2935	3126	3187	2987	3014	3053	2891	2999	3001	24982	26709	27404	11968	15418	15258	8623	9205	9542	15246	16350	15849	5986	6363	6370	4164	4205	4400	3923	3886	3972	5226	5441	5285	4016	3879	4152	6685	6807	6781	7004	7916	7827	11496	12960	12650	12221	12906	13149	2930	2850	2761	2919	2825	3077	2852	2905	2788
15:49:18	5358	5388	5436	6318	6109	6192	5555	5304	5034	5682	5380	5367	11319	11978	11961	5306	5298	5283	5053	5068	5038	6376	6179	6013	5483	5709	5690	5336	5282	5068	8015	7639	8005	6310	6329	6270	29843	29321	27944	3078	3057	3022	3035	3108	3070	3027	2803	3099	25193	26952	27104	12249	15302	14993	8705	9213	9673	15461	16561	16218	5920	6360	6580	4171	4310	4152	4001	3774	3877	5377	5254	5315	3966	3979	4075	6338	7094	6712	7269	7903	7753	11516	12749	12214	11883	13194	13053	3049	3023	2999	2980	2946	2937	2873	2888	2922
15:59:18	5312	5321	5439	6348	6260	6237	5419	5285	5262	5564	5510	5135	11515	11572	11589	5264	5077	5139	5106	5183	5017	6401	6182	6045	5763	5558	5455	5403	5327	5235	7888	7836	7767	6097	6114	6217	28775	28799	27714	2909	3112	3207	3039	3035	3019	2904	3115	3045	25193	26916	27499	12415	15096	15527	8954	9020	9920	15709	16718	16347	5982	6471	6413	4092	4098	4224	3940	3877	3855	5187	5379	5296	3936	3920	4178	6386	7207	6737	7184	7834	7887	11713	12902	12273	12037	12943	12788	2871	2956	2640	2997	2848	3007	2968	2928	2849
16:09:18	5347	5259	5362	6280	6475	5954	5265	5403	5255	5455	5523	5270	11292	12053	11756	5294	5235	5106	4954	5417	5188	6320	6546	6255	5469	5411	5607	5483	5268	5418	7973	7817	7758	6048	6192	6269	30403	29731	27414	2908	2981	3005	3179	2926	2973	3046	3005	2995	25019	27456	27172	12128	15224	15193	8927	9339	9771	15422	16603	16423	6096	6203	6496	4397	4139	4192	3848	3766	3781	5332	5351	5214	4022	4015	4210	6380	6913	6789	7252	8043	7923	11601	12634	12630	11917	12869	13279	2957	2917	2886	2878	2841	3134	2814	2956	2931
16:19:18	5622	5296	5542	6073	6207	6357	5330	5291	5114	5507	5692	5348	10959	11692	11611	5210	5393	4974	4865	5065	5010	6391	6393	6293	5349	5586	5724	5370	5409	5387	8079	7879	7941	6359	6120	6263	30030	30310	27503	2979	2901	3010	3026	2963	2940	2998	3062	2993	25798	27725	27960	12447	15721	15600	8894	9410	9661	15675	17101	16235	6088	6471	6482	4150	4217	4289	3920	3869	3806	5327	5412	5190	4081	3852	4064	6663	6921	6646	7222	8059	7699	11583	13278	12643	11877	12950	13212	2917	2890	2864	2884	2924	2913	2983	2925	2747
16:29:18	5434	5360	5296	6237	6398	6099	5121	5405	5400	5630	5188	5307	10923	11655	11568	5116	5367	5246	5046	5211	4865	6335	6338	6112	5495	5751	5679	5258	5273	5199	8101	8009	7700	6341	6015	6468	30931	28764	28072	2879	2934	2999	2956	2935	3037	3089	2927	2771	25270	27466	28366	12694	15486	15665	9008	9557	9778	15670	17139	16377	5948	6261	6602	4471	4384	4042	4047	3845	3823	5170	5417	5203	4048	3723	4062	6530	7092	7136	7059	8098	8004	11754	13321	12818	11858	12814	13085	2900	2864	2778	2904	2887	2993	2803	2873	2966
16:39:18	5229	5574	5498	6362	6354	6452	5372	5422	5227	5464	5492	5304	11214	11654	11752	5326	5324	5172	4932	5207	5118	6184	6089	6212	5657	5597	5529	5295	5325	5314	8161	7834	7621	6176	6150	6257	28918	29326	27632	2943	3049	2869	3082	3092	3032	3060	2937	2931	26173	28247	27786	12259	16240	15546	9235	9638	10048	15982	16878	16665	6150	6453	6497	4084	4192	4281	4097	3897	3596	5355	5448	5584	4137	4080	4025	6616	6947	6873	7302	8056	8071	11900	13157	13003	11731	12511	13293	2964	2933	2946	2751	2861	2978	2854	2910	2932
16:49:18	5443	5430	5508	6327	6282	6189	5349	5290	5361	5610	5390	5398	11382	11435	11397	5328	5327	5267	4988	5309	5081	6248	6176	6135	5437	5733	5636	5395	5107	5407	7972	7694	7624	6210	6253	6477	27760	28938	28303	3066	3108	3031	3230	2823	2834	3043	3077	2965	26283	28196	28438	12893	15820	15739	9455	9908	9979	16031	16966	16995	5823	6346	6453	4352	4170	4219	3950	3815	4011	5248	5463	5249	4013	3926	4081	6654	6969	7023	7349	8138	8138	11932	13198	12973	11857	12958	13201	3084	2864	2784	2989	2889	2904	2911	2904	2981
16:59:18	5376	5489	5413	6084	6304	6361	5351	5238	5437	5480	5494	5377	11194	11451	11415	5280	5367	5330	5008	5161	4997	6633	6252	6263	5568	5404	5723	5257	5144	5380	7999	7577	7564	6190	6211	6357	26879	28490	27736	2903	3039	3091	3055	2935	2945	2945	2939	3045	25987	28409	28958	12643	16173	15789	9418	9809	10118	16082	17156	17011	6062	6249	6451	4218	4352	4106	4016	3898	3970	5295	5487	5454	3914	3941	4115	6696	6927	6985	7303	7915	8065	12000	13722	12665	12025	13279	13146	2847	2882	3006	3038	2901	2998	3041	2954	2865
17:09:18	5567	5238	5391	6103	6343	6344	5490	5249	5357	5474	5764	5266	11352	11587	11679	5433	5411	5274	5000	5006	5100	6347	6464	6230	5582	5620	5720	5432	5062	5170	7969	7707	7762	6326	6124	6303	28022	28354	27984	3026	2965	3115	3082	3038	2957	2944	2971	3014	26147	28492	29164	12671	16263	15814	9710	9876	10152	16215	17487	17272	5933	6349	6495	4202	4445	4267	3921	3762	3895	5392	5498	5515	3991	3990	4149	6721	7058	7142	7219	8320	8144	12239	13695	12938	12001	12987	13103	2958	2982	2968	2830	2989	2924	2859	2865	2823
17:19:18	5371	5399	5712	6129	6125	6305	5323	5514	5383	5742	5608	5109	11259	11517	11354	5481	5303	5227	5044	5124	5110	6244	6517	6234	5697	5396	5759	5532	5483	5241	7784	7865	7814	6117	6277	6355	28419	28601	27750	3045	2863	3000	3067	2885	2966	2932	3070	3054	26250	28104	29076	12695	16095	15689	9362	9924	9976	16098	17214	17477	6020	6368	6453	4252	4341	4313	4015	3914	3952	5479	5442	5654	4078	4037	4071	6661	6973	6829	7399	8371	8109	12234	13523	13290	11780	12849	13055	2895	2782	3090	2858	2776	2874	2973	2909	2938
17:29:18	5522	5564	5572	6349	6441	6342	5645	5359	5254	5348	5674	5407	11341	11457	11573	5406	5343	5114	5078	5144	5144	6444	6446	6141	5707	5867	5931	5295	5232	5353	7665	7747	7880	6446	6195	6264	27719	28723	27523	2940	3012	3042	2882	2933	2870	2977	2988	3128	26416	28869	28877	12739	15947	15965	9328	9925	10123	16238	17625	17468	6036	6129	6753	4484	4278	4332	3840	3978	3893	5431	5693	5517	4189	3881	4120	6764	7076	7261	7516	8131	8282	12292	13543	12937	11809	13128	13252	3002	2836	2886	2930	2974	2930	2944	2893	2948
17:39:18	5508	5317	5587	6209	6398	6187	5444	5574	5357	5481	5534	5387	11124	11647	11376	5432	5279	5379	4964	5311	5209	6488	6243	6188	5716	5763	5945	5449	5185	5303	7834	7674	7744	6293	6205	6363	27197	28596	27585	3003	2971	3033	2900	2954	2938	2846	2869	2899	26246	29191	29282	12795	16253	16648	9568	10142	10396	16465	17703	17908	6208	6297	6553	4524	4499	4151	3902	3976	3917	5488	5467	5511	4160	3878	4235	6873	7107	6939	7483	8339	8189	12261	13630	12804	11933	12858	13187	2903	3008	2930	3079	2907	2963	2813	2831	2887
17:49:18	5625	5474	5687	6232	6384	6347	5511	5276	5565	5402	5471	5537	11319	11521	11362	5360	5430	5293	5071	5413	5157	6279	6492	6288	5803	5658	5730	5220	5353	5283	7721	7697	7602	6227	6082	6345	27456	28575	27188	2891	3039	2875	2960	2867	2949	3029	3013	2873	26790	29542	29889	12825	16369	16540	9690	10079	10494	16374	18054	17393	5949	6388	6602	4533	4431	4343	3975	3928	3908	5548	5470	5519	4064	4090	4100	6913	7196	6961	7406	8271	8207	12439	13832	13099	11883	13070	13198	2963	2964	3039	2979	2821	2926	2868	2702	2660
17:59:18	5623	5499	5526	6247	6350	6289	5508	5324	5410	5563	5544	5349	11135	11267	11649	5491	5463	5359	5097	5161	5112	6481	6431	6409	5795	5797	5740	5331	5225	5220	7910	7838	7635	6108	6140	6303	27376	28162	26715	3038	3007	3055	2963	3072	2981	2930	2872	3009	27506	29528	29486	12851	16594	16195	9474	10265	10433	16492	18318	17632	6207	6413	6521	4289	4287	4356	3932	3885	3881	5685	5309	5512	4031	3904	4106	6930	7012	7010	7493	8269	8436	12308	13824	13315	12043	12951	13297	2874	2836	2823	3012	2881	2859	2910	2997	2958
18:09:18	5687	5704	5529	6103	6416	6189	5414	5295	5188	5511	5498	5288	11629	11324	11424	5636	5374	5216	5019	5199	5086	6276	6383	6148	5777	5796	5826	5369	5405	5302	7850	7724	7677	6364	6231	6279	26851	27514	27303	2976	2925	2969	2871	3100	2839	2964	2986	2959	27410	29133	29534	13352	16773	16442	9712	10056	10816	16724	17822	17803	5993	6391	6687	4445	4399	4296	3928	4026	3826	5531	5501	5532	3964	3937	4043	7081	7186	7320	7377	8545	8360	12456	13874	13334	12308	13133	13231	3030	2884	2926	2922	2932	2904	2885	2888	2704
18:19:18	5421	5320	5540	6148	6379	6157	5558	5244	5316	5530	5443	5270	11195	11558	11395	5501	5318	5395	5029	5218	5069	6463	6223	6419	5726	5667	5871	5574	5374	5192	7927	7848	7848	6253	6300	6321	27064	27855	26921	2991	2998	2981	2957	3060	2996	2873	2895	3031	27766	29739	30131	12993	17137	16591	9868	10456	10538	16842	17997	17913	5993	6437	6653	4273	4224	4308	3949	3883	3984	5575	5718	5617	4085	3817	4091	6789	7322	7104	7184	8476	8085	12536	14279	13302	11691	12977	13221	2873	2909	2851	2912	2962	2870	2902	2786	2876
18:29:18	5513	5472	5495	6279	6170	6473	5310	5357	5295	5479	5653	5299	10970	11543	11193	5543	5499	5197	5041	5247	4945	6343	6289	6281	5912	5910	5808	5398	5438	5332	7882	7741	7863	6245	6345	6263	26953	27958	27050	2861	2984	3023	2944	3066	2972	2929	2966	3005	27433	30344	29804	13191	16991	16639	9757	10502	10746	17312	18470	18413	6206	6385	6456	4267	4384	4446	3887	3966	3958	5440	5542	5671	4041	3964	4183	6902	7420	7085	7608	8419	8260	12742	14071	13740	11912	12672	13355	2911	2975	2928	2948	2925	2912	2862	2846	2928
18:39:18	5771	5415	5523	6168	6449	6128	5398	5354	5241	5470	5509	5297	10924	11325	11427	5723	5432	5429	5151	5199	5312	6539	6480	6152	5897	5715	5790	5461	5441	5386	7811	7742	7682	6188	6238	6253	26777	27449	27168	2981	3045	3053	3070	2992	2979	2925	2966	2913	27323	29633	30919	13436	16975	17010	9753	10590	10888	17298	18395	18027	5916	6272	6425	4269	4474	4302	3925	3946	3895	5541	5667	5603	4040	4051	4082	6785	7339	7111	7594	8239	8284	12739	14144	13774	11674	13071	13174	2968	2872	2942	2870	2867	2875	2848	2952	2803
18:49:18	5589	5499	5438	6145	6206	6199	5529	5432	5298	5551	5583	5376	10941	11543	11540	5351	5467	5243	5084	5494	5116	6411	6436	6155	5790	5549	5638	5396	5273	5248	7646	7718	7497	6148	6277	6429	26336	27367	27292	3022	3026	2953	3057	2898	2885	2881	3016	3081	28196	30692	30043	13124	16892	16593	9689	10450	10899	17036	18473	18257	6111	6479	6726	4255	4375	4466	4053	3954	3829	5518	5375	5599	4007	3738	3996	6759	7298	7205	7500	8246	8640	12783	14436	13603	11684	13018	13124	3005	2896	2835	2826	2863	2950	2975	2905	2788
18:59:18	5686	5585	5568	6375	6378	6247	5453	5358	5270	5590	5522	5386	10827	11243	11485	5729	5529	5306	5167	5383	5228	6341	6343	6449	5814	6003	5874	5530	5447	5558	7664	7773	7501	6173	6217	6272	25902	27221	27155	2974	2966	2941	3008	3059	3022	2967	2888	3003	28550	30827	30947	13454	17628	17223	10262	10709	10749	17798	18793	18033	5911	6317	6500	4420	4502	4457	3939	3697	3955	5526	5658	5697	3943	3991	4335	6786	7417	7157	7426	8275	8474	13144	14039	13905	12120	13301	13098	2940	2937	2882	2862	2966	2872	2878	2873	2829
19:09:18	5576	5520	5576	6332	6517	6346	5478	5472	5469	5493	5530	5449	11032	11375	11241	5482	5321	5376	5156	5258	5293	6412	6460	6161	5764	5923	5902	5580	5248	5502	7604	7703	7795	6146	6288	6302	26742	27444	26583	3070	2993	3025	3176	2920	2996	2978	2834	2897	28680	30466	30878	13437	17629	17182	10014	10970	10999	17599	18980	18541	6286	6299	6678	4335	4375	4377	4131	3900	3857	5534	5903	5500	3963	3889	3958	6985	7347	7334	7494	8743	8320	13160	14656	13942	11999	13057	12848	2925	2919	2943	2834	2694	2925	2822	2902	2769
19:19:18	5580	5478	5611	6172	6338	6114	5400	5515	5526	5588	5455	5240	11117	11034	11083	5498	5551	5173	5016	5375	5252	6421	6445	6425	5883	5763	5690	5412	5436	5307	7800	7587	7625	6135	6376	6351	25204	26639	26622	2967	3055	2936	2998	3092	3026	2993	3091	2869	28709	30539	31429	13738	17214	17379	10065	10770	11015	17832	19052	18549	5994	6276	6608	4218	4445	4253	3861	3932	3854	5428	5705	5758	4011	3992	4037	6900	7387	7151	7804	8562	8521	12888	14402	13715	12058	12726	12865	2983	3001	2940	2933	2885	2867	2837	2765	2880
19:29:18	5605	5444	5468	6232	6212	6284	5449	5472	5392	5470	5508	5326	10778	10837	11045	5549	5599	5263	5132	5288	5092	6483	6409	6087	5936	5840	5712	5705	5397	5194	7697	7630	7555	6180	6246	6298	25447	26116	26833	2956	3011	2996	2993	3066	3036	3028	2999	3004	28602	31425	31841	13241	17459	17216	10283	10861	11015	17718	19271	19090	5964	6339	6493	4318	4365	4454	3761	3913	4049	5629	5922	5744	4077	4067	4073	7071	7355	7249	7628	8555	8570	12885	14631	13774	12017	13204	12882	3083	2847	2812	2834	2890	2951	2901	2831	2787
19:39:18	5760	5641	5623	6246	6113	6284	5512	5331	5313	5556	5595	5397	10559	11253	11310	5654	5491	5256	5050	5341	5113	6273	6487	6127	5755	5948	5590	5406	5470	5479	7716	7770	7492	6034	6217	6225	25227	26267	26553	2985	2969	2935	3101	3061	2908	3026	3034	3046	28569	31902	32134	13414	17862	17180	10073	11016	11054	17704	19437	19100	5769	6273	6526	4354	4610	4535	3881	3807	3974	5630	5728	5802	4035	3962	4249	6818	7530	7252	7684	8896	8694	12645	14501	14444	11809	13383	12670	2924	2940	2951	2783	2823	2880	2989	2893	2935
19:49:18	5561	5695	5569	6410	6367	6244	5265	5279	5338	5597	5593	5303	10745	11081	11247	5452	5717	5278	4979	5186	4998	6234	6447	5973	5673	5958	5687	5532	5476	5406	7654	7770	7589	6356	6288	6273	24238	25189	25751	3026	3069	3006	3050	3032	3018	2933	2913	2973	28523	31284	31351	14203	17490	17415	10364	11149	11210	18202	19857	19239	6156	6474	6448	4594	4532	4403	3978	3879	3955	5616	5653	5579	4083	4075	3999	7012	7337	7213	7789	8493	8376	13499	14769	14211	12084	13188	12971	2984	2926	2913	2863	2854	3059	2822	2852	2879
19:59:18	5549	5490	5530	6108	6271	6290	5610	5268	5447	5573	5549	5478	10776	10803	10762	5537	5363	5415	5222	5207	5233	6566	6386	6465	5733	5779	5961	5325	5373	5287	7732	7464	7676	6313	5977	6226	23836	25270	26415	2990	2857	2994	2966	2955	3064	2858	2873	2951	29043	31499	31314	14148	17676	17377	10528	11035	11348	17982	19446	19191	6016	6314	6493	4344	4543	4574	3862	3943	3870	5793	5858	5761	4073	3982	4007	6982	7321	7196	7559	8719	8542	13070	14649	14210	12086	13176	13567	2923	3038	2893	2971	2937	2877	2880	2910	2875
20:09:18	5587	5506	5523	6138	6256	6110	5541	5261	5297	5411	5491	5508	10494	10759	10886	5450	5374	5334	5224	5232	5120	6368	6256	6214	5868	5917	5763	5396	5442	5460	7603	7915	7541	6193	6108	6142	23622	24694	26256	2794	2890	3032	2888	3019	2929	2887	2922	2792	28590	31702	32413	14193	17601	17520	10254	11313	11357	18086	19781	19495	6042	6398	6462	4539	4608	4450	3975	3860	3962	5608	5896	5751	4187	3952	4109	6949	7242	7388	7692	8772	8768	13165	14766	14671	12024	13015	12809	2847	2854	2769	2894	2872	2831	2742	2859	2810
20:19:18	5500	5641	5497	6031	6166	6315	5370	5553	5374	5533	5671	5281	10191	10471	10995	5380	5353	5407	5034	5173	5209	6498	6351	6123	5861	5849	5880	5674	5524	5456	7584	7595	7621	6071	6017	6230	23026	24015	26003	3012	2934	3036	2983	3059	3003	2978	2917	2963	28921	32422	32559	14080	17829	17612	10529	11206	11587	18175	19973	19218	6048	6219	6472	4338	4555	4523	4045	3968	3881	5793	5811	5728	4088	4042	4161	6894	7288	7305	7905	8767	8578	13415	15045	14449	11874	13295	13205	2929	3030	3017	2878	2786	2911	2747	2905	2863
20:29:18	5523	5588	5676	6158	6105	6120	5433	5192	5405	5312	5477	5372	10459	10690	11028	5437	5501	5343	5162	5238	5055	6193	6385	6243	5792	5795	5708	5644	5463	5406	7578	7818	7559	6141	6252	6045	22358	23553	25793	2993	3056	2891	2861	3001	2928	2926	2901	2893	30083	32582	32336	13967	18131	17894	10525	11323	11378	18300	19743	19288	6031	6469	6473	4529	4480	4559	4013	3954	4005	5758	5863	5873	4074	4040	4124	7002	7343	7264	7962	8879	8797	13625	15172	14263	12068	13287	13156	2923	2868	2874	2899	2902	2823	2972	2996	2900
20:39:18	5600	5477	5474	6146	6251	6169	5392	5289	5368	5467	5427	5180	10200	10634	10872	5639	5517	5272	5080	5370	5200	6385	6192	6321	5836	5943	5796	5579	5349	5554	7463	7605	7616	6051	6081	6305	21649	22776	25910	2987	3042	2909	3097	3015	2917	3046	2918	3001	29756	32291	33027	14157	17839	17542	10463	11170	11678	18506	20104	19624	5943	6436	6424	4413	4507	4413	3939	3898	3826	5705	5860	5860	4095	3940	4161	6923	7468	7346	7707	8989	8676	13036	15034	14824	11829	13064	13209	2845	2921	2880	2918	2894	2883	2975	2948	2690
20:49:18	5574	5497	5403	5909	5966	6329	5293	5244	5459	5301	5487	5343	9967	10073	10711	5690	5341	5359	5097	5347	5189	6340	6249	6102	5876	5864	5842	5754	5325	5433	7480	7533	7658	5965	5994	6144	21275	22549	25671	3049	2911	3050	2954	3074	3050	2938	2971	2958	29883	32126	33157	14355	18324	18179	10470	11429	11723	18640	20139	19662	6051	6411	6630	4447	4379	4516	3914	3862	3927	5750	5872	5964	4026	4114	4120	7063	7442	7394	7844	8991	8935	13371	14582	14268	11841	13450	13069	2990	2925	2754	2953	2895	2996	2950	2855	2801
20:59:18	5629	5379	5442	6093	6207	5979	5487	5233	5162	5312	5488	5263	9670	10158	10535	5576	5348	5282	5079	5368	5056	6300	6260	6105	5757	5814	5657	5792	5458	5330	7521	7428	7523	6110	6076	5961	21111	22111	25549	2962	3029	2909	2909	2950	2884	2926	3076	2957	29991	32333	32807	14282	18220	17935	10915	11583	11801	18275	20627	19950	6024	6313	6680	4415	4586	4667	3857	3807	4038	6094	5971	5870	4001	4001	4177	6974	7565	7320	7886	8880	9184	13315	15139	14547	12019	13270	13420	2961	2799	2937	2967	2765	2999	2951	2932	2807
21:09:18	5486	5571	5429	6075	6074	5909	5357	5307	5151	5823	5486	5260	9620	10134	10467	5435	5203	5311	5094	5260	5244	6256	6134	6061	5894	5853	5925	5510	5565	5506	7367	7091	7557	5965	5956	5899	20659	21702	25181	2942	2998	2918	2870	2942	2886	3011	2873	2872	30332	32504	33469	14712	19092	18051	10868	11575	11846	18949	20474	19718	6005	6458	6743	4524	4545	4372	3841	3801	3863	5770	5895	5897	4109	3885	4050	6945	7575	7498	8033	8751	8921	13364	15056	14661	11624	12999	13131	2882	2811	2891	3031	2896	2907	2877	2719	2834
21:19:18	5517	5497	5575	6028	6029	6201	5384	5351	5380	5280	5540	5285	9648	9794	10113	5472	5461	5448	5209	5190	5165	6041	5976	6177	5842	5740	5843	5648	5594	5483	7177	7322	7282	5964	6043	5893	19730	21021	24635	2994	2942	2956	2901	2928	2987	2864	3036	2832	30438	32199	33908	14331	19154	18264	11088	11354	11813	18913	20772	19914	5853	6255	6738	4633	4544	4499	4062	4046	3887	5846	5993	5743	4214	4091	4212	6932	7492	7380	7834	8953	8653	13287	15280	14324	12248	13101	13018	2942	2885	2948	2936	2837	2954	2903	2961	2866
21:29:18	5648	5513	5369	6216	6051	6103	5264	5230	5154	5367	5431	5349	9408	9656	9983	5423	5532	5321	5061	5477	5194	6070	6044	5991	5648	6052	5725	5565	5474	5478	7311	7044	7275	5975	5923	6002	19748	20633	24933	3073	2938	2955	2932	2948	3016	2973	2940	2950	30370	32859	34074	14657	18752	17975	11269	11383	12101	18628	20558	20169	6040	6422	6556	4594	4736	4501	4009	3921	3915	5788	5937	5800	3997	4013	3959	7041	7507	7560	8166	9059	9054	13833	15084	14866	12083	13498	13299	2823	2924	2986	2827	2787	2802	2966	2989	2781
21:39:18	5604	5549	5459	6019	5900	6047	5315	5229	5185	5303	5488	5077	9392	9577	9820	5572	5424	5395	5258	5392	5163	6185	6132	6080	5781	5870	5761	5643	5380	5396	7233	7105	7066	6046	5944	6028	19055	20289	23551	3072	2836	3011	3173	3037	3043	2905	2831	2916	30201	33731	34032	14716	18602	18287	11257	11804	12493	19331	20842	20377	5991	6527	6853	4549	4620	4434	3958	3972	3948	5659	5973	6111	4048	3866	4101	7110	7770	7641	7844	9137	9134	13629	15436	14657	12065	13183	12940	2873	2889	2915	2901	2788	2908	2969	2768	2969
21:49:18	5816	5458	5548	5877	5927	5996	5483	5236	5174	5559	5484	5434	9133	9344	9885	5559	5600	5310	5014	5309	5229	6184	6094	5992	5805	5782	5939	5605	5672	5550	7159	7251	7164	5899	5840	5959	18278	19273	23289	2849	3178	2943	3062	2901	2932	2929	2896	2920	30250	33149	33910	14488	18650	18197	11108	11699	12293	18962	21098	20089	6144	6494	6623	4481	4508	4591	3875	3727	3887	6076	5965	5981	4073	4083	4135	7092	7685	7533	8216	8869	9312	13930	15371	14575	11977	13489	13384	3040	2893	2922	2924	2816	2942	2938	2770	2847
0:00:00																																																																																																
0:00:00																																																																																																
0:00:00																																																																																																
0:00:00																																																																																																
0:00:00																																																																																																
0:00:00																																																																																																
0:00:00																																																																																																
0:00:00																																																																																																
0:00:00																																																																																																
0:00:00																																																																																																
0:00:00																																																																																																
0:00:00																																																																																																
0:00:00																																																																																																
0:00:00																																																																																																
0:00:00																																																																																																
0:00:00																																																																																																
0:00:00																																																																																																
0:00:00																																																																																																
0:00:00																																																																																																
0:00:00																																																																																																
0:00:00																																																																																																
0:00:00																																																																																																
0:00:00																																																																																																

