EGFP:488,507

Kinetic read	A1	A2	A3	A4	A5	A6	A7	A8	A9	A10	A11	A12	B1	B2	B3	B4	B5	B6	B7	B8	B9	B10	B11	B12	C1	C2	C3	C4	C5	C6	C7	C8	C9	C10	C11	C12	D1	D2	D3	D4	D5	D6	D7	D8	D9	D10	D11	D12	E1	E2	E3	E4	E5	E6	E7	E8	E9	E10	E11	E12	F1	F2	F3	F4	F5	F6	F7	F8	F9	F10	F11	F12	G1	G2	G3	G4	G5	G6	G7	G8	G9	G10	G11	G12	H1	H2	H3	H4	H5	H6	H7	H8	H9	H10	H11	H12
0:08:37	185	192	206	183	201	227	194	209	202	210	219	209	244	212	213	199	203	188	198	192	216	220	233	216	203	201	205	211	208	204	199	216	217	210	212	210	299	275	265	186	211	206	201	212	184	205	196	191	197	199	197	208	214	223	198	198	197	198	200	222	240	216	233	196	199	195	208	211	188	201	211	226	189	197	196	190	180	208	216	200	211	196	213	187	329	313	471	208	201	216	196	209	216	194	197	196
0:18:37	228	190	196	193	214	211	214	226	201	207	200	226	220	217	246	211	206	206	201	204	218	206	240	220	201	212	201	207	213	218	229	215	212	199	207	200	295	300	281	202	196	203	198	194	205	209	214	200	214	200	206	211	221	223	198	201	187	202	207	213	236	284	262	209	222	208	204	198	217	212	210	218	224	205	194	189	200	200	229	208	224	195	205	198	309	303	568	207	198	196	193	185	196	211	211	197
0:28:37	204	204	211	209	219	222	219	213	236	208	225	210	223	248	291	226	199	227	201	211	193	225	214	220	198	210	192	177	195	208	221	210	230	214	201	198	298	437	388	201	183	203	215	192	191	212	194	213	206	219	209	232	234	218	189	201	188	205	203	217	254	274	308	189	197	191	206	179	197	190	202	226	203	199	191	206	212	205	212	200	197	182	190	200	329	330	573	213	205	188	201	212	194	189	201	216
0:38:37	225	201	212	214	215	207	208	202	237	228	230	195	234	264	305	217	214	190	204	200	225	221	217	209	202	210	215	190	203	202	232	217	248	215	209	202	320	479	461	183	182	215	210	205	179	189	203	197	226	215	226	222	221	238	200	222	209	202	193	218	257	283	311	201	205	196	191	203	217	218	199	211	199	191	182	197	220	200	182	218	212	211	212	195	326	335	437	184	185	197	187	212	223	195	186	212
0:48:37	202	211	218	202	213	217	221	201	224	195	218	189	256	298	279	205	211	210	209	203	201	207	192	201	201	216	212	191	205	207	240	202	253	224	209	200	329	543	480	204	205	199	205	202	196	207	180	212	199	214	238	226	210	247	186	195	200	197	208	212	216	307	321	206	213	190	185	208	211	193	200	212	202	198	201	177	188	212	231	219	221	219	205	217	356	380	309	178	181	192	200	200	201	198	213	196
0:58:37	205	203	195	208	231	201	213	203	212	215	224	208	247	272	280	224	197	189	194	199	217	208	222	215	205	191	190	212	195	202	237	200	232	219	209	221	342	586	529	187	201	196	210	192	187	189	176	233	210	227	230	240	224	245	219	190	209	186	191	206	218	297	293	180	212	189	211	191	188	221	192	191	200	209	192	209	189	196	228	220	220	178	204	210	356	405	342	190	214	192	193	200	182	181	200	192
1:08:37	221	191	211	225	206	182	213	220	223	211	202	208	224	305	286	209	204	202	209	198	220	226	203	214	171	219	226	212	194	191	241	213	203	181	200	214	341	590	565	194	181	189	188	209	209	213	185	193	213	247	254	228	232	231	202	218	214	213	214	233	205	282	270	190	205	208	208	223	212	199	213	196	174	196	211	201	208	172	206	238	221	199	222	239	403	398	327	197	176	195	180	186	178	214	188	208
1:18:37	202	195	220	210	216	202	208	197	231	206	211	195	248	288	250	195	224	201	204	212	200	230	227	213	212	225	217	200	203	202	210	227	233	205	223	201	335	613	591	202	186	192	213	210	172	193	209	205	241	258	261	223	247	221	197	221	229	220	224	225	233	264	272	196	195	198	195	205	198	224	213	236	206	206	217	185	200	195	208	224	220	223	228	255	394	384	387	199	216	203	195	194	197	202	202	194
1:28:37	205	220	224	205	249	205	200	206	239	190	216	193	261	310	287	221	214	207	210	201	195	205	198	218	197	211	217	212	213	210	239	222	237	218	209	206	362	631	613	187	219	185	204	176	207	213	193	208	258	282	289	233	245	233	218	248	218	220	240	246	246	347	268	195	211	186	202	193	199	234	211	213	224	225	220	218	203	205	234	236	240	226	232	239	405	444	355	184	195	179	194	197	201	176	194	195
1:38:37	200	203	217	198	228	199	205	216	224	204	218	191	242	307	261	212	222	195	207	214	200	210	215	214	200	209	201	206	207	207	242	202	227	216	210	212	387	620	621	197	197	205	192	202	193	195	204	194	269	254	319	224	244	242	208	248	222	218	251	262	254	278	235	199	194	186	169	208	206	221	210	227	232	190	206	207	219	203	244	247	232	231	239	242	433	456	364	177	183	171	187	183	207	202	182	192
1:48:37	201	198	219	222	220	198	181	202	220	211	219	199	270	287	270	206	211	203	192	218	214	215	215	222	218	211	207	234	193	223	227	220	228	218	202	207	423	571	603	175	194	201	211	196	192	195	186	191	251	296	297	258	270	279	234	247	243	237	278	287	256	252	269	211	209	199	204	207	195	252	237	238	221	197	213	197	179	216	238	245	256	257	256	252	446	468	396	191	200	196	189	187	197	191	199	200
1:58:37	189	230	205	219	210	204	217	213	206	217	207	233	274	293	260	193	212	203	207	209	200	213	225	227	204	214	240	203	213	203	225	211	240	209	199	214	435	610	641	186	190	180	207	199	179	195	191	199	289	293	374	242	265	280	247	256	224	266	280	288	270	293	272	218	205	203	191	199	189	217	229	238	205	207	205	204	226	217	238	258	255	256	281	270	474	469	386	185	197	183	199	180	188	200	188	174
2:08:37	198	207	218	219	226	200	197	222	215	201	236	215	303	321	293	201	202	213	227	218	222	206	212	219	194	212	196	194	209	202	238	233	227	247	215	231	452	550	605	212	210	193	192	179	171	210	175	179	465	350	389	270	298	315	238	230	245	270	290	302	264	335	351	190	210	198	188	209	214	219	238	222	203	206	201	216	202	222	264	277	275	283	285	285	487	526	436	195	186	198	183	203	189	187	195	183
2:18:37	215	202	207	211	225	222	197	210	218	200	218	213	293	286	289	212	212	223	212	198	228	221	233	214	215	224	199	220	196	201	257	230	246	215	220	218	461	520	540	194	192	186	209	181	190	203	177	193	306	378	407	263	320	283	239	254	239	286	303	299	285	268	299	212	228	199	206	210	212	205	219	236	210	220	189	228	214	212	268	291	275	300	303	298	477	504	449	199	189	173	188	190	176	184	191	211
2:28:37	192	203	199	216	197	215	218	208	230	195	210	213	309	306	294	213	208	204	199	219	201	223	236	227	200	202	217	203	213	211	234	234	233	236	231	205	518	635	513	194	172	190	186	209	184	216	192	197	351	461	438	274	296	307	240	265	273	303	310	326	259	368	313	196	198	205	209	217	220	217	225	239	221	207	208	203	211	215	261	290	254	300	310	327	486	549	439	194	192	194	191	194	182	191	180	203
2:38:37	202	211	220	209	221	213	205	185	194	206	205	207	322	285	311	207	206	201	219	215	216	234	224	251	223	222	212	223	205	221	228	220	238	238	208	227	523	601	499	185	196	198	208	182	196	202	197	177	334	520	490	277	317	314	243	260	247	294	327	340	271	359	309	205	200	188	207	199	214	246	238	237	207	205	215	213	209	198	288	282	283	308	331	312	511	545	432	188	162	189	182	181	193	173	183	193
2:48:37	191	213	194	206	242	229	206	231	229	192	215	215	319	320	318	202	217	211	214	219	217	212	222	218	208	219	220	218	217	203	229	246	238	225	229	215	564	542	543	199	198	185	182	181	188	213	175	208	390	434	439	311	315	389	260	286	282	320	339	358	253	331	320	194	199	189	209	206	209	227	251	252	230	211	201	236	229	220	279	293	288	320	333	331	511	548	454	213	180	184	199	182	189	185	203	192
2:58:37	212	206	201	199	213	202	207	216	226	219	219	220	325	329	314	199	205	206	199	204	207	221	245	244	193	208	201	206	214	193	245	237	263	217	214	215	608	576	539	181	186	191	187	200	183	202	184	196	384	428	436	299	319	351	260	292	269	322	323	377	275	329	292	207	205	205	217	212	225	226	256	255	227	225	203	214	234	224	303	300	305	332	362	336	528	611	447	176	181	192	183	204	185	195	202	193
3:08:37	205	199	209	214	223	213	201	221	236	216	229	227	311	332	331	222	188	233	211	225	216	237	240	226	195	222	216	213	209	195	232	221	254	236	240	223	612	579	586	201	182	204	190	192	200	184	208	192	414	449	481	303	332	342	278	289	261	349	359	365	296	304	331	217	228	209	198	202	210	252	238	252	220	216	215	215	210	233	292	313	301	354	358	351	533	534	499	199	200	198	197	200	200	193	203	198
3:18:37	200	233	213	212	232	217	207	225	235	202	224	217	379	347	340	198	215	219	214	215	220	263	221	231	207	224	230	221	225	197	274	243	265	217	228	235	637	634	620	200	209	211	196	182	210	193	206	182	434	480	481	311	350	360	285	296	295	338	374	389	305	302	324	205	222	200	223	221	206	255	252	274	220	207	214	235	231	249	282	323	329	348	392	357	530	606	529	188	188	190	201	193	205	186	191	192
3:28:37	210	202	208	210	232	236	207	216	214	204	219	210	365	339	359	212	213	216	206	224	241	242	231	225	213	233	209	232	209	218	279	273	276	241	211	227	679	658	647	195	189	192	194	195	178	189	190	210	461	518	530	321	367	387	275	306	294	352	376	371	382	288	334	223	203	197	215	215	238	242	260	279	230	216	232	218	237	248	302	360	331	366	380	382	530	574	505	202	205	188	199	175	186	190	191	181
3:38:37	208	204	196	225	232	220	223	232	231	201	187	217	368	365	366	201	210	213	197	219	212	235	242	242	208	192	207	208	217	204	279	249	252	225	228	224	689	704	685	175	187	197	198	195	194	215	190	189	461	520	544	339	384	369	269	296	292	374	382	399	282	307	323	212	228	195	199	223	204	270	262	259	225	238	223	228	256	239	314	341	331	380	378	414	563	562	509	199	187	201	194	174	198	194	185	195
3:48:37	195	193	209	230	233	236	203	234	238	200	222	222	405	379	394	221	214	199	213	206	224	249	259	249	229	234	211	212	213	195	272	257	263	237	207	229	754	749	751	200	189	199	199	189	198	170	178	193	500	565	568	349	357	390	291	325	318	394	421	405	290	298	341	201	227	204	208	230	229	262	263	283	220	221	220	251	239	257	340	344	342	390	396	421	542	573	548	198	198	208	189	201	187	187	185	200
3:58:37	212	207	222	222	229	228	218	226	226	213	213	210	412	407	401	212	211	206	190	205	208	246	244	233	200	218	216	224	214	205	284	291	288	251	236	244	766	792	766	199	184	194	209	198	187	211	203	207	500	577	604	351	395	414	329	316	322	412	412	428	301	299	336	201	215	220	227	225	215	262	258	292	216	214	225	257	232	258	327	360	358	389	419	414	564	645	527	211	178	195	201	191	189	186	190	191
4:08:37	207	195	219	228	223	219	209	190	226	210	210	213	412	412	422	220	221	215	213	206	223	272	249	249	217	220	219	228	215	217	287	278	302	234	239	225	833	848	764	187	185	199	204	192	202	199	196	202	513	611	602	356	395	414	289	328	331	401	415	422	337	322	340	215	203	211	203	214	236	267	274	287	224	220	221	258	245	259	337	363	345	407	438	425	560	681	542	195	187	192	177	173	192	197	193	189
4:18:37	218	215	209	214	228	228	203	206	224	217	214	217	443	405	447	221	209	218	219	196	215	262	256	255	221	203	234	205	219	189	297	296	298	235	214	235	883	902	871	176	181	184	218	199	194	196	198	194	532	638	640	370	402	413	316	316	316	414	418	413	306	306	348	216	212	188	231	214	231	258	289	286	229	211	236	253	267	273	343	378	363	381	434	423	567	680	586	177	208	201	208	177	181	195	190	176
4:28:37	215	220	226	247	233	236	222	231	231	209	220	200	453	443	436	202	225	208	214	208	212	248	269	264	223	234	207	208	196	204	320	318	289	217	233	218	934	905	927	195	208	199	225	193	182	202	184	183	567	649	656	375	444	435	347	352	356	424	458	454	305	320	366	225	205	221	224	215	224	277	290	283	224	240	226	259	251	270	340	378	374	433	448	429	566	699	590	193	180	193	193	196	179	208	185	181
4:38:37	209	197	222	228	244	238	218	224	231	230	225	227	481	454	456	219	211	202	220	210	220	259	265	253	198	208	231	223	222	227	324	295	308	231	232	240	1009	980	974	187	193	194	201	188	195	197	181	192	596	675	700	374	421	444	336	339	348	403	452	452	299	353	338	209	218	203	210	222	233	272	285	259	260	230	251	251	255	260	359	382	374	405	462	465	597	697	571	195	195	191	189	190	187	185	194	173
4:48:37	213	200	217	236	248	246	234	227	224	214	226	223	484	468	480	210	230	210	230	215	215	273	287	265	206	221	220	218	221	222	329	316	322	229	222	223	1065	1059	1023	188	203	194	199	187	202	205	202	210	608	697	692	387	418	468	332	344	335	459	470	461	309	289	356	215	214	231	236	219	208	256	279	290	236	230	216	253	271	236	373	368	392	406	463	456	579	716	583	190	185	200	199	183	194	208	185	189
4:58:37	193	211	226	237	224	231	210	230	218	218	229	214	519	488	501	210	205	217	214	214	205	272	292	277	234	217	211	228	233	223	336	329	326	256	261	251	1147	1104	1100	199	180	194	212	195	191	188	174	190	617	720	733	412	446	464	337	370	380	449	462	464	314	302	360	208	224	197	215	233	229	269	293	271	248	247	226	278	244	281	373	388	379	426	450	471	588	732	597	199	196	203	186	192	190	184	188	206
5:08:37	214	209	204	234	265	257	241	207	234	220	243	214	535	528	526	222	210	200	214	225	219	271	290	256	197	189	223	228	223	229	340	322	353	253	247	241	1153	1135	1121	209	206	180	195	198	205	197	196	208	637	764	769	384	484	484	353	368	370	475	483	491	330	329	365	193	216	196	235	211	243	281	284	288	258	208	219	277	286	284	377	399	373	431	502	470	582	707	593	192	198	182	174	188	201	202	200	191
5:18:37	223	212	224	256	257	256	225	237	234	215	233	228	550	511	547	208	209	197	244	210	227	277	287	267	212	225	217	226	234	214	343	327	334	243	243	247	1220	1221	1194	175	175	191	200	201	175	181	196	187	659	764	770	433	474	532	362	399	359	453	506	505	320	328	433	197	229	201	235	223	232	275	294	282	232	250	230	275	280	262	386	403	379	429	488	490	584	731	584	188	191	210	192	185	189	170	186	184
5:28:37	226	221	217	244	254	256	220	236	241	244	216	229	547	533	568	207	208	214	244	234	203	269	284	264	217	222	224	229	214	222	341	344	356	249	266	238	1278	1249	1263	187	179	190	194	183	204	196	194	185	691	802	823	417	482	493	372	386	361	449	499	487	314	323	384	207	216	233	223	236	222	286	290	269	226	228	228	287	287	276	377	418	399	459	494	480	621	711	593	180	197	208	184	173	184	189	180	188
5:38:37	226	215	243	259	265	253	228	221	244	227	240	220	585	561	581	228	236	222	228	229	243	302	300	263	228	212	233	241	235	232	353	353	366	254	238	233	1346	1351	1301	197	184	203	211	210	212	191	180	199	704	811	826	416	471	506	361	377	405	480	506	507	324	332	386	214	209	215	219	227	220	264	276	295	259	235	235	273	285	298	402	404	403	463	492	500	595	750	621	207	192	194	205	204	196	191	189	199
5:48:37	225	210	228	272	257	270	251	252	221	233	235	224	601	578	593	218	220	204	232	240	221	306	325	282	229	221	225	246	225	229	373	349	364	260	262	250	1387	1368	1372	203	197	184	204	174	198	205	195	191	740	866	873	442	483	516	362	399	410	481	544	505	334	327	396	236	219	206	223	236	228	276	320	278	236	229	231	289	298	294	401	419	423	469	512	528	598	714	622	189	206	182	180	189	180	180	186	190
5:58:37	238	237	246	276	277	258	245	243	254	234	251	228	626	590	595	230	228	229	238	242	236	297	325	279	218	224	207	217	229	249	408	382	382	264	247	248	1438	1371	1412	167	210	189	187	206	196	181	186	185	766	883	858	437	495	515	386	411	400	493	546	519	337	340	396	207	225	210	247	199	234	272	296	285	255	244	205	305	273	311	380	438	397	481	515	502	593	748	624	210	188	191	206	196	195	187	198	191
6:08:37	214	226	242	255	282	263	241	263	262	252	234	255	630	605	592	240	228	209	226	244	234	310	301	303	238	226	237	263	248	251	430	378	366	273	227	266	1517	1465	1469	179	188	185	192	170	188	175	199	198	764	900	900	446	497	562	401	428	396	483	538	553	310	339	409	205	239	215	243	225	239	298	317	287	242	226	228	298	297	279	412	453	432	483	521	513	611	729	639	191	187	181	198	197	181	214	174	208
6:18:37	226	231	223	273	284	256	224	248	259	249	248	243	643	601	637	240	217	218	214	228	234	299	316	283	229	245	239	243	233	229	445	376	415	264	261	275	1566	1569	1479	165	185	186	201	195	183	213	202	217	798	941	936	473	527	564	411	395	440	486	567	543	319	342	375	224	216	207	233	237	243	293	296	310	238	224	208	310	284	305	395	437	435	487	521	529	597	735	644	184	200	189	194	185	188	191	195	194
6:28:37	257	225	246	292	293	287	263	265	267	243	265	240	667	639	661	225	226	221	258	246	240	315	345	318	244	246	218	243	250	229	459	414	415	288	265	256	1621	1631	1539	197	201	201	196	207	200	210	181	187	804	968	923	473	523	575	389	419	428	505	570	552	328	343	380	230	228	218	207	212	237	278	288	300	237	247	237	314	318	302	428	426	418	515	548	530	585	712	631	193	184	203	186	195	193	198	193	205
6:38:37	255	240	254	279	291	275	235	270	256	260	261	275	669	657	653	236	233	232	260	256	241	337	325	299	245	223	237	261	237	242	461	382	418	297	269	275	1623	1610	1627	198	188	182	187	186	196	210	199	194	820	945	967	484	528	565	415	444	427	547	573	559	334	349	362	222	202	216	213	247	242	283	313	295	250	235	232	302	324	301	405	429	452	492	527	527	611	750	658	187	196	178	198	169	201	182	181	165
6:48:37	252	251	265	299	291	292	234	256	276	252	266	255	675	645	684	240	241	227	234	247	255	347	331	300	259	248	250	265	235	260	429	395	424	279	283	274	1788	1677	1655	175	182	203	201	181	184	201	208	207	867	991	980	508	555	585	421	427	433	513	585	573	331	353	375	225	226	220	239	245	247	276	303	317	228	229	233	307	298	308	409	451	439	504	565	542	596	709	642	192	169	187	198	194	187	211	182	205
6:58:37	255	249	271	285	309	291	260	249	291	258	269	242	657	655	721	228	230	242	257	254	260	343	347	314	249	243	251	248	245	257	458	402	424	297	251	281	1892	1719	1673	196	203	188	214	182	176	173	192	181	848	990	1031	483	544	589	433	455	425	535	565	594	319	359	374	209	228	202	240	229	234	301	309	324	244	240	225	310	321	313	413	432	446	509	545	541	588	708	654	192	203	190	189	191	200	193	204	205
7:08:37	274	264	280	295	302	294	265	266	272	278	278	279	705	674	728	244	260	222	251	274	263	343	338	343	250	243	248	238	258	257	490	433	445	305	295	289	1841	1707	1732	192	170	196	211	209	186	209	196	183	884	1020	1071	490	550	597	419	464	425	531	583	586	340	347	382	198	221	236	234	226	253	295	289	304	230	256	225	309	323	324	432	437	446	521	574	574	604	730	678	189	183	184	177	208	192	194	197	197
7:18:37	271	261	279	319	305	290	267	274	277	278	285	266	697	656	740	253	247	220	232	253	266	333	378	331	247	250	249	285	255	254	471	433	426	305	284	293	1983	1791	1754	172	191	190	200	175	186	186	194	206	927	1047	1092	491	594	613	423	475	439	537	599	614	336	344	380	217	222	197	238	230	250	294	296	310	238	231	251	300	319	326	426	465	427	512	562	580	631	728	650	206	191	188	201	201	197	202	187	190
7:28:37	277	266	271	301	330	296	269	269	289	265	269	292	699	685	698	265	263	241	264	256	268	358	361	345	269	241	265	280	266	267	500	412	442	306	315	286	1932	1704	1775	182	186	180	200	191	194	194	208	192	916	1071	1079	518	596	609	450	474	448	554	635	616	342	355	386	205	211	224	263	241	245	289	300	306	231	225	233	287	330	308	436	458	445	507	567	584	618	742	661	184	205	191	192	199	175	188	182	192
7:38:37	272	273	271	331	316	318	275	304	286	272	279	290	700	710	729	262	254	254	253	285	274	355	350	325	264	243	245	263	271	278	489	430	447	315	284	296	1972	1740	1757	194	209	153	189	191	171	198	188	172	932	1097	1114	527	588	628	434	462	491	583	628	575	345	363	379	220	200	219	228	236	231	295	319	317	226	252	228	304	302	333	441	457	451	549	564	564	621	758	648	196	208	189	188	175	195	181	190	182
7:48:37	263	281	278	301	314	331	289	270	278	304	284	291	707	723	737	281	279	243	289	268	273	357	343	337	259	272	247	266	285	284	475	417	437	311	297	293	2028	1823	1781	197	195	187	211	193	210	197	177	205	918	1113	1090	525	605	638	456	470	492	569	618	575	357	363	379	226	219	214	247	233	250	314	290	327	236	239	253	297	296	310	442	455	481	559	580	586	615	742	681	186	190	192	200	185	188	205	183	197
7:58:37	301	254	289	309	330	326	277	297	319	307	274	305	706	734	733	259	248	273	271	258	249	349	363	349	297	258	275	267	275	272	499	439	448	321	315	325	2078	1825	1798	183	188	175	207	185	197	183	202	204	963	1146	1138	507	609	620	457	493	460	566	632	613	313	347	379	214	226	204	248	242	255	287	310	332	236	260	251	316	293	342	446	488	462	540	590	580	601	735	629	194	180	201	208	196	187	200	190	200
8:08:37	277	269	307	322	353	334	272	290	293	291	317	286	737	736	714	260	269	242	283	274	255	375	375	337	278	273	287	287	284	279	509	456	469	327	314	316	2003	1811	1782	197	200	196	209	171	169	193	204	197	981	1166	1146	566	610	648	450	482	482	567	647	638	347	377	389	230	224	209	259	237	237	306	316	323	244	240	224	324	355	331	468	471	476	552	607	597	613	724	660	199	198	204	186	199	204	201	206	205
8:18:37	295	267	291	333	338	312	292	309	316	319	307	281	716	740	736	273	267	265	267	281	269	368	364	349	280	272	288	281	296	273	504	469	453	320	311	310	2106	1855	1953	171	178	196	196	192	204	195	200	183	981	1154	1172	563	636	693	463	475	501	586	644	623	340	346	406	210	224	225	241	236	251	293	309	336	223	231	244	313	322	312	446	496	468	569	593	592	602	730	666	193	193	176	180	194	196	174	189	203
8:28:37	299	273	285	337	355	321	276	297	324	295	294	290	723	758	769	282	283	277	276	269	289	361	387	361	285	283	292	293	284	281	485	456	484	318	316	322	2074	1859	1916	188	176	199	201	204	187	181	180	189	1027	1218	1209	543	640	670	466	507	506	606	661	612	340	338	407	225	217	214	247	254	258	292	321	341	228	236	238	321	329	337	457	481	458	540	616	609	593	729	675	180	196	201	169	202	175	190	205	195
8:38:37	294	293	297	335	333	319	304	295	313	292	304	302	734	741	745	272	268	263	267	284	264	380	386	368	310	276	277	310	309	285	522	459	478	338	320	321	2189	1861	2013	190	191	194	181	187	192	187	194	192	1048	1198	1199	579	656	665	496	527	488	616	662	648	331	363	410	210	196	217	236	241	250	304	304	328	231	246	232	311	340	362	454	492	466	558	623	636	616	701	648	187	194	180	192	184	159	201	178	210
8:48:37	284	278	279	323	345	346	309	283	315	294	279	295	710	750	731	293	288	286	284	281	270	380	387	361	288	306	283	287	317	312	500	453	485	355	314	343	2056	1884	1968	192	189	193	204	192	166	201	191	197	1051	1240	1226	571	637	698	472	528	528	616	665	658	360	341	399	249	233	218	251	246	269	301	326	316	232	274	244	314	350	331	489	489	488	568	625	586	618	723	682	194	204	191	196	199	200	196	197	195
8:58:37	310	276	293	336	337	341	285	320	315	291	302	285	732	739	771	271	302	281	272	282	290	389	370	338	282	278	288	316	298	273	515	451	464	346	341	319	2197	1845	1964	192	189	176	194	183	190	200	198	189	1073	1250	1253	573	649	670	495	522	537	613	683	633	351	338	396	224	236	221	222	245	243	316	309	321	261	245	244	306	326	326	475	476	482	582	629	620	603	714	682	196	195	185	185	184	194	190	178	208
9:08:37	281	282	290	347	340	363	296	301	313	302	304	313	736	752	740	299	290	267	281	265	299	374	395	351	292	273	308	296	316	298	506	474	468	342	340	328	2084	1876	2014	175	201	174	195	166	183	190	195	192	1049	1265	1284	563	648	667	499	522	519	620	669	688	350	359	400	204	220	198	251	240	271	322	310	329	229	241	224	333	352	320	475	499	483	577	632	618	606	721	671	196	183	185	207	180	199	183	194	201
9:18:37	324	268	316	332	360	341	293	309	318	303	331	313	708	730	773	284	289	285	271	270	281	379	404	383	312	302	327	319	311	309	518	461	502	335	321	336	2151	1899	2015	184	199	207	194	197	191	196	177	184	1113	1303	1294	586	665	697	499	540	534	613	719	669	338	359	414	212	252	231	248	243	252	299	331	335	224	220	254	326	356	342	427	508	477	572	647	625	605	718	654	199	192	179	179	176	187	193	176	194
9:28:37	309	317	321	338	375	340	293	315	340	323	303	313	720	768	770	294	281	291	295	284	297	369	374	365	310	288	284	289	300	299	518	468	480	348	348	354	2088	1921	2041	186	184	195	210	180	186	200	197	186	1090	1291	1306	595	678	710	522	549	561	603	710	672	343	351	400	197	215	230	233	233	264	317	332	358	245	259	241	332	356	345	482	511	480	568	644	632	585	715	661	190	196	181	181	182	194	179	199	187
9:38:37	296	285	298	349	365	355	306	315	301	323	307	304	753	756	763	293	294	277	275	269	279	398	382	362	312	288	286	297	314	305	535	471	510	333	341	345	2167	2042	2042	187	198	180	178	202	204	205	185	198	1122	1300	1321	599	689	704	504	551	569	632	711	685	342	375	393	225	209	213	243	260	275	310	341	332	265	251	224	336	375	344	490	520	476	574	627	628	620	717	667	200	182	183	200	179	186	180	187	193
9:48:37	317	314	303	319	358	338	298	319	322	300	319	308	732	751	780	284	298	291	278	290	298	389	408	387	319	301	306	295	305	314	502	473	486	352	345	341	2142	1853	2108	192	188	192	211	186	204	184	184	199	1184	1341	1320	603	708	717	501	569	555	657	710	672	325	349	383	234	206	218	256	243	271	300	321	334	246	271	264	352	351	371	479	496	509	592	647	653	594	719	680	199	192	186	203	173	193	185	191	198
9:58:37	313	318	301	348	374	355	296	318	315	321	323	320	750	767	787	298	300	295	290	299	293	389	408	384	319	311	294	310	322	305	511	484	492	356	344	329	2141	1928	2004	200	174	183	195	191	198	198	175	204	1162	1358	1368	612	681	742	513	542	555	659	740	703	332	350	397	219	214	214	240	272	267	313	343	334	230	258	266	351	366	369	511	523	504	603	660	664	603	710	684	191	191	188	191	191	189	199	210	185
10:08:37	307	300	316	354	363	339	317	316	324	321	295	311	774	748	748	281	299	261	289	297	302	377	396	375	313	289	328	290	310	300	547	474	497	345	356	337	2129	1890	1908	193	198	191	197	205	200	189	190	182	1164	1375	1410	616	731	757	530	592	574	641	726	730	361	364	426	231	237	239	262	251	252	330	345	349	260	252	228	361	366	353	480	523	477	588	689	657	603	711	674	196	177	192	172	211	199	197	193	196
10:18:37	344	317	326	364	350	353	309	328	318	304	317	325	759	757	769	296	286	306	290	300	307	380	393	401	305	325	326	302	306	312	521	472	477	347	340	332	2052	1940	1967	193	173	196	200	172	217	204	205	203	1195	1409	1393	620	721	766	508	597	564	687	718	709	350	353	407	218	222	223	268	255	268	317	337	338	237	250	230	360	357	341	502	524	499	605	662	680	612	730	698	181	187	193	180	172	190	183	179	206
10:28:37	305	298	321	354	343	364	330	314	332	331	323	310	787	760	757	305	305	285	288	290	291	390	403	394	317	330	317	306	301	317	538	488	486	369	347	368	2165	1891	1937	192	204	188	186	188	191	211	172	194	1176	1439	1409	624	708	754	542	583	577	667	718	718	335	363	422	229	217	225	242	245	266	332	365	334	249	263	244	352	367	374	465	542	515	608	663	678	605	708	686	190	198	190	184	190	181	191	193	201
10:38:37	322	322	323	348	349	362	330	334	339	313	333	325	791	758	766	320	314	307	287	306	305	414	401	402	316	325	324	324	318	292	510	484	483	372	351	344	2107	1898	1948	185	193	178	199	189	174	225	172	198	1197	1417	1407	633	741	770	523	566	588	695	744	719	362	348	392	231	223	218	236	254	261	300	339	351	229	254	251	360	363	367	500	535	506	613	679	669	602	754	711	178	198	180	201	195	179	189	185	173
10:48:37	328	299	313	364	373	383	348	316	334	313	311	349	760	757	768	298	294	298	290	287	303	395	377	389	327	328	330	303	308	298	544	482	506	334	346	381	2081	1874	1919	174	191	179	183	184	189	184	193	200	1234	1447	1462	639	733	761	542	602	594	658	763	721	326	358	398	212	227	202	249	242	258	340	351	386	233	273	270	360	364	361	486	528	520	593	682	670	596	724	645	184	217	201	171	190	188	205	192	197
10:58:37	324	311	319	365	350	361	307	319	331	310	327	343	765	753	759	306	322	310	303	324	310	394	404	373	317	323	333	315	321	310	537	487	499	352	352	359	2187	1930	1988	185	193	201	199	193	179	177	198	193	1301	1470	1461	630	755	765	545	629	581	690	762	742	341	343	400	207	247	204	255	247	255	323	345	344	236	278	242	358	373	361	497	580	517	611	704	692	617	715	677	188	187	189	188	198	192	183	184	189
11:08:37	315	315	311	387	379	356	309	331	352	361	329	354	753	754	806	324	329	306	293	318	314	393	394	390	331	313	335	313	339	332	532	494	517	368	360	349	2114	1907	1944	192	178	204	200	207	204	197	177	189	1264	1507	1486	655	768	780	555	609	600	717	776	740	347	358	396	217	230	230	249	257	261	320	340	350	259	245	259	379	371	348	484	518	519	621	687	700	617	726	664	167	211	172	189	180	208	188	200	217
11:18:37	318	303	297	374	365	369	307	330	353	344	317	344	791	792	811	316	298	279	300	300	314	372	416	400	317	323	341	319	310	307	542	487	491	351	369	373	2033	1933	1906	186	173	181	200	186	182	192	179	215	1276	1471	1505	637	752	804	542	616	612	697	793	776	351	354	388	217	224	237	251	261	279	328	331	375	264	252	226	370	356	347	524	541	526	651	696	688	608	706	666	183	194	172	182	192	188	199	196	200
11:28:37	319	312	311	367	397	368	321	330	325	328	336	345	784	741	763	305	315	271	303	306	308	401	412	384	343	331	340	299	300	331	527	479	500	361	373	364	2093	1877	1926	194	170	170	217	198	188	189	182	198	1293	1530	1501	656	756	792	568	644	616	715	782	743	331	359	413	236	228	213	246	265	268	347	342	356	252	265	257	351	369	376	509	570	541	630	717	690	601	733	660	184	194	193	197	212	195	187	181	166
11:38:37	312	309	331	376	363	350	333	325	356	337	322	336	787	767	776	308	312	287	310	288	320	396	412	402	346	354	339	309	330	303	546	491	519	333	361	360	2097	1966	1927	179	204	182	196	165	209	212	185	178	1305	1518	1569	657	777	803	575	624	612	701	781	760	351	377	388	215	235	226	261	257	268	304	349	369	247	256	239	363	382	379	528	562	519	620	711	710	611	725	683	197	180	193	195	197	173	171	198	183
11:48:37	336	298	306	367	394	375	328	310	339	334	325	358	763	774	764	314	303	297	312	307	320	395	428	398	320	320	336	318	324	312	545	492	488	344	366	376	2066	1917	1966	173	189	185	178	201	182	194	184	183	1316	1549	1557	676	788	785	567	642	624	710	787	798	364	354	401	238	219	219	257	244	264	325	344	356	249	259	237	362	385	390	517	529	544	643	698	713	616	713	656	172	186	199	182	198	213	201	190	172
11:58:37	323	315	308	334	382	386	299	325	340	341	337	329	810	780	741	333	328	309	295	312	321	384	432	397	335	339	330	324	337	320	530	508	509	376	358	386	2081	1933	1970	201	192	190	204	199	183	212	195	176	1285	1578	1555	670	771	826	585	659	619	721	811	790	376	350	394	207	215	220	266	291	274	348	354	381	257	287	259	365	388	382	515	564	531	656	715	696	614	700	689	232	191	181	193	191	192	190	192	207
12:08:37	330	297	315	373	374	376	324	342	335	347	327	354	787	780	766	308	313	309	318	297	318	402	396	409	353	312	345	315	325	316	527	491	499	364	353	355	2071	1879	1973	187	198	192	212	192	188	195	175	205	1340	1600	1555	676	794	806	617	658	634	733	852	790	336	365	396	217	242	219	258	258	274	348	348	364	272	276	233	359	407	376	513	550	564	638	732	737	643	722	694	201	187	199	169	189	198	187	213	209
12:18:37	327	313	323	380	377	379	335	329	344	329	319	329	793	775	768	322	303	301	283	303	308	408	393	393	318	328	352	318	336	305	537	503	517	379	375	375	2063	1874	2016	196	196	197	200	196	195	196	198	204	1360	1605	1585	683	777	826	588	655	647	753	818	784	346	358	383	234	230	225	264	267	273	346	334	372	265	273	243	366	352	381	554	575	536	637	734	749	618	707	665	169	191	196	188	189	183	185	182	186
12:28:37	301	312	319	373	380	378	342	328	360	347	294	333	744	781	810	297	316	332	298	313	307	405	413	404	312	332	354	333	349	344	530	478	531	368	363	372	2050	1911	2057	201	207	203	172	167	195	187	190	164	1370	1613	1610	672	800	824	597	651	617	744	794	803	339	355	396	207	231	218	249	279	257	356	368	352	255	265	253	367	380	384	497	565	541	640	737	726	617	710	669	215	184	187	184	181	193	182	197	178
12:38:37	317	334	332	376	359	381	337	347	333	318	318	347	786	783	765	292	315	305	311	291	320	409	412	395	354	343	334	309	338	302	536	486	523	372	378	366	2136	1869	1923	207	182	203	212	199	179	206	178	201	1389	1599	1583	682	816	872	594	664	650	731	817	820	334	355	393	235	252	237	242	258	261	340	365	374	260	250	247	357	388	395	531	583	546	650	717	738	635	732	671	182	189	191	195	169	191	196	186	181
12:48:37	345	310	329	356	378	392	348	356	360	334	350	337	772	785	775	332	319	306	306	334	316	411	395	413	347	346	335	322	329	318	527	501	513	366	372	348	2109	1828	1946	192	197	189	192	177	208	189	176	201	1379	1622	1628	730	803	849	587	656	676	750	835	821	345	364	392	241	241	252	261	248	265	309	351	372	276	260	254	373	380	388	522	573	581	675	748	774	624	712	693	210	176	203	198	185	199	191	168	193
12:58:37	307	320	336	378	389	390	337	355	334	332	346	342	763	795	736	326	314	302	319	295	312	400	417	398	343	342	341	323	339	313	536	503	507	383	380	372	2101	1933	1961	198	180	206	189	190	192	198	195	196	1384	1638	1687	681	807	854	600	679	661	739	841	839	364	359	402	226	225	222	266	257	278	341	360	360	269	270	261	363	390	399	529	571	549	657	736	733	621	725	674	197	187	173	187	194	187	194	173	186
13:08:37	347	345	323	391	394	402	331	349	339	335	342	359	751	747	781	307	328	309	344	315	309	400	427	388	368	342	369	334	321	332	541	502	469	393	361	378	2083	1927	2008	181	180	188	210	189	175	191	180	186	1422	1653	1696	701	835	876	625	669	677	752	838	835	348	360	402	218	238	241	275	255	282	350	376	345	252	269	239	394	383	408	521	564	549	673	754	719	627	736	675	185	196	190	185	215	190	190	176	188
13:18:37	341	329	330	359	392	361	344	347	330	333	343	347	775	750	758	325	324	302	317	292	317	402	407	408	357	332	354	333	345	327	538	488	512	375	388	380	2071	1945	1946	196	197	194	196	191	181	194	195	195	1458	1641	1679	737	859	843	644	685	660	753	838	843	350	375	401	240	230	228	256	259	263	344	361	369	260	265	258	375	403	396	553	589	568	668	761	774	624	733	691	192	192	191	187	177	193	179	198	200
13:28:37	332	322	334	384	372	382	345	352	348	319	334	331	775	769	774	327	314	306	306	303	313	406	429	406	346	353	352	341	338	345	542	489	530	379	381	382	2068	1964	1947	174	185	179	184	195	201	197	186	198	1432	1710	1712	709	851	852	658	696	674	781	858	852	348	350	415	212	233	217	264	258	267	337	363	388	269	271	246	362	388	395	549	583	578	649	741	743	639	731	689	187	196	201	183	205	188	185	193	209
13:38:37	334	333	339	376	387	399	360	351	377	351	334	329	740	775	758	314	334	301	316	316	316	415	398	404	345	352	352	328	319	315	548	506	486	387	371	394	1990	1882	1875	194	199	208	197	170	192	185	188	206	1433	1736	1726	724	849	875	620	687	693	783	889	850	336	374	367	229	233	245	279	275	278	346	358	367	261	286	269	380	403	389	557	597	559	673	776	744	612	705	674	194	185	178	185	199	193	195	182	196
13:48:37	324	325	346	388	392	373	351	351	349	338	337	343	767	743	770	314	311	315	320	292	318	416	429	412	370	349	359	349	332	320	542	512	533	373	400	395	2041	1953	1956	201	194	182	188	170	171	189	185	195	1487	1745	1747	738	856	872	644	694	698	794	888	827	368	365	423	236	229	244	274	282	282	341	357	384	262	261	246	418	411	406	558	588	615	668	736	731	619	718	677	166	204	191	187	177	207	199	190	185
13:58:37	371	312	308	375	406	391	358	339	351	349	347	379	800	748	751	334	316	309	310	315	322	401	437	407	345	367	344	352	352	330	538	504	515	390	369	389	1987	1826	1940	178	200	201	193	184	184	201	182	204	1482	1761	1760	740	855	882	658	711	696	790	895	866	326	358	411	233	226	230	257	244	265	331	348	380	261	265	237	385	409	406	547	606	582	691	775	768	660	712	688	185	189	187	202	186	189	177	182	203
14:08:37	342	319	340	373	397	390	332	354	354	354	339	354	788	755	755	328	303	313	333	311	321	415	404	404	355	368	373	320	361	352	551	496	528	377	377	379	2050	1843	1866	183	195	194	195	188	190	197	187	193	1487	1759	1753	733	858	877	649	702	718	799	865	859	330	358	395	245	217	234	268	270	284	356	357	389	272	282	262	375	422	425	555	566	569	709	778	774	644	729	690	174	187	205	182	197	194	177	182	192
14:18:37	345	327	351	392	390	392	335	360	348	338	336	339	758	747	731	325	323	327	339	318	326	406	421	403	344	360	360	352	354	350	519	509	498	374	375	402	1946	1778	1817	180	204	185	199	193	204	201	194	203	1529	1768	1719	749	867	886	657	724	717	804	894	867	327	378	420	219	227	210	258	275	290	347	345	393	247	273	248	387	406	413	552	590	584	694	788	794	634	736	679	196	201	181	180	187	214	190	188	192
14:28:37	334	321	335	385	383	390	360	353	357	346	366	347	772	745	769	334	329	322	321	337	330	417	400	407	362	352	368	323	361	313	552	518	527	382	381	390	1914	1773	1833	182	202	201	203	173	226	197	182	189	1501	1821	1791	744	893	901	673	725	705	799	939	897	331	353	406	225	242	217	261	268	281	363	361	383	258	276	248	379	400	416	562	611	588	703	793	753	600	711	672	180	187	187	183	206	190	193	207	173
14:38:37	363	340	332	375	394	389	353	353	369	351	350	358	744	732	741	335	334	335	332	332	309	405	417	393	351	353	351	351	336	322	542	480	506	395	355	389	1907	1813	1871	189	175	186	206	183	189	215	178	180	1538	1810	1794	762	891	871	682	744	723	790	898	889	350	350	411	224	243	242	256	268	282	347	364	377	264	265	260	400	398	408	557	594	590	707	797	763	625	721	679	187	194	197	191	191	182	184	207	190
14:48:37	335	344	337	392	388	390	356	345	339	353	342	345	751	778	772	327	321	285	332	328	349	430	402	399	349	362	345	321	364	341	569	520	511	377	369	373	2031	1818	1812	208	188	194	176	198	183	194	195	204	1578	1801	1783	763	905	911	659	741	733	837	905	885	349	360	406	233	236	212	255	270	272	358	364	392	247	265	258	401	403	400	549	616	589	705	772	786	644	685	685	186	185	198	187	191	180	181	186	198
14:58:37	349	340	321	381	390	404	342	352	377	333	354	333	754	757	776	332	319	319	311	338	317	438	413	406	363	372	335	334	335	317	540	471	491	349	377	395	1911	1810	1834	175	191	184	193	181	189	172	205	196	1564	1816	1810	768	903	929	670	756	752	821	926	903	357	345	406	213	250	227	278	249	284	335	376	396	266	271	249	376	409	394	559	623	625	689	806	799	624	699	648	166	197	188	191	195	207	183	191	192
15:08:37	324	346	344	395	401	385	359	370	375	342	341	348	755	736	729	327	338	321	339	317	333	414	422	420	364	353	357	344	324	344	542	476	507	374	381	386	1908	1796	1834	191	190	188	195	206	191	200	181	178	1578	1844	1821	781	899	950	672	754	738	808	950	881	337	346	419	245	229	238	283	271	268	352	376	390	282	271	260	420	399	386	566	599	601	718	810	784	616	692	663	197	175	188	178	196	197	191	180	176
15:18:37	344	321	347	390	382	404	356	358	352	349	362	344	745	726	749	336	341	311	322	328	327	419	400	408	359	356	359	340	353	335	545	488	513	393	367	395	1862	1823	1868	187	183	179	194	186	197	206	178	196	1553	1812	1845	760	909	948	679	764	773	837	925	909	339	380	397	241	243	247	274	262	278	357	394	389	257	273	248	396	430	398	570	604	605	730	833	801	638	706	681	192	181	197	189	183	197	198	184	198
15:28:37	356	331	328	398	390	387	350	363	377	350	378	360	755	729	752	338	335	308	337	325	309	420	422	384	361	404	353	345	352	327	525	503	490	377	385	388	1887	1794	1827	196	210	196	187	190	193	180	174	196	1567	1834	1863	789	924	934	703	759	741	840	955	898	359	376	387	216	250	231	261	275	274	352	378	397	255	261	258	418	418	405	570	628	600	706	827	821	630	700	696	205	177	176	180	182	178	188	197	187
15:38:37	354	356	344	385	393	380	356	377	381	369	362	367	779	757	734	346	362	316	337	331	348	412	408	413	343	347	364	334	347	332	536	505	506	385	367	387	1881	1795	1772	188	202	200	200	184	169	197	171	199	1612	1859	1867	769	894	954	691	763	779	834	949	920	352	358	411	221	228	236	264	280	267	372	376	395	267	244	248	402	402	408	573	617	609	733	808	803	641	716	698	188	171	191	175	177	200	190	182	183
15:48:37	349	325	355	378	388	393	358	356	354	343	364	357	745	734	771	311	333	331	317	312	322	427	441	398	379	364	376	327	350	334	566	501	519	381	363	396	1799	1799	1724	200	164	188	203	181	179	174	210	191	1598	1892	1874	801	944	944	730	758	785	838	952	923	339	362	405	247	216	231	250	266	289	350	380	385	256	276	251	402	410	418	568	622	615	747	860	787	626	717	679	195	180	189	199	195	192	199	188	205
15:58:37	332	332	355	373	389	384	365	356	391	355	368	340	740	714	729	344	337	333	323	311	343	411	432	403	388	375	370	351	333	322	546	501	489	391	371	395	2009	1766	1775	187	161	187	199	183	181	198	205	205	1655	1935	1887	787	897	946	712	789	768	871	981	930	341	350	397	251	251	246	281	261	292	355	407	411	276	276	255	396	422	408	572	598	601	726	844	816	660	713	680	188	192	192	188	195	197	197	183	191
16:08:37	333	326	334	367	385	381	341	351	364	377	343	348	752	737	718	345	342	312	317	329	330	420	408	410	365	371	377	338	350	332	533	492	498	359	367	407	1926	1733	1717	192	187	202	167	198	179	205	174	203	1646	1882	1880	797	936	938	717	789	789	865	950	946	329	376	389	231	233	255	237	277	281	351	410	387	260	288	258	426	413	402	569	624	589	738	830	814	617	688	648	193	189	172	203	188	189	187	194	174
16:18:37	365	347	338	395	389	395	333	367	363	357	375	352	734	730	740	330	335	319	353	317	327	437	415	401	356	375	366	318	347	327	542	504	492	380	367	407	1853	1726	1763	195	188	182	216	219	203	181	182	199	1616	1904	1898	787	931	946	719	794	801	840	952	940	330	349	406	236	254	248	274	286	252	364	399	380	270	270	254	378	445	427	542	620	594	742	844	818	641	713	687	188	178	187	189	179	183	193	174	194
16:28:37	358	345	344	376	390	381	357	360	358	365	355	358	769	732	739	333	302	303	348	339	342	387	403	423	366	369	358	345	345	323	548	502	494	389	379	393	1795	1776	1726	191	204	191	196	183	176	212	195	179	1634	1923	1943	792	947	971	709	788	816	867	992	930	347	347	379	229	250	243	277	265	277	364	409	403	271	265	253	415	396	411	586	606	608	755	833	813	621	717	687	187	197	166	175	173	172	180	175	176
16:38:37	363	338	361	401	395	407	332	345	385	360	346	354	742	718	719	346	349	339	324	338	336	407	420	400	381	378	355	352	365	339	512	517	520	366	375	390	1781	1707	1754	187	192	192	191	189	185	209	202	200	1644	1973	1967	811	950	980	710	785	794	885	1006	968	348	368	388	244	237	249	284	271	289	377	397	395	276	268	254	390	418	433	585	642	613	775	831	835	631	694	659	190	201	190	190	192	199	183	200	182
16:48:37	354	340	349	386	404	387	347	360	351	361	364	360	746	731	754	329	333	331	312	326	335	409	410	414	375	368	365	341	359	340	507	500	498	384	371	397	1803	1728	1770	198	197	181	202	162	203	170	193	194	1675	1967	1973	817	936	982	742	801	843	889	1002	932	360	347	406	220	244	230	272	263	272	340	402	400	266	274	274	404	416	446	595	628	625	785	868	838	626	713	674	198	187	199	198	179	189	192	171	191
16:58:37	352	336	329	381	395	396	350	389	366	373	360	363	743	728	724	349	338	325	337	340	336	395	408	413	341	375	362	354	350	338	530	492	494	396	391	383	1780	1720	1722	169	181	174	183	209	181	200	201	201	1697	1944	1934	803	971	990	722	813	797	867	988	1004	354	360	413	228	262	232	266	283	284	370	427	400	255	278	264	423	414	449	606	635	628	731	852	843	619	700	699	195	200	190	188	179	184	164	191	193
17:08:37	358	344	355	407	406	396	366	354	367	365	362	348	752	724	713	348	352	337	340	304	301	419	423	445	369	370	362	342	350	361	520	484	525	402	377	404	1819	1753	1695	185	188	186	190	198	163	202	179	176	1715	2033	2009	830	958	1011	757	848	796	896	997	946	356	356	408	220	237	238	258	285	267	365	392	404	261	274	257	419	432	434	570	623	630	762	871	862	613	693	704	182	195	208	184	162	184	174	181	211
17:18:37	340	340	365	389	360	373	360	354	370	383	353	374	731	730	719	352	323	332	326	324	312	398	406	397	378	370	374	346	351	355	527	513	506	380	387	410	1808	1712	1697	202	186	205	198	193	171	194	169	192	1721	2010	2042	830	972	983	730	831	793	918	1025	971	350	339	416	225	265	245	262	264	280	384	419	396	261	280	263	419	405	421	596	622	662	766	857	832	597	693	662	192	210	171	186	180	187	175	184	189
17:28:37	363	339	340	391	399	390	354	370	384	352	367	367	741	736	725	357	337	357	312	316	307	412	417	402	357	346	370	354	314	345	532	473	492	406	370	400	1713	1687	1678	195	193	182	178	200	205	204	180	205	1726	2029	2020	825	976	1021	739	844	814	884	1037	988	343	374	412	222	247	240	258	272	279	370	394	404	253	292	280	409	420	434	600	618	615	758	881	837	591	724	691	178	186	193	185	185	192	176	187	170
17:38:37	347	343	348	386	388	404	365	358	384	361	376	363	722	731	717	351	357	328	334	327	323	417	415	392	347	372	356	360	365	351	510	513	482	393	393	386	1727	1695	1678	187	175	170	195	188	183	179	179	197	1716	2024	1985	844	975	1016	767	850	840	909	1056	946	343	388	403	244	239	249	259	308	280	363	397	419	260	273	258	411	431	412	600	626	633	750	861	870	599	702	699	184	185	209	180	194	180	174	166	204
17:48:37	346	338	326	399	389	384	387	362	354	363	372	344	745	704	740	340	342	335	326	334	330	430	414	422	356	352	339	348	367	331	486	476	504	371	391	401	1698	1699	1673	181	192	181	209	195	193	198	167	202	1722	2031	2039	843	974	1003	765	836	841	913	1028	982	349	334	399	247	245	235	272	259	282	362	412	419	265	269	243	401	437	407	608	623	621	786	881	864	619	697	649	175	196	203	193	192	181	201	191	198
17:58:37	375	353	364	396	408	388	376	342	390	366	354	376	714	709	699	356	357	322	321	315	340	416	417	412	338	360	388	367	360	340	513	482	492	388	380	390	1730	1705	1709	187	176	185	179	220	198	194	187	182	1695	2058	2066	827	995	1042	792	859	821	905	1023	1011	362	358	426	220	241	238	259	289	276	368	406	411	266	271	260	392	423	450	573	687	636	782	890	870	644	722	692	175	207	176	170	187	184	207	197	199
18:08:37	372	347	354	385	416	404	357	379	381	346	341	352	728	716	712	354	338	311	312	336	315	404	420	411	377	356	380	354	370	345	503	503	502	378	381	401	1658	1678	1697	190	181	188	206	178	183	190	191	171	1721	2063	2078	847	1038	1023	793	858	830	915	1064	998	351	387	420	242	249	224	281	279	281	375	439	418	263	269	258	412	412	426	598	647	639	801	854	857	639	692	651	163	189	202	186	192	196	203	187	204
18:18:37	362	338	349	402	397	385	348	359	346	357	365	371	738	725	728	358	348	334	338	343	333	433	421	412	364	370	388	365	355	331	497	504	488	408	383	382	1707	1688	1714	183	175	182	205	213	196	187	190	172	1794	2110	2084	857	1000	1064	773	863	879	900	1042	981	349	372	415	221	244	238	281	280	270	374	411	400	273	276	262	418	434	414	599	671	666	788	874	880	594	720	652	194	171	189	183	189	197	200	196	193
18:28:37	356	326	330	375	403	382	367	363	349	384	361	374	729	741	719	354	354	336	316	309	327	430	419	402	397	389	368	336	368	338	491	495	488	389	386	384	1698	1657	1676	174	194	166	195	194	173	196	166	206	1773	2081	2101	830	1022	1039	773	880	866	913	1040	1015	350	360	444	228	253	255	260	273	272	389	406	417	258	283	259	394	403	412	593	674	655	784	886	890	648	679	688	168	178	186	187	192	179	205	186	196
18:38:37	348	334	345	384	377	381	366	351	348	337	350	391	720	705	726	356	331	329	346	344	349	420	401	415	364	385	372	357	348	350	489	472	496	383	370	390	1706	1654	1694	192	186	170	199	192	183	212	163	189	1797	2101	2134	827	1006	1065	789	869	864	949	1078	1049	354	377	409	248	245	259	248	266	310	408	402	445	276	274	254	417	405	443	629	645	644	790	915	868	652	677	679	201	185	162	178	196	188	192	207	188
18:48:37	359	325	350	395	396	399	367	378	358	378	371	365	717	718	718	355	345	330	329	339	314	428	405	404	368	368	368	337	372	316	515	481	508	380	377	398	1668	1650	1654	188	195	181	198	184	184	205	174	171	1780	2079	2118	875	1008	1049	774	887	875	948	1063	1054	350	377	415	231	246	248	257	281	293	371	404	390	262	269	263	438	409	418	626	662	651	793	889	887	622	700	676	188	181	185	190	183	170	180	195	178
18:58:37	353	351	355	400	395	396	369	367	382	348	386	367	733	702	716	347	353	323	316	330	346	418	431	433	364	387	368	364	342	346	505	470	494	380	380	376	1641	1673	1653	190	177	168	185	194	206	184	190	193	1810	2091	2120	867	1021	1048	783	896	881	929	1054	1058	360	357	410	220	257	229	261	262	270	373	413	413	241	251	259	398	431	429	605	676	642	821	902	914	647	687	651	185	185	191	195	178	188	186	182	180
19:08:37	370	346	347	388	389	409	370	366	376	365	359	392	723	698	724	364	353	323	343	349	339	418	391	400	359	374	366	357	360	342	514	461	478	398	365	409	1668	1675	1637	188	207	178	178	183	178	185	201	181	1821	2151	2141	888	1035	1047	806	862	874	956	1071	1060	350	359	406	255	229	241	265	275	283	376	415	423	265	288	247	410	443	435	617	681	642	802	906	874	620	710	671	190	168	172	199	179	197	175	182	200
19:18:37	367	339	336	390	410	406	380	369	398	364	352	351	727	719	728	359	344	339	330	334	332	405	405	432	360	391	378	365	367	361	505	483	492	384	389	390	1673	1619	1696	181	214	175	190	180	184	185	210	184	1824	2158	2157	901	1030	1040	797	882	898	967	1088	1041	347	370	377	230	250	250	247	296	289	386	437	408	281	262	266	409	432	443	608	668	632	817	900	870	628	707	688	186	178	195	174	191	166	191	206	187
19:28:37	370	332	354	385	407	398	384	366	360	358	361	345	730	703	690	348	339	327	330	319	330	408	416	404	342	404	363	370	372	348	472	459	497	377	372	379	1644	1617	1662	189	176	203	181	184	197	169	184	212	1813	2135	2198	881	1084	1058	785	899	893	964	1094	1056	358	379	414	245	260	254	264	262	282	368	442	422	280	259	263	395	441	416	623	687	662	818	929	922	631	702	658	193	197	178	178	177	211	180	184	196
19:38:37	364	329	333	384	384	394	359	366	376	355	368	374	731	688	718	352	361	340	324	351	358	406	398	419	369	369	363	353	355	333	489	460	474	363	381	380	1623	1627	1657	176	198	171	178	190	189	200	174	184	1834	2185	2202	876	1055	1081	804	899	907	958	1136	1054	347	361	414	199	246	252	265	279	277	380	422	429	266	264	266	407	438	452	618	696	679	829	914	922	617	684	687	200	190	194	192	193	198	193	186	178
19:48:37	360	350	365	401	388	382	373	352	371	380	368	375	696	715	662	362	356	343	332	343	335	417	404	406	383	380	392	374	360	342	458	476	473	394	387	391	1627	1654	1628	197	196	185	167	190	186	193	187	176	1819	2192	2190	885	1071	1084	798	908	896	984	1119	1096	365	355	415	237	257	244	270	271	306	397	428	417	264	283	263	401	440	428	642	689	635	814	920	879	636	701	700	174	198	169	189	177	197	171	194	203
19:58:37	372	347	328	390	375	377	372	360	376	368	354	350	737	693	690	353	352	336	337	316	338	403	400	393	383	372	365	369	382	360	492	459	476	375	379	400	1628	1643	1640	188	181	198	187	190	175	206	179	190	1816	2215	2179	882	1050	1090	829	930	916	975	1124	1100	336	360	407	241	251	252	266	278	278	418	405	406	255	285	260	416	417	439	633	679	670	839	910	904	629	693	672	184	189	187	194	176	192	194	177	185
20:08:37	350	364	353	399	386	387	375	352	376	367	365	349	670	704	696	354	356	350	332	343	341	394	405	416	373	357	365	381	344	359	501	461	450	366	359	391	1593	1590	1592	185	190	198	188	184	201	176	206	200	1872	2203	2185	904	1057	1111	839	916	913	985	1126	1093	345	337	396	247	240	254	277	263	284	394	441	429	260	293	250	423	444	438	660	687	687	811	958	904	638	699	676	189	191	180	209	184	165	196	179	183
20:18:37	364	361	375	369	407	390	373	354	370	371	352	364	705	686	690	340	347	345	339	323	341	381	410	419	373	370	365	376	372	349	462	461	467	345	366	378	1631	1594	1598	186	173	189	208	195	202	179	174	193	1871	2242	2220	917	1076	1081	810	927	913	1000	1139	1110	344	332	419	251	266	249	261	287	296	419	423	439	256	271	259	430	428	449	641	687	681	827	926	929	639	690	668	191	205	170	203	193	173	179	179	200
20:28:37	356	346	342	375	386	358	367	351	379	374	355	373	724	674	715	356	360	353	346	328	327	410	381	414	385	363	385	366	358	367	479	461	451	377	405	394	1570	1580	1597	190	204	182	205	180	177	179	186	180	1862	2214	2244	888	1063	1105	860	970	945	1004	1151	1099	351	389	419	252	274	233	265	273	277	368	436	428	267	280	234	411	452	448	646	697	668	826	924	931	648	721	679	188	189	180	180	173	199	228	185	182
20:38:37	366	359	339	388	383	391	316	360	391	336	349	357	681	686	693	357	346	358	336	334	334	386	386	402	374	380	358	352	350	349	453	457	451	367	397	382	1563	1588	1622	188	201	174	202	188	181	207	176	190	1908	2262	2266	924	1085	1110	823	939	923	1010	1150	1102	353	355	401	223	251	253	272	304	298	381	433	460	274	267	264	446	438	422	648	711	687	835	960	930	633	691	669	189	219	183	189	186	183	180	190	178
20:48:37	351	355	362	400	400	375	350	376	391	367	358	349	657	656	660	348	338	341	328	318	341	410	420	407	370	388	383	368	384	344	468	446	464	400	381	394	1546	1581	1599	198	180	177	191	194	185	199	167	182	1859	2279	2295	924	1119	1114	836	935	937	1006	1097	1072	342	381	395	263	262	247	256	284	288	408	419	430	258	289	285	421	437	452	648	684	669	844	966	932	635	695	696	212	168	176	190	197	185	188	205	208
20:58:37	349	357	351	380	390	391	361	365	365	362	359	364	672	659	644	354	351	332	333	327	322	399	407	415	359	362	367	341	369	352	458	443	461	391	370	368	1549	1548	1554	205	192	182	189	194	195	179	188	168	1917	2293	2320	913	1082	1114	840	966	933	1042	1143	1131	345	365	416	232	273	273	246	274	316	381	455	429	296	256	255	410	451	437	693	665	680	828	977	949	634	688	690	169	198	187	186	179	193	184	195	196
21:08:37	368	328	346	387	373	379	345	357	373	383	363	350	649	649	663	344	350	367	347	319	345	358	371	400	363	384	369	399	365	377	448	436	423	368	366	390	1480	1496	1552	204	185	180	200	178	191	204	189	202	1948	2322	2336	942	1107	1124	849	962	926	1036	1144	1125	341	363	402	226	266	236	284	270	271	395	456	431	261	279	240	420	446	443	631	703	664	875	963	911	608	731	647	175	194	189	185	186	177	192	188	197
21:18:37	345	357	346	386	399	365	361	366	385	325	351	372	643	642	634	357	345	342	328	325	335	383	379	392	364	398	373	376	374	363	463	428	427	390	377	388	1434	1496	1552	178	179	162	192	179	176	182	185	172	1965	2323	2277	923	1102	1145	853	957	915	1043	1174	1124	350	357	418	243	246	249	261	282	281	414	458	427	269	291	269	448	432	463	637	696	692	865	960	946	620	686	681	186	194	182	187	183	172	180	187	184
21:28:37	355	347	331	390	398	376	366	363	367	360	358	364	626	637	608	349	376	338	331	337	327	388	401	406	365	359	360	367	372	378	466	420	449	385	383	374	1423	1442	1500	198	169	187	214	190	192	192	175	194	1951	2293	2346	929	1100	1125	870	990	919	1048	1183	1120	351	360	412	239	264	243	263	272	303	400	415	456	275	291	248	426	453	449	653	707	686	877	953	974	611	693	672	199	187	171	195	200	179	179	185	183
21:38:37	376	340	343	364	399	375	360	346	367	351	368	349	625	637	607	343	364	347	327	311	347	369	404	374	370	375	390	371	381	362	445	439	426	353	378	412	1395	1428	1471	191	179	202	191	182	195	187	198	186	1939	2349	2340	940	1098	1119	858	959	966	1035	1164	1145	346	358	407	266	254	243	260	267	299	404	443	425	264	291	246	448	463	459	638	694	726	886	953	966	605	687	673	187	188	186	208	184	186	181	194	182
21:48:37	357	329	374	369	386	359	370	371	389	343	346	361	638	632	595	342	355	342	346	338	335	385	410	386	358	380	377	351	360	366	429	427	439	380	374	405	1389	1388	1418	189	185	180	195	186	189	210	200	187	1994	2304	2323	938	1153	1144	902	976	987	1077	1206	1146	346	374	417	253	248	260	267	271	288	390	432	425	272	277	274	400	457	466	657	707	692	860	944	956	603	708	712	173	194	192	189	178	190	189	179	202
21:58:37	354	325	342	375	365	372	339	338	359	357	354	368	598	613	618	369	333	341	337	340	356	391	401	378	368	407	365	366	379	367	418	410	449	364	355	378	1334	1366	1384	187	187	200	196	177	192	202	188	186	1951	2345	2367	937	1143	1137	882	980	979	1054	1182	1170	335	358	400	229	247	253	273	279	298	406	442	443	268	268	260	443	451	447	658	704	700	889	976	965	620	730	663	186	192	188	192	187	185	172	170	187
0:00:00																																																																																																
0:00:00																																																																																																
0:00:00																																																																																																
0:00:00																																																																																																
0:00:00																																																																																																
0:00:00																																																																																																
0:00:00																																																																																																
0:00:00																																																																																																
0:00:00																																																																																																
0:00:00																																																																																																
0:00:00																																																																																																
0:00:00																																																																																																
0:00:00																																																																																																
0:00:00																																																																																																
0:00:00																																																																																																
0:00:00																																																																																																
0:00:00																																																																																																
0:00:00																																																																																																
0:00:00																																																																																																
0:00:00																																																																																																
0:00:00																																																																																																
0:00:00																																																																																																

