600

Kinetic read	A1	A2	A3	A4	A5	A6	A7	A8	A9	A10	A11	A12	B1	B2	B3	B4	B5	B6	B7	B8	B9	B10	B11	B12	C1	C2	C3	C4	C5	C6	C7	C8	C9	C10	C11	C12	D1	D2	D3	D4	D5	D6	D7	D8	D9	D10	D11	D12	E1	E2	E3	E4	E5	E6	E7	E8	E9	E10	E11	E12	F1	F2	F3	F4	F5	F6	F7	F8	F9	F10	F11	F12	G1	G2	G3	G4	G5	G6	G7	G8	G9	G10	G11	G12	H1	H2	H3	H4	H5	H6	H7	H8	H9	H10	H11	H12
0:08:05	0.143	0.137	0.142	0.136	0.135	0.140	0.144	0.149	0.147	0.182	0.150	0.163	0.143	0.141	0.138	0.184	0.141	0.153	0.172	0.166	0.165	0.172	0.165	0.153	0.153	0.155	0.191	0.140	0.154	0.145	0.150	0.157	0.149	0.144	0.143	0.155	0.139	0.132	0.135	0.113	0.118	0.120	0.117	0.118	0.114	0.111	0.114	0.117	0.188	0.148	0.141	0.134	0.161	0.226	0.163	0.207	0.227	0.151	0.161	0.177	0.155	0.136	0.146	0.127	0.147	0.144	0.186	0.227	0.213	0.153	0.194	0.206	0.179	0.204	0.176	0.145	0.147	0.148	0.149	0.159	0.161	0.157	0.154	0.172	0.143	0.151	0.191	0.119	0.110	0.114	0.117	0.121	0.117	0.115	0.120	0.116
0:18:05	0.143	0.164	0.208	0.134	0.177	0.153	0.221	0.196	0.152	0.183	0.148	0.148	0.143	0.145	0.189	0.252	0.199	0.146	0.174	0.202	0.173	0.171	0.152	0.151	0.213	0.160	0.178	0.140	0.153	0.190	0.174	0.156	0.204	0.186	0.198	0.153	0.146	0.138	0.141	0.114	0.119	0.120	0.117	0.118	0.115	0.111	0.114	0.117	0.205	0.208	0.179	0.180	0.203	0.244	0.165	0.241	0.224	0.160	0.160	0.178	0.179	0.167	0.176	0.126	0.189	0.195	0.189	0.246	0.241	0.157	0.187	0.209	0.185	0.213	0.182	0.170	0.175	0.153	0.215	0.171	0.205	0.189	0.153	0.173	0.148	0.162	0.218	0.119	0.110	0.115	0.117	0.121	0.117	0.115	0.119	0.116
0:28:05	0.175	0.204	0.220	0.135	0.197	0.192	0.226	0.206	0.205	0.197	0.149	0.151	0.145	0.225	0.216	0.255	0.240	0.169	0.191	0.215	0.189	0.174	0.168	0.150	0.232	0.235	0.169	0.153	0.170	0.228	0.241	0.157	0.248	0.217	0.230	0.153	0.140	0.181	0.155	0.113	0.118	0.120	0.117	0.118	0.114	0.111	0.113	0.117	0.221	0.233	0.224	0.189	0.210	0.241	0.174	0.244	0.172	0.160	0.161	0.179	0.168	0.192	0.209	0.158	0.222	0.212	0.194	0.211	0.188	0.155	0.177	0.213	0.186	0.209	0.157	0.149	0.217	0.163	0.228	0.166	0.173	0.143	0.154	0.179	0.153	0.162	0.219	0.119	0.110	0.114	0.117	0.121	0.116	0.115	0.119	0.116
0:38:05	0.182	0.216	0.245	0.166	0.210	0.192	0.225	0.217	0.200	0.219	0.150	0.154	0.146	0.227	0.219	0.246	0.252	0.167	0.175	0.216	0.217	0.188	0.172	0.151	0.226	0.255	0.170	0.168	0.198	0.228	0.248	0.159	0.246	0.206	0.221	0.154	0.151	0.181	0.174	0.114	0.119	0.120	0.117	0.119	0.115	0.112	0.114	0.116	0.191	0.218	0.231	0.203	0.213	0.237	0.168	0.239	0.183	0.159	0.162	0.181	0.181	0.207	0.223	0.179	0.235	0.226	0.204	0.193	0.179	0.157	0.165	0.216	0.188	0.187	0.164	0.149	0.210	0.162	0.198	0.165	0.164	0.142	0.152	0.183	0.159	0.166	0.194	0.119	0.110	0.114	0.117	0.121	0.117	0.115	0.119	0.116
0:48:05	0.163	0.230	0.247	0.175	0.195	0.181	0.224	0.220	0.185	0.206	0.153	0.156	0.149	0.228	0.213	0.237	0.257	0.147	0.177	0.214	0.199	0.178	0.173	0.154	0.211	0.244	0.167	0.189	0.209	0.224	0.241	0.161	0.220	0.178	0.176	0.154	0.154	0.195	0.184	0.113	0.118	0.120	0.117	0.118	0.114	0.111	0.114	0.116	0.190	0.221	0.221	0.202	0.209	0.229	0.166	0.209	0.180	0.159	0.174	0.182	0.164	0.208	0.218	0.196	0.226	0.218	0.185	0.190	0.174	0.158	0.160	0.215	0.186	0.186	0.184	0.153	0.180	0.156	0.168	0.169	0.164	0.145	0.152	0.175	0.164	0.171	0.179	0.119	0.110	0.114	0.117	0.121	0.116	0.115	0.119	0.115
0:58:05	0.204	0.228	0.246	0.175	0.199	0.204	0.222	0.200	0.163	0.214	0.155	0.160	0.154	0.224	0.204	0.209	0.254	0.151	0.180	0.209	0.190	0.172	0.162	0.155	0.196	0.228	0.165	0.201	0.232	0.203	0.211	0.166	0.191	0.169	0.158	0.156	0.146	0.209	0.199	0.113	0.118	0.119	0.117	0.118	0.114	0.111	0.113	0.116	0.170	0.208	0.194	0.160	0.175	0.210	0.167	0.176	0.172	0.160	0.165	0.183	0.173	0.207	0.216	0.209	0.204	0.177	0.165	0.199	0.172	0.164	0.165	0.216	0.186	0.197	0.195	0.153	0.156	0.157	0.160	0.170	0.169	0.149	0.153	0.177	0.169	0.170	0.165	0.118	0.110	0.114	0.117	0.121	0.116	0.115	0.119	0.115
1:08:05	0.221	0.230	0.225	0.180	0.196	0.182	0.190	0.173	0.163	0.162	0.157	0.163	0.154	0.218	0.159	0.182	0.251	0.149	0.183	0.179	0.206	0.172	0.165	0.157	0.199	0.219	0.169	0.213	0.239	0.189	0.209	0.170	0.173	0.163	0.178	0.157	0.146	0.208	0.207	0.113	0.118	0.119	0.117	0.118	0.114	0.111	0.113	0.116	0.162	0.191	0.205	0.144	0.149	0.195	0.168	0.174	0.176	0.160	0.169	0.183	0.154	0.203	0.208	0.200	0.174	0.158	0.159	0.199	0.174	0.168	0.171	0.216	0.185	0.192	0.204	0.154	0.154	0.157	0.162	0.172	0.170	0.147	0.157	0.178	0.173	0.169	0.164	0.118	0.110	0.114	0.116	0.121	0.116	0.115	0.119	0.115
1:18:05	0.178	0.214	0.237	0.149	0.178	0.196	0.181	0.172	0.175	0.204	0.161	0.166	0.157	0.214	0.180	0.147	0.247	0.152	0.186	0.179	0.192	0.176	0.170	0.158	0.185	0.203	0.168	0.218	0.221	0.176	0.191	0.174	0.209	0.171	0.181	0.159	0.151	0.217	0.212	0.113	0.118	0.119	0.117	0.118	0.114	0.111	0.113	0.116	0.161	0.188	0.201	0.143	0.147	0.176	0.170	0.187	0.206	0.165	0.170	0.186	0.143	0.189	0.234	0.181	0.169	0.160	0.163	0.201	0.178	0.168	0.174	0.215	0.184	0.195	0.181	0.156	0.159	0.158	0.168	0.174	0.173	0.150	0.161	0.182	0.178	0.172	0.159	0.118	0.110	0.114	0.116	0.121	0.116	0.115	0.119	0.115
1:28:05	0.189	0.219	0.240	0.187	0.188	0.211	0.207	0.173	0.174	0.163	0.164	0.169	0.161	0.203	0.159	0.152	0.246	0.155	0.189	0.184	0.197	0.179	0.174	0.162	0.186	0.198	0.175	0.209	0.192	0.176	0.181	0.180	0.203	0.173	0.161	0.162	0.157	0.218	0.218	0.113	0.118	0.120	0.117	0.118	0.114	0.111	0.113	0.116	0.186	0.217	0.228	0.157	0.153	0.172	0.172	0.247	0.190	0.174	0.173	0.188	0.143	0.174	0.230	0.176	0.170	0.161	0.162	0.196	0.181	0.170	0.183	0.215	0.190	0.197	0.181	0.159	0.173	0.160	0.173	0.177	0.178	0.153	0.165	0.183	0.181	0.173	0.162	0.118	0.110	0.114	0.116	0.121	0.116	0.115	0.119	0.115
1:38:05	0.185	0.220	0.218	0.163	0.167	0.171	0.217	0.184	0.176	0.170	0.170	0.173	0.165	0.160	0.163	0.155	0.205	0.158	0.195	0.188	0.204	0.185	0.180	0.164	0.179	0.202	0.173	0.197	0.190	0.201	0.241	0.183	0.242	0.206	0.221	0.165	0.162	0.209	0.215	0.113	0.118	0.120	0.117	0.118	0.114	0.111	0.113	0.116	0.165	0.253	0.249	0.156	0.155	0.168	0.175	0.212	0.187	0.173	0.176	0.189	0.144	0.194	0.188	0.158	0.171	0.158	0.163	0.196	0.184	0.175	0.188	0.212	0.182	0.203	0.186	0.161	0.175	0.163	0.179	0.183	0.186	0.156	0.168	0.189	0.187	0.178	0.165	0.118	0.110	0.114	0.116	0.121	0.116	0.116	0.119	0.115
1:48:05	0.214	0.227	0.230	0.181	0.192	0.171	0.225	0.214	0.178	0.191	0.174	0.178	0.170	0.165	0.168	0.157	0.165	0.161	0.200	0.200	0.205	0.191	0.184	0.168	0.194	0.186	0.176	0.190	0.200	0.194	0.201	0.190	0.238	0.189	0.175	0.167	0.160	0.199	0.217	0.113	0.118	0.119	0.116	0.118	0.114	0.111	0.113	0.116	0.238	0.244	0.223	0.147	0.154	0.174	0.180	0.192	0.187	0.173	0.179	0.191	0.218	0.189	0.179	0.156	0.172	0.165	0.164	0.200	0.185	0.177	0.187	0.213	0.182	0.208	0.185	0.165	0.176	0.168	0.180	0.187	0.185	0.159	0.172	0.183	0.190	0.179	0.172	0.118	0.110	0.114	0.116	0.120	0.116	0.115	0.119	0.115
1:58:05	0.219	0.226	0.234	0.181	0.191	0.168	0.219	0.216	0.185	0.202	0.180	0.184	0.175	0.175	0.172	0.163	0.164	0.165	0.207	0.203	0.200	0.197	0.192	0.173	0.185	0.192	0.181	0.181	0.214	0.193	0.196	0.195	0.189	0.198	0.173	0.171	0.164	0.187	0.215	0.113	0.118	0.119	0.117	0.118	0.114	0.111	0.113	0.116	0.157	0.231	0.235	0.151	0.156	0.176	0.187	0.201	0.192	0.175	0.182	0.193	0.145	0.171	0.208	0.150	0.171	0.160	0.168	0.201	0.191	0.178	0.191	0.216	0.181	0.202	0.181	0.165	0.179	0.170	0.188	0.192	0.191	0.164	0.177	0.187	0.191	0.181	0.174	0.118	0.110	0.114	0.116	0.120	0.116	0.115	0.119	0.115
2:08:05	0.238	0.229	0.232	0.203	0.211	0.173	0.215	0.212	0.190	0.192	0.187	0.191	0.180	0.201	0.178	0.166	0.169	0.169	0.212	0.207	0.206	0.204	0.198	0.178	0.190	0.194	0.185	0.184	0.195	0.188	0.228	0.201	0.196	0.183	0.171	0.177	0.168	0.206	0.209	0.113	0.118	0.119	0.116	0.118	0.114	0.111	0.113	0.116	0.169	0.236	0.237	0.165	0.164	0.175	0.188	0.202	0.195	0.176	0.185	0.196	0.147	0.175	0.176	0.146	0.173	0.165	0.172	0.204	0.194	0.181	0.196	0.215	0.181	0.233	0.185	0.167	0.189	0.172	0.187	0.198	0.194	0.165	0.179	0.189	0.193	0.184	0.185	0.118	0.110	0.114	0.116	0.120	0.116	0.115	0.119	0.115
2:18:05	0.242	0.227	0.232	0.204	0.208	0.179	0.211	0.208	0.197	0.200	0.195	0.196	0.193	0.201	0.206	0.172	0.173	0.174	0.219	0.211	0.211	0.209	0.206	0.183	0.196	0.200	0.190	0.197	0.200	0.195	0.224	0.207	0.205	0.189	0.175	0.182	0.173	0.203	0.216	0.113	0.118	0.119	0.116	0.118	0.114	0.111	0.113	0.116	0.165	0.224	0.212	0.159	0.161	0.177	0.186	0.197	0.199	0.187	0.188	0.197	0.199	0.218	0.192	0.148	0.172	0.164	0.176	0.210	0.200	0.185	0.200	0.213	0.181	0.197	0.192	0.170	0.204	0.176	0.190	0.203	0.198	0.166	0.186	0.191	0.196	0.183	0.179	0.118	0.110	0.114	0.116	0.120	0.116	0.115	0.119	0.115
2:28:05	0.242	0.224	0.238	0.208	0.208	0.186	0.200	0.202	0.203	0.199	0.200	0.203	0.195	0.202	0.213	0.177	0.179	0.181	0.229	0.218	0.216	0.216	0.228	0.188	0.199	0.209	0.195	0.204	0.209	0.199	0.211	0.213	0.209	0.194	0.180	0.188	0.179	0.217	0.182	0.113	0.118	0.120	0.116	0.118	0.114	0.111	0.113	0.116	0.219	0.240	0.207	0.152	0.165	0.181	0.186	0.195	0.201	0.181	0.192	0.200	0.150	0.203	0.196	0.156	0.175	0.168	0.178	0.215	0.205	0.187	0.202	0.214	0.181	0.196	0.191	0.173	0.206	0.178	0.195	0.207	0.201	0.171	0.189	0.192	0.198	0.186	0.192	0.118	0.110	0.114	0.116	0.120	0.116	0.115	0.119	0.115
2:38:05	0.204	0.228	0.207	0.213	0.212	0.191	0.209	0.209	0.213	0.205	0.204	0.208	0.198	0.208	0.203	0.199	0.237	0.184	0.233	0.225	0.223	0.225	0.217	0.198	0.204	0.210	0.201	0.206	0.211	0.204	0.219	0.221	0.216	0.203	0.186	0.192	0.185	0.186	0.199	0.113	0.117	0.119	0.116	0.117	0.114	0.111	0.113	0.116	0.165	0.209	0.220	0.157	0.175	0.182	0.189	0.198	0.203	0.185	0.194	0.202	0.217	0.206	0.212	0.161	0.175	0.167	0.180	0.216	0.208	0.190	0.204	0.215	0.183	0.195	0.195	0.175	0.197	0.181	0.198	0.209	0.202	0.172	0.190	0.196	0.199	0.187	0.178	0.118	0.110	0.114	0.116	0.120	0.116	0.115	0.119	0.115
2:48:05	0.208	0.202	0.212	0.207	0.211	0.196	0.218	0.220	0.219	0.215	0.214	0.214	0.205	0.202	0.202	0.243	0.233	0.191	0.241	0.231	0.232	0.235	0.226	0.205	0.207	0.212	0.207	0.211	0.216	0.212	0.227	0.229	0.226	0.209	0.193	0.198	0.190	0.188	0.187	0.113	0.118	0.119	0.116	0.118	0.114	0.111	0.113	0.116	0.184	0.206	0.192	0.158	0.171	0.185	0.190	0.201	0.206	0.188	0.196	0.204	0.155	0.209	0.188	0.171	0.193	0.171	0.184	0.221	0.211	0.192	0.205	0.216	0.187	0.202	0.199	0.177	0.192	0.186	0.201	0.213	0.209	0.176	0.194	0.200	0.199	0.190	0.181	0.117	0.109	0.114	0.116	0.120	0.116	0.115	0.118	0.114
2:58:05	0.217	0.206	0.219	0.198	0.202	0.205	0.224	0.227	0.227	0.223	0.220	0.223	0.211	0.207	0.208	0.242	0.236	0.198	0.249	0.242	0.240	0.245	0.235	0.211	0.213	0.216	0.212	0.218	0.223	0.218	0.237	0.237	0.234	0.215	0.201	0.206	0.196	0.204	0.202	0.113	0.117	0.119	0.116	0.117	0.113	0.111	0.113	0.116	0.184	0.204	0.191	0.170	0.176	0.189	0.194	0.203	0.210	0.191	0.199	0.207	0.160	0.212	0.192	0.161	0.180	0.179	0.186	0.224	0.214	0.194	0.209	0.219	0.189	0.204	0.203	0.180	0.193	0.189	0.205	0.215	0.212	0.179	0.196	0.199	0.200	0.191	0.180	0.117	0.109	0.113	0.116	0.120	0.116	0.115	0.118	0.114
3:08:05	0.224	0.213	0.226	0.203	0.209	0.211	0.236	0.238	0.233	0.232	0.231	0.233	0.220	0.212	0.215	0.233	0.206	0.205	0.259	0.250	0.249	0.254	0.247	0.218	0.219	0.221	0.218	0.226	0.230	0.226	0.248	0.248	0.243	0.224	0.207	0.213	0.209	0.199	0.201	0.113	0.117	0.119	0.116	0.117	0.114	0.111	0.113	0.116	0.180	0.207	0.195	0.166	0.181	0.198	0.196	0.207	0.210	0.194	0.200	0.209	0.159	0.186	0.195	0.152	0.187	0.178	0.190	0.226	0.217	0.197	0.212	0.221	0.191	0.208	0.208	0.180	0.196	0.192	0.206	0.218	0.214	0.183	0.198	0.201	0.201	0.193	0.183	0.117	0.109	0.113	0.116	0.119	0.115	0.114	0.118	0.114
3:18:05	0.232	0.220	0.234	0.211	0.214	0.218	0.245	0.248	0.239	0.242	0.240	0.242	0.227	0.220	0.226	0.218	0.211	0.212	0.268	0.260	0.258	0.266	0.258	0.227	0.228	0.229	0.224	0.233	0.239	0.235	0.259	0.258	0.257	0.233	0.215	0.220	0.215	0.206	0.208	0.113	0.117	0.119	0.116	0.117	0.114	0.110	0.113	0.116	0.184	0.201	0.193	0.167	0.182	0.193	0.196	0.210	0.212	0.197	0.203	0.212	0.201	0.192	0.199	0.153	0.189	0.183	0.192	0.229	0.220	0.200	0.216	0.224	0.195	0.211	0.213	0.183	0.199	0.195	0.206	0.224	0.218	0.185	0.202	0.204	0.201	0.199	0.185	0.117	0.109	0.113	0.116	0.120	0.115	0.114	0.118	0.114
3:28:05	0.241	0.227	0.241	0.216	0.221	0.224	0.256	0.257	0.252	0.249	0.250	0.253	0.236	0.229	0.235	0.215	0.217	0.220	0.278	0.270	0.265	0.272	0.270	0.234	0.236	0.235	0.232	0.245	0.249	0.246	0.270	0.269	0.268	0.242	0.223	0.228	0.215	0.214	0.214	0.113	0.117	0.119	0.116	0.117	0.114	0.111	0.113	0.116	0.186	0.205	0.195	0.170	0.185	0.197	0.200	0.216	0.216	0.199	0.208	0.215	0.186	0.185	0.202	0.196	0.190	0.185	0.193	0.231	0.221	0.202	0.219	0.228	0.198	0.215	0.214	0.185	0.200	0.199	0.208	0.225	0.221	0.187	0.204	0.207	0.202	0.198	0.188	0.117	0.109	0.113	0.115	0.119	0.115	0.114	0.118	0.114
3:38:05	0.251	0.236	0.252	0.225	0.229	0.233	0.266	0.264	0.264	0.259	0.260	0.264	0.245	0.237	0.245	0.222	0.225	0.225	0.290	0.281	0.276	0.286	0.281	0.246	0.245	0.244	0.240	0.253	0.260	0.257	0.283	0.282	0.277	0.254	0.234	0.237	0.222	0.218	0.221	0.113	0.117	0.119	0.116	0.117	0.114	0.111	0.113	0.116	0.186	0.207	0.198	0.174	0.186	0.200	0.202	0.218	0.220	0.202	0.210	0.217	0.170	0.178	0.203	0.215	0.195	0.189	0.195	0.235	0.225	0.205	0.224	0.231	0.201	0.219	0.220	0.189	0.203	0.199	0.211	0.230	0.224	0.191	0.208	0.210	0.201	0.200	0.190	0.117	0.109	0.113	0.116	0.120	0.115	0.114	0.118	0.114
3:48:05	0.261	0.247	0.263	0.235	0.238	0.241	0.275	0.274	0.275	0.270	0.270	0.274	0.255	0.249	0.255	0.230	0.233	0.233	0.303	0.292	0.287	0.300	0.292	0.255	0.255	0.254	0.247	0.264	0.271	0.266	0.294	0.294	0.288	0.264	0.242	0.248	0.230	0.227	0.229	0.113	0.117	0.119	0.116	0.117	0.114	0.110	0.113	0.116	0.187	0.210	0.200	0.174	0.190	0.202	0.205	0.220	0.223	0.203	0.214	0.220	0.203	0.182	0.207	0.159	0.196	0.190	0.198	0.239	0.228	0.208	0.225	0.232	0.204	0.224	0.223	0.190	0.204	0.203	0.215	0.233	0.229	0.191	0.211	0.214	0.203	0.202	0.193	0.117	0.110	0.114	0.116	0.119	0.115	0.114	0.118	0.114
3:58:05	0.274	0.255	0.274	0.244	0.247	0.251	0.288	0.287	0.287	0.283	0.283	0.287	0.268	0.257	0.265	0.240	0.241	0.239	0.317	0.306	0.301	0.314	0.308	0.267	0.265	0.264	0.259	0.278	0.281	0.280	0.311	0.307	0.302	0.277	0.254	0.258	0.240	0.236	0.238	0.113	0.117	0.119	0.116	0.117	0.114	0.111	0.113	0.116	0.187	0.214	0.204	0.177	0.191	0.204	0.206	0.221	0.225	0.206	0.218	0.223	0.195	0.183	0.210	0.162	0.197	0.193	0.199	0.241	0.231	0.209	0.230	0.236	0.208	0.227	0.227	0.191	0.207	0.204	0.218	0.235	0.232	0.194	0.213	0.216	0.203	0.205	0.194	0.117	0.109	0.114	0.116	0.120	0.115	0.114	0.118	0.114
4:08:05	0.283	0.267	0.287	0.254	0.258	0.264	0.298	0.300	0.300	0.298	0.296	0.300	0.279	0.269	0.278	0.251	0.252	0.245	0.330	0.315	0.313	0.327	0.319	0.276	0.273	0.275	0.269	0.289	0.293	0.293	0.324	0.323	0.316	0.286	0.262	0.269	0.253	0.246	0.248	0.113	0.117	0.119	0.116	0.117	0.113	0.111	0.113	0.116	0.187	0.217	0.209	0.177	0.195	0.207	0.208	0.223	0.229	0.208	0.220	0.225	0.177	0.185	0.213	0.163	0.200	0.196	0.202	0.244	0.234	0.213	0.235	0.239	0.212	0.232	0.231	0.194	0.209	0.204	0.222	0.239	0.234	0.197	0.216	0.219	0.204	0.220	0.197	0.117	0.109	0.113	0.116	0.119	0.115	0.114	0.118	0.114
4:18:05	0.298	0.279	0.300	0.268	0.270	0.274	0.312	0.313	0.316	0.313	0.310	0.313	0.292	0.279	0.287	0.260	0.262	0.256	0.344	0.331	0.326	0.341	0.336	0.289	0.284	0.285	0.280	0.303	0.305	0.306	0.340	0.336	0.331	0.298	0.276	0.282	0.262	0.257	0.259	0.113	0.117	0.119	0.116	0.117	0.114	0.111	0.113	0.116	0.189	0.220	0.212	0.179	0.197	0.208	0.212	0.226	0.231	0.210	0.222	0.228	0.177	0.188	0.217	0.198	0.202	0.197	0.205	0.247	0.239	0.215	0.237	0.241	0.215	0.238	0.237	0.196	0.211	0.205	0.226	0.243	0.237	0.199	0.217	0.221	0.204	0.222	0.200	0.117	0.109	0.113	0.115	0.119	0.115	0.114	0.118	0.114
4:28:05	0.312	0.290	0.313	0.278	0.281	0.288	0.329	0.329	0.330	0.325	0.325	0.329	0.305	0.292	0.302	0.271	0.273	0.268	0.358	0.345	0.339	0.356	0.350	0.302	0.296	0.298	0.291	0.315	0.319	0.319	0.354	0.351	0.345	0.312	0.285	0.296	0.276	0.267	0.269	0.113	0.117	0.118	0.116	0.117	0.113	0.110	0.113	0.116	0.191	0.224	0.214	0.180	0.198	0.212	0.215	0.229	0.234	0.213	0.224	0.232	0.180	0.191	0.218	0.173	0.204	0.199	0.208	0.249	0.240	0.217	0.240	0.246	0.219	0.242	0.240	0.198	0.212	0.208	0.229	0.246	0.241	0.202	0.221	0.224	0.205	0.236	0.202	0.117	0.109	0.113	0.115	0.119	0.115	0.114	0.118	0.114
4:38:05	0.327	0.306	0.328	0.292	0.296	0.300	0.344	0.344	0.343	0.341	0.338	0.339	0.320	0.305	0.317	0.282	0.283	0.280	0.370	0.361	0.354	0.375	0.363	0.316	0.309	0.311	0.301	0.330	0.334	0.333	0.370	0.367	0.362	0.325	0.299	0.309	0.286	0.280	0.281	0.113	0.117	0.118	0.116	0.117	0.113	0.110	0.113	0.116	0.195	0.228	0.219	0.183	0.200	0.214	0.218	0.233	0.237	0.217	0.229	0.235	0.183	0.194	0.221	0.173	0.206	0.202	0.210	0.249	0.245	0.220	0.244	0.250	0.223	0.247	0.245	0.201	0.213	0.210	0.231	0.249	0.244	0.204	0.226	0.227	0.207	0.219	0.203	0.117	0.109	0.113	0.115	0.119	0.115	0.114	0.118	0.114
4:48:05	0.344	0.318	0.341	0.305	0.309	0.312	0.356	0.358	0.355	0.354	0.356	0.355	0.334	0.320	0.333	0.294	0.296	0.292	0.384	0.376	0.369	0.388	0.378	0.330	0.321	0.324	0.317	0.344	0.348	0.347	0.383	0.382	0.378	0.342	0.316	0.324	0.301	0.293	0.293	0.113	0.117	0.118	0.116	0.117	0.113	0.111	0.113	0.116	0.198	0.231	0.220	0.186	0.202	0.219	0.221	0.236	0.240	0.218	0.232	0.238	0.184	0.195	0.225	0.173	0.209	0.205	0.213	0.254	0.245	0.224	0.248	0.253	0.228	0.253	0.247	0.202	0.216	0.212	0.233	0.254	0.247	0.206	0.229	0.229	0.209	0.223	0.206	0.117	0.109	0.113	0.115	0.119	0.115	0.114	0.118	0.114
4:58:05	0.356	0.332	0.356	0.319	0.323	0.326	0.372	0.374	0.369	0.371	0.371	0.372	0.349	0.334	0.346	0.308	0.308	0.300	0.399	0.388	0.383	0.404	0.391	0.344	0.337	0.338	0.331	0.360	0.362	0.361	0.396	0.398	0.395	0.357	0.327	0.338	0.316	0.306	0.308	0.113	0.117	0.118	0.116	0.117	0.113	0.110	0.113	0.116	0.200	0.234	0.224	0.188	0.205	0.220	0.225	0.240	0.243	0.221	0.235	0.243	0.186	0.198	0.228	0.175	0.212	0.207	0.216	0.255	0.250	0.226	0.252	0.258	0.231	0.256	0.253	0.205	0.220	0.216	0.236	0.259	0.250	0.210	0.231	0.232	0.208	0.224	0.209	0.117	0.109	0.113	0.115	0.119	0.115	0.114	0.118	0.114
5:08:05	0.372	0.346	0.372	0.332	0.337	0.341	0.387	0.388	0.384	0.387	0.387	0.386	0.364	0.349	0.360	0.319	0.323	0.312	0.416	0.402	0.398	0.422	0.407	0.358	0.350	0.350	0.347	0.374	0.377	0.374	0.410	0.414	0.410	0.374	0.342	0.351	0.330	0.320	0.320	0.113	0.117	0.119	0.116	0.117	0.114	0.111	0.113	0.116	0.203	0.238	0.228	0.189	0.207	0.224	0.229	0.244	0.246	0.225	0.239	0.245	0.189	0.201	0.230	0.177	0.215	0.210	0.217	0.259	0.255	0.228	0.256	0.263	0.235	0.263	0.258	0.207	0.222	0.217	0.239	0.264	0.253	0.212	0.234	0.235	0.211	0.225	0.211	0.117	0.109	0.113	0.115	0.119	0.115	0.114	0.118	0.114
5:18:05	0.386	0.359	0.386	0.346	0.350	0.353	0.401	0.401	0.398	0.400	0.401	0.398	0.379	0.361	0.376	0.334	0.338	0.326	0.425	0.417	0.411	0.431	0.421	0.372	0.366	0.367	0.360	0.389	0.392	0.388	0.424	0.427	0.424	0.391	0.358	0.363	0.344	0.335	0.334	0.113	0.117	0.118	0.115	0.117	0.113	0.110	0.113	0.116	0.204	0.241	0.231	0.190	0.210	0.224	0.232	0.248	0.250	0.228	0.243	0.246	0.191	0.205	0.233	0.180	0.217	0.212	0.219	0.262	0.259	0.233	0.262	0.269	0.239	0.265	0.263	0.208	0.223	0.219	0.243	0.267	0.257	0.216	0.238	0.237	0.210	0.242	0.213	0.117	0.109	0.113	0.115	0.119	0.115	0.114	0.118	0.114
5:28:05	0.399	0.374	0.400	0.358	0.363	0.365	0.415	0.415	0.414	0.416	0.414	0.416	0.392	0.377	0.389	0.348	0.351	0.336	0.440	0.429	0.424	0.445	0.433	0.386	0.380	0.380	0.373	0.400	0.403	0.401	0.435	0.440	0.439	0.402	0.373	0.381	0.358	0.349	0.350	0.113	0.117	0.118	0.116	0.117	0.113	0.110	0.113	0.116	0.207	0.243	0.235	0.192	0.213	0.228	0.234	0.252	0.253	0.229	0.246	0.249	0.193	0.205	0.236	0.181	0.220	0.216	0.222	0.266	0.262	0.235	0.265	0.273	0.242	0.270	0.267	0.210	0.227	0.222	0.246	0.270	0.261	0.217	0.240	0.241	0.211	0.234	0.215	0.117	0.109	0.113	0.115	0.119	0.115	0.114	0.118	0.114
5:38:05	0.415	0.386	0.414	0.376	0.380	0.381	0.428	0.429	0.429	0.427	0.428	0.427	0.406	0.389	0.400	0.362	0.365	0.349	0.454	0.440	0.435	0.458	0.444	0.404	0.396	0.396	0.388	0.415	0.422	0.414	0.451	0.453	0.452	0.418	0.388	0.396	0.372	0.365	0.364	0.113	0.117	0.118	0.115	0.117	0.113	0.110	0.113	0.116	0.211	0.247	0.237	0.193	0.217	0.230	0.236	0.257	0.256	0.231	0.247	0.253	0.194	0.209	0.238	0.184	0.221	0.217	0.224	0.269	0.267	0.238	0.269	0.277	0.248	0.274	0.273	0.213	0.228	0.226	0.249	0.275	0.266	0.221	0.244	0.243	0.212	0.244	0.219	0.117	0.109	0.113	0.115	0.119	0.115	0.114	0.118	0.114
5:48:05	0.428	0.403	0.429	0.388	0.391	0.395	0.437	0.441	0.439	0.438	0.442	0.441	0.421	0.407	0.413	0.376	0.380	0.367	0.462	0.452	0.447	0.468	0.457	0.417	0.409	0.410	0.403	0.430	0.430	0.428	0.458	0.464	0.462	0.433	0.403	0.410	0.387	0.379	0.381	0.113	0.117	0.118	0.116	0.117	0.113	0.110	0.113	0.116	0.214	0.251	0.240	0.196	0.218	0.232	0.238	0.258	0.259	0.234	0.252	0.257	0.196	0.211	0.241	0.184	0.223	0.220	0.226	0.272	0.269	0.241	0.273	0.280	0.250	0.278	0.278	0.215	0.229	0.227	0.253	0.276	0.269	0.222	0.247	0.247	0.213	0.231	0.221	0.117	0.109	0.113	0.115	0.119	0.115	0.114	0.118	0.114
5:58:05	0.441	0.412	0.441	0.402	0.404	0.408	0.449	0.453	0.452	0.451	0.451	0.459	0.437	0.419	0.429	0.388	0.392	0.378	0.472	0.463	0.456	0.480	0.466	0.430	0.425	0.428	0.418	0.444	0.444	0.439	0.469	0.474	0.472	0.448	0.417	0.425	0.399	0.392	0.393	0.112	0.117	0.118	0.115	0.116	0.113	0.110	0.113	0.115	0.218	0.253	0.244	0.197	0.218	0.234	0.242	0.261	0.264	0.237	0.254	0.259	0.199	0.214	0.244	0.187	0.224	0.222	0.229	0.277	0.274	0.244	0.277	0.284	0.256	0.284	0.282	0.215	0.232	0.230	0.258	0.280	0.272	0.227	0.249	0.250	0.214	0.248	0.225	0.117	0.109	0.113	0.115	0.118	0.115	0.114	0.118	0.114
6:08:05	0.451	0.428	0.453	0.413	0.413	0.419	0.458	0.464	0.463	0.459	0.464	0.470	0.446	0.430	0.435	0.403	0.408	0.392	0.479	0.470	0.462	0.487	0.474	0.444	0.438	0.442	0.430	0.457	0.455	0.449	0.477	0.487	0.480	0.458	0.427	0.440	0.414	0.407	0.405	0.113	0.117	0.118	0.115	0.116	0.113	0.110	0.112	0.115	0.219	0.257	0.246	0.198	0.221	0.236	0.245	0.265	0.267	0.239	0.258	0.265	0.201	0.216	0.248	0.188	0.227	0.223	0.233	0.279	0.277	0.246	0.280	0.290	0.259	0.287	0.285	0.218	0.234	0.231	0.261	0.284	0.278	0.226	0.251	0.252	0.216	0.236	0.227	0.117	0.109	0.113	0.115	0.118	0.115	0.114	0.118	0.114
6:18:05	0.463	0.437	0.461	0.422	0.423	0.430	0.468	0.472	0.470	0.470	0.474	0.477	0.454	0.442	0.448	0.416	0.421	0.405	0.484	0.476	0.474	0.493	0.485	0.454	0.449	0.454	0.436	0.468	0.462	0.461	0.486	0.492	0.487	0.467	0.443	0.454	0.425	0.417	0.417	0.112	0.116	0.118	0.115	0.116	0.113	0.110	0.112	0.115	0.221	0.260	0.249	0.201	0.223	0.239	0.247	0.269	0.269	0.241	0.261	0.267	0.203	0.217	0.249	0.190	0.229	0.225	0.235	0.282	0.281	0.250	0.284	0.291	0.261	0.292	0.289	0.220	0.235	0.234	0.263	0.287	0.279	0.230	0.253	0.255	0.217	0.248	0.230	0.116	0.109	0.113	0.115	0.118	0.115	0.114	0.117	0.114
6:28:05	0.471	0.447	0.473	0.434	0.436	0.440	0.477	0.482	0.482	0.482	0.482	0.488	0.465	0.454	0.456	0.427	0.435	0.417	0.492	0.489	0.479	0.501	0.490	0.463	0.461	0.468	0.447	0.473	0.474	0.473	0.491	0.502	0.500	0.479	0.453	0.468	0.436	0.430	0.430	0.113	0.117	0.118	0.115	0.116	0.113	0.110	0.113	0.115	0.224	0.262	0.254	0.203	0.227	0.242	0.250	0.272	0.272	0.245	0.266	0.270	0.205	0.221	0.252	0.192	0.232	0.227	0.237	0.285	0.284	0.251	0.287	0.296	0.265	0.297	0.294	0.221	0.239	0.237	0.266	0.293	0.281	0.232	0.257	0.258	0.219	0.241	0.232	0.117	0.109	0.113	0.115	0.118	0.115	0.114	0.118	0.114
6:38:05	0.477	0.456	0.480	0.441	0.444	0.449	0.484	0.488	0.486	0.488	0.492	0.496	0.472	0.464	0.465	0.434	0.444	0.427	0.496	0.493	0.484	0.506	0.501	0.472	0.470	0.479	0.462	0.479	0.481	0.480	0.500	0.510	0.506	0.485	0.465	0.477	0.444	0.440	0.442	0.112	0.117	0.118	0.115	0.116	0.113	0.110	0.113	0.115	0.226	0.263	0.256	0.204	0.228	0.246	0.253	0.275	0.275	0.248	0.270	0.273	0.207	0.222	0.256	0.194	0.232	0.227	0.241	0.288	0.288	0.255	0.295	0.302	0.268	0.301	0.300	0.225	0.240	0.239	0.270	0.295	0.286	0.234	0.260	0.261	0.220	0.249	0.234	0.117	0.109	0.113	0.115	0.119	0.115	0.114	0.117	0.114
6:48:05	0.489	0.466	0.490	0.450	0.456	0.459	0.495	0.498	0.497	0.495	0.500	0.507	0.483	0.474	0.472	0.447	0.455	0.436	0.505	0.500	0.493	0.513	0.505	0.485	0.480	0.488	0.472	0.488	0.491	0.491	0.510	0.518	0.513	0.496	0.478	0.485	0.456	0.452	0.452	0.112	0.117	0.118	0.115	0.116	0.113	0.110	0.113	0.115	0.227	0.268	0.261	0.206	0.231	0.249	0.256	0.278	0.280	0.250	0.272	0.276	0.210	0.221	0.260	0.195	0.235	0.229	0.244	0.293	0.292	0.256	0.297	0.303	0.274	0.305	0.304	0.225	0.241	0.241	0.274	0.299	0.285	0.236	0.262	0.266	0.221	0.258	0.238	0.116	0.109	0.113	0.115	0.118	0.115	0.114	0.117	0.114
6:58:05	0.496	0.477	0.499	0.457	0.461	0.466	0.501	0.506	0.505	0.502	0.505	0.514	0.491	0.484	0.477	0.455	0.466	0.446	0.510	0.508	0.496	0.519	0.510	0.494	0.489	0.498	0.482	0.495	0.497	0.498	0.515	0.523	0.517	0.506	0.483	0.498	0.458	0.462	0.463	0.113	0.116	0.118	0.115	0.116	0.113	0.110	0.113	0.115	0.229	0.269	0.264	0.208	0.234	0.253	0.257	0.280	0.282	0.252	0.275	0.278	0.212	0.225	0.261	0.197	0.237	0.233	0.246	0.296	0.297	0.260	0.301	0.312	0.275	0.309	0.309	0.228	0.244	0.243	0.277	0.302	0.291	0.238	0.266	0.268	0.222	0.247	0.240	0.116	0.109	0.113	0.115	0.118	0.115	0.114	0.117	0.114
7:08:05	0.505	0.484	0.502	0.461	0.469	0.474	0.510	0.507	0.509	0.509	0.513	0.519	0.500	0.490	0.486	0.461	0.473	0.452	0.516	0.511	0.503	0.522	0.514	0.499	0.495	0.505	0.493	0.499	0.505	0.507	0.520	0.532	0.524	0.512	0.492	0.504	0.466	0.468	0.469	0.112	0.117	0.118	0.115	0.116	0.113	0.110	0.112	0.115	0.232	0.274	0.264	0.210	0.236	0.255	0.259	0.283	0.286	0.254	0.278	0.283	0.212	0.227	0.266	0.200	0.238	0.233	0.248	0.299	0.298	0.261	0.303	0.314	0.281	0.313	0.313	0.230	0.246	0.243	0.279	0.304	0.291	0.241	0.266	0.271	0.223	0.256	0.243	0.116	0.109	0.113	0.115	0.118	0.115	0.114	0.117	0.114
7:18:05	0.513	0.493	0.510	0.472	0.478	0.483	0.514	0.521	0.517	0.516	0.523	0.531	0.507	0.500	0.493	0.472	0.478	0.462	0.518	0.514	0.508	0.536	0.524	0.505	0.505	0.513	0.499	0.507	0.511	0.515	0.528	0.537	0.533	0.517	0.502	0.513	0.470	0.477	0.478	0.113	0.117	0.118	0.115	0.116	0.113	0.110	0.112	0.115	0.233	0.277	0.268	0.212	0.239	0.258	0.262	0.289	0.288	0.258	0.280	0.285	0.214	0.230	0.270	0.201	0.239	0.236	0.251	0.302	0.303	0.264	0.307	0.318	0.282	0.317	0.316	0.232	0.247	0.247	0.283	0.310	0.295	0.242	0.270	0.274	0.226	0.250	0.246	0.117	0.109	0.113	0.115	0.118	0.115	0.114	0.117	0.114
7:28:05	0.519	0.497	0.517	0.476	0.489	0.489	0.522	0.529	0.529	0.520	0.532	0.538	0.514	0.505	0.498	0.477	0.485	0.471	0.529	0.523	0.516	0.540	0.532	0.512	0.512	0.517	0.510	0.514	0.517	0.520	0.536	0.544	0.538	0.526	0.511	0.524	0.480	0.486	0.489	0.112	0.117	0.118	0.115	0.116	0.113	0.110	0.113	0.115	0.237	0.280	0.271	0.213	0.242	0.261	0.265	0.290	0.293	0.259	0.283	0.288	0.217	0.232	0.271	0.202	0.241	0.238	0.253	0.306	0.306	0.269	0.312	0.320	0.287	0.319	0.321	0.233	0.251	0.250	0.286	0.313	0.300	0.243	0.272	0.278	0.227	0.255	0.245	0.117	0.109	0.113	0.115	0.118	0.115	0.114	0.117	0.114
7:38:05	0.525	0.506	0.518	0.483	0.492	0.497	0.527	0.531	0.528	0.529	0.538	0.538	0.521	0.512	0.505	0.485	0.491	0.474	0.533	0.529	0.523	0.548	0.535	0.518	0.518	0.523	0.520	0.515	0.524	0.531	0.542	0.547	0.540	0.529	0.518	0.531	0.483	0.491	0.494	0.112	0.117	0.118	0.115	0.116	0.113	0.110	0.112	0.115	0.238	0.282	0.274	0.216	0.243	0.262	0.264	0.294	0.296	0.263	0.285	0.292	0.219	0.235	0.274	0.204	0.243	0.240	0.254	0.308	0.309	0.272	0.311	0.324	0.291	0.327	0.323	0.235	0.252	0.251	0.288	0.313	0.304	0.245	0.277	0.279	0.229	0.257	0.249	0.116	0.109	0.113	0.115	0.118	0.115	0.114	0.117	0.114
7:48:05	0.533	0.512	0.523	0.490	0.499	0.502	0.534	0.539	0.536	0.531	0.543	0.544	0.525	0.516	0.510	0.493	0.500	0.484	0.543	0.536	0.531	0.550	0.541	0.528	0.526	0.531	0.528	0.527	0.532	0.531	0.545	0.549	0.548	0.537	0.520	0.536	0.493	0.498	0.503	0.113	0.117	0.117	0.115	0.116	0.113	0.110	0.112	0.115	0.242	0.286	0.276	0.217	0.246	0.262	0.268	0.297	0.299	0.265	0.289	0.296	0.222	0.237	0.274	0.205	0.245	0.242	0.256	0.311	0.313	0.274	0.319	0.327	0.293	0.329	0.328	0.237	0.253	0.253	0.292	0.320	0.307	0.247	0.279	0.282	0.230	0.262	0.250	0.116	0.109	0.113	0.115	0.118	0.115	0.114	0.117	0.114
7:58:05	0.535	0.517	0.527	0.496	0.505	0.508	0.539	0.542	0.544	0.533	0.547	0.549	0.530	0.520	0.518	0.502	0.502	0.489	0.546	0.542	0.532	0.550	0.549	0.535	0.528	0.536	0.535	0.528	0.534	0.536	0.552	0.555	0.551	0.545	0.530	0.543	0.499	0.507	0.509	0.112	0.117	0.118	0.115	0.116	0.113	0.110	0.112	0.115	0.242	0.289	0.279	0.218	0.247	0.265	0.272	0.300	0.301	0.265	0.291	0.299	0.223	0.240	0.277	0.207	0.248	0.244	0.259	0.314	0.317	0.276	0.323	0.331	0.295	0.331	0.333	0.238	0.256	0.255	0.295	0.322	0.310	0.249	0.282	0.284	0.231	0.258	0.252	0.116	0.109	0.113	0.115	0.118	0.115	0.114	0.117	0.114
8:08:05	0.536	0.523	0.530	0.502	0.511	0.512	0.546	0.549	0.547	0.542	0.548	0.553	0.536	0.524	0.524	0.509	0.509	0.493	0.552	0.542	0.540	0.554	0.552	0.543	0.533	0.540	0.539	0.533	0.537	0.542	0.555	0.559	0.558	0.547	0.533	0.548	0.504	0.513	0.513	0.112	0.116	0.118	0.115	0.116	0.113	0.110	0.112	0.115	0.245	0.292	0.281	0.220	0.249	0.267	0.274	0.305	0.304	0.268	0.295	0.301	0.224	0.240	0.279	0.207	0.251	0.247	0.261	0.316	0.320	0.279	0.326	0.335	0.300	0.337	0.335	0.239	0.256	0.257	0.299	0.327	0.314	0.251	0.285	0.286	0.232	0.258	0.254	0.116	0.109	0.112	0.115	0.118	0.115	0.113	0.117	0.113
8:18:05	0.545	0.523	0.536	0.506	0.514	0.517	0.548	0.553	0.556	0.543	0.552	0.560	0.542	0.527	0.527	0.510	0.514	0.500	0.553	0.548	0.544	0.556	0.553	0.548	0.539	0.544	0.546	0.537	0.540	0.541	0.562	0.564	0.559	0.551	0.538	0.554	0.510	0.518	0.515	0.112	0.116	0.117	0.115	0.116	0.113	0.110	0.112	0.115	0.247	0.294	0.284	0.222	0.252	0.267	0.277	0.304	0.307	0.271	0.297	0.303	0.228	0.245	0.281	0.209	0.252	0.249	0.263	0.318	0.323	0.281	0.328	0.339	0.303	0.339	0.340	0.241	0.257	0.258	0.302	0.329	0.318	0.253	0.286	0.290	0.235	0.267	0.256	0.116	0.109	0.113	0.115	0.118	0.115	0.114	0.117	0.113
8:28:05	0.547	0.525	0.537	0.515	0.521	0.523	0.555	0.559	0.560	0.548	0.556	0.562	0.545	0.529	0.530	0.517	0.520	0.506	0.560	0.555	0.553	0.563	0.555	0.558	0.544	0.552	0.554	0.540	0.542	0.551	0.565	0.564	0.562	0.559	0.545	0.558	0.514	0.525	0.521	0.112	0.117	0.117	0.115	0.116	0.113	0.110	0.112	0.115	0.250	0.299	0.286	0.223	0.255	0.270	0.279	0.307	0.310	0.273	0.300	0.306	0.228	0.246	0.285	0.211	0.255	0.252	0.266	0.321	0.326	0.285	0.335	0.341	0.307	0.346	0.342	0.243	0.260	0.261	0.305	0.332	0.321	0.255	0.292	0.291	0.236	0.268	0.258	0.116	0.109	0.113	0.115	0.118	0.115	0.114	0.117	0.114
8:38:05	0.552	0.530	0.542	0.517	0.523	0.528	0.559	0.560	0.568	0.549	0.560	0.568	0.550	0.531	0.537	0.522	0.525	0.510	0.562	0.561	0.554	0.565	0.561	0.560	0.548	0.556	0.556	0.546	0.549	0.548	0.568	0.570	0.565	0.557	0.547	0.565	0.520	0.530	0.523	0.112	0.116	0.117	0.115	0.116	0.113	0.110	0.112	0.115	0.251	0.301	0.289	0.225	0.256	0.272	0.279	0.311	0.310	0.274	0.302	0.307	0.229	0.248	0.287	0.211	0.255	0.254	0.268	0.325	0.328	0.287	0.337	0.346	0.308	0.349	0.346	0.244	0.262	0.262	0.308	0.336	0.323	0.257	0.292	0.295	0.237	0.266	0.259	0.116	0.109	0.113	0.115	0.118	0.114	0.113	0.117	0.113
8:48:05	0.551	0.535	0.546	0.522	0.529	0.531	0.560	0.565	0.570	0.552	0.568	0.567	0.554	0.539	0.541	0.528	0.529	0.515	0.567	0.563	0.557	0.568	0.563	0.566	0.555	0.560	0.563	0.548	0.548	0.548	0.572	0.571	0.567	0.560	0.553	0.570	0.523	0.534	0.530	0.112	0.116	0.117	0.115	0.116	0.113	0.110	0.112	0.115	0.252	0.301	0.290	0.227	0.259	0.275	0.284	0.314	0.315	0.277	0.307	0.311	0.233	0.251	0.288	0.213	0.259	0.258	0.270	0.328	0.331	0.290	0.338	0.348	0.312	0.353	0.351	0.248	0.264	0.263	0.308	0.337	0.326	0.260	0.294	0.297	0.238	0.269	0.261	0.116	0.109	0.113	0.115	0.118	0.115	0.114	0.117	0.113
8:58:05	0.555	0.546	0.549	0.526	0.532	0.537	0.564	0.567	0.573	0.557	0.572	0.570	0.558	0.544	0.544	0.535	0.536	0.521	0.568	0.565	0.563	0.568	0.565	0.569	0.558	0.565	0.571	0.552	0.553	0.552	0.574	0.572	0.573	0.563	0.552	0.573	0.527	0.536	0.533	0.112	0.116	0.117	0.115	0.116	0.113	0.110	0.112	0.115	0.255	0.303	0.294	0.228	0.260	0.277	0.285	0.317	0.315	0.279	0.307	0.314	0.233	0.253	0.289	0.213	0.260	0.258	0.272	0.331	0.333	0.290	0.340	0.351	0.316	0.354	0.352	0.248	0.266	0.265	0.312	0.341	0.328	0.263	0.297	0.300	0.240	0.267	0.265	0.116	0.109	0.113	0.115	0.118	0.114	0.114	0.117	0.113
9:08:05	0.554	0.548	0.551	0.532	0.538	0.539	0.567	0.573	0.577	0.561	0.567	0.576	0.566	0.545	0.546	0.540	0.538	0.524	0.570	0.571	0.568	0.574	0.574	0.576	0.563	0.567	0.573	0.559	0.559	0.558	0.580	0.574	0.575	0.571	0.561	0.573	0.531	0.542	0.538	0.112	0.116	0.117	0.115	0.116	0.113	0.110	0.112	0.115	0.257	0.306	0.294	0.230	0.262	0.277	0.286	0.318	0.320	0.281	0.311	0.315	0.234	0.255	0.293	0.216	0.261	0.260	0.275	0.332	0.335	0.293	0.345	0.355	0.321	0.357	0.357	0.249	0.268	0.265	0.314	0.344	0.332	0.263	0.300	0.303	0.238	0.270	0.265	0.116	0.108	0.113	0.115	0.118	0.114	0.113	0.117	0.113
9:18:05	0.560	0.554	0.558	0.537	0.540	0.544	0.573	0.577	0.583	0.565	0.573	0.577	0.569	0.548	0.549	0.543	0.538	0.529	0.575	0.574	0.571	0.587	0.576	0.576	0.565	0.569	0.580	0.558	0.557	0.563	0.583	0.583	0.579	0.570	0.562	0.582	0.534	0.544	0.541	0.112	0.117	0.118	0.115	0.116	0.113	0.110	0.112	0.115	0.258	0.307	0.296	0.231	0.265	0.281	0.289	0.321	0.323	0.283	0.314	0.320	0.236	0.256	0.296	0.217	0.262	0.262	0.275	0.333	0.337	0.295	0.349	0.357	0.322	0.362	0.359	0.251	0.267	0.269	0.315	0.348	0.334	0.266	0.304	0.303	0.240	0.271	0.267	0.116	0.109	0.113	0.115	0.118	0.115	0.113	0.117	0.113
9:28:05	0.564	0.552	0.561	0.540	0.543	0.547	0.577	0.579	0.586	0.567	0.577	0.582	0.571	0.553	0.554	0.544	0.545	0.532	0.580	0.581	0.573	0.582	0.577	0.577	0.575	0.575	0.582	0.563	0.563	0.565	0.583	0.580	0.584	0.577	0.567	0.582	0.537	0.547	0.543	0.112	0.116	0.117	0.115	0.116	0.113	0.110	0.112	0.115	0.261	0.309	0.300	0.233	0.267	0.282	0.292	0.323	0.325	0.286	0.316	0.320	0.237	0.257	0.298	0.218	0.264	0.265	0.277	0.337	0.341	0.299	0.351	0.361	0.323	0.364	0.364	0.250	0.269	0.270	0.320	0.351	0.338	0.269	0.304	0.308	0.242	0.273	0.270	0.116	0.109	0.113	0.115	0.118	0.114	0.114	0.117	0.113
9:38:05	0.566	0.561	0.564	0.543	0.547	0.550	0.580	0.580	0.588	0.569	0.578	0.581	0.571	0.555	0.558	0.552	0.544	0.533	0.583	0.584	0.578	0.582	0.581	0.580	0.573	0.579	0.585	0.564	0.563	0.568	0.588	0.585	0.589	0.579	0.572	0.589	0.545	0.552	0.548	0.112	0.116	0.117	0.115	0.116	0.113	0.110	0.112	0.115	0.263	0.311	0.303	0.235	0.269	0.284	0.293	0.327	0.327	0.288	0.317	0.323	0.240	0.259	0.300	0.219	0.266	0.266	0.279	0.339	0.341	0.299	0.354	0.363	0.330	0.366	0.364	0.252	0.269	0.271	0.322	0.353	0.340	0.271	0.307	0.310	0.243	0.276	0.272	0.116	0.109	0.113	0.114	0.117	0.114	0.113	0.117	0.113
9:48:05	0.569	0.562	0.564	0.544	0.551	0.552	0.582	0.586	0.596	0.573	0.583	0.591	0.573	0.557	0.560	0.551	0.553	0.542	0.584	0.582	0.579	0.597	0.585	0.584	0.581	0.582	0.588	0.571	0.567	0.570	0.590	0.585	0.588	0.581	0.572	0.591	0.544	0.553	0.554	0.112	0.116	0.117	0.115	0.115	0.113	0.110	0.112	0.115	0.264	0.313	0.304	0.237	0.272	0.286	0.296	0.329	0.332	0.289	0.321	0.326	0.241	0.261	0.301	0.219	0.269	0.269	0.281	0.341	0.345	0.302	0.357	0.366	0.331	0.369	0.370	0.252	0.270	0.272	0.322	0.356	0.342	0.273	0.310	0.312	0.243	0.277	0.274	0.116	0.109	0.112	0.115	0.117	0.114	0.113	0.117	0.113
9:58:05	0.571	0.565	0.570	0.545	0.547	0.556	0.585	0.588	0.599	0.571	0.589	0.588	0.573	0.558	0.559	0.557	0.556	0.542	0.587	0.587	0.581	0.587	0.584	0.584	0.583	0.585	0.592	0.569	0.567	0.572	0.589	0.583	0.588	0.585	0.572	0.595	0.548	0.552	0.557	0.112	0.116	0.117	0.115	0.116	0.113	0.110	0.112	0.115	0.267	0.314	0.305	0.237	0.273	0.289	0.297	0.332	0.331	0.289	0.321	0.327	0.242	0.262	0.304	0.223	0.271	0.269	0.283	0.344	0.348	0.304	0.356	0.369	0.332	0.372	0.371	0.254	0.273	0.273	0.325	0.356	0.343	0.275	0.310	0.313	0.245	0.280	0.275	0.116	0.109	0.113	0.115	0.118	0.114	0.113	0.117	0.113
10:08:05	0.577	0.567	0.573	0.550	0.554	0.559	0.589	0.593	0.606	0.579	0.584	0.589	0.574	0.565	0.568	0.558	0.553	0.545	0.595	0.587	0.587	0.590	0.586	0.594	0.588	0.588	0.597	0.576	0.575	0.571	0.593	0.587	0.592	0.586	0.578	0.597	0.554	0.556	0.560	0.112	0.116	0.117	0.115	0.116	0.113	0.110	0.112	0.115	0.269	0.318	0.306	0.240	0.275	0.290	0.299	0.333	0.334	0.293	0.325	0.329	0.244	0.264	0.308	0.222	0.272	0.271	0.285	0.347	0.351	0.307	0.361	0.373	0.336	0.377	0.374	0.257	0.276	0.276	0.329	0.361	0.347	0.277	0.314	0.315	0.248	0.277	0.277	0.116	0.109	0.113	0.115	0.118	0.115	0.114	0.117	0.114
10:18:05	0.575	0.572	0.576	0.553	0.559	0.565	0.596	0.596	0.610	0.581	0.590	0.600	0.579	0.564	0.569	0.562	0.562	0.548	0.592	0.595	0.593	0.598	0.591	0.596	0.587	0.592	0.598	0.576	0.575	0.583	0.600	0.588	0.597	0.589	0.582	0.600	0.554	0.557	0.563	0.112	0.116	0.117	0.114	0.115	0.112	0.110	0.112	0.115	0.269	0.319	0.311	0.239	0.276	0.291	0.300	0.333	0.337	0.295	0.328	0.333	0.245	0.265	0.308	0.222	0.274	0.273	0.287	0.347	0.350	0.307	0.366	0.372	0.337	0.378	0.375	0.258	0.275	0.277	0.333	0.364	0.347	0.278	0.316	0.317	0.248	0.280	0.279	0.116	0.108	0.112	0.114	0.117	0.114	0.114	0.117	0.114
10:28:05	0.581	0.572	0.577	0.554	0.558	0.566	0.595	0.595	0.607	0.582	0.589	0.593	0.575	0.566	0.566	0.564	0.561	0.549	0.594	0.594	0.594	0.593	0.586	0.601	0.593	0.596	0.599	0.577	0.573	0.581	0.598	0.588	0.596	0.592	0.586	0.604	0.555	0.562	0.567	0.112	0.116	0.117	0.115	0.115	0.113	0.110	0.112	0.115	0.271	0.320	0.313	0.240	0.277	0.293	0.303	0.337	0.339	0.297	0.330	0.333	0.248	0.266	0.309	0.223	0.275	0.275	0.288	0.348	0.353	0.311	0.366	0.377	0.339	0.382	0.379	0.259	0.278	0.277	0.333	0.365	0.349	0.280	0.318	0.321	0.249	0.282	0.280	0.116	0.109	0.113	0.115	0.118	0.114	0.113	0.117	0.114
10:38:05	0.581	0.575	0.579	0.553	0.560	0.567	0.600	0.600	0.611	0.583	0.591	0.595	0.582	0.572	0.567	0.564	0.564	0.554	0.601	0.599	0.597	0.597	0.593	0.604	0.592	0.599	0.604	0.579	0.578	0.580	0.600	0.591	0.597	0.596	0.589	0.604	0.557	0.563	0.567	0.112	0.116	0.117	0.115	0.116	0.113	0.110	0.112	0.115	0.271	0.324	0.313	0.242	0.280	0.295	0.305	0.341	0.341	0.298	0.331	0.336	0.249	0.267	0.311	0.224	0.276	0.277	0.288	0.349	0.354	0.312	0.368	0.379	0.342	0.381	0.383	0.258	0.280	0.281	0.336	0.367	0.355	0.282	0.318	0.321	0.252	0.283	0.280	0.116	0.108	0.112	0.114	0.117	0.114	0.113	0.117	0.113
10:48:05	0.588	0.577	0.581	0.563	0.570	0.571	0.603	0.608	0.616	0.591	0.596	0.603	0.583	0.577	0.576	0.572	0.575	0.556	0.604	0.601	0.599	0.610	0.602	0.605	0.597	0.606	0.605	0.581	0.582	0.587	0.604	0.594	0.600	0.595	0.592	0.609	0.565	0.568	0.574	0.112	0.116	0.117	0.115	0.116	0.113	0.110	0.112	0.115	0.274	0.327	0.318	0.244	0.281	0.296	0.306	0.340	0.341	0.299	0.334	0.336	0.251	0.269	0.313	0.226	0.278	0.279	0.290	0.355	0.357	0.315	0.370	0.382	0.343	0.387	0.385	0.260	0.280	0.281	0.339	0.371	0.356	0.284	0.322	0.324	0.253	0.284	0.282	0.116	0.109	0.113	0.115	0.117	0.114	0.113	0.117	0.113
10:58:05	0.591	0.580	0.587	0.568	0.575	0.574	0.611	0.611	0.620	0.595	0.602	0.608	0.588	0.579	0.580	0.573	0.580	0.561	0.606	0.605	0.603	0.601	0.600	0.609	0.601	0.608	0.613	0.591	0.584	0.586	0.610	0.601	0.606	0.600	0.595	0.613	0.567	0.569	0.577	0.112	0.116	0.117	0.115	0.116	0.113	0.110	0.112	0.115	0.278	0.330	0.318	0.244	0.284	0.297	0.307	0.344	0.347	0.302	0.336	0.339	0.251	0.271	0.314	0.226	0.280	0.279	0.291	0.355	0.360	0.319	0.377	0.384	0.349	0.391	0.386	0.262	0.280	0.280	0.342	0.374	0.358	0.286	0.323	0.325	0.253	0.285	0.284	0.116	0.109	0.112	0.115	0.118	0.114	0.114	0.117	0.113
11:08:05	0.590	0.580	0.589	0.568	0.574	0.576	0.614	0.613	0.621	0.595	0.601	0.603	0.594	0.580	0.581	0.576	0.579	0.564	0.610	0.608	0.607	0.604	0.602	0.615	0.606	0.610	0.612	0.589	0.587	0.588	0.613	0.600	0.606	0.601	0.593	0.614	0.571	0.576	0.580	0.112	0.116	0.117	0.114	0.115	0.113	0.110	0.112	0.115	0.279	0.330	0.320	0.246	0.285	0.301	0.311	0.344	0.348	0.304	0.337	0.340	0.251	0.271	0.316	0.227	0.282	0.282	0.294	0.357	0.361	0.319	0.376	0.388	0.349	0.391	0.389	0.262	0.278	0.282	0.342	0.375	0.359	0.288	0.325	0.328	0.253	0.287	0.286	0.116	0.108	0.112	0.114	0.118	0.114	0.113	0.117	0.113
11:18:05	0.594	0.585	0.591	0.570	0.577	0.578	0.614	0.615	0.626	0.593	0.602	0.609	0.595	0.583	0.585	0.579	0.578	0.568	0.610	0.610	0.609	0.602	0.607	0.617	0.605	0.613	0.615	0.592	0.590	0.592	0.613	0.600	0.608	0.605	0.599	0.616	0.572	0.574	0.580	0.112	0.116	0.117	0.115	0.116	0.113	0.110	0.112	0.115	0.278	0.333	0.322	0.248	0.288	0.301	0.312	0.347	0.349	0.304	0.339	0.343	0.254	0.274	0.318	0.229	0.284	0.283	0.295	0.359	0.363	0.322	0.378	0.388	0.352	0.395	0.392	0.265	0.282	0.284	0.345	0.377	0.362	0.290	0.328	0.329	0.255	0.290	0.288	0.116	0.109	0.113	0.115	0.118	0.114	0.113	0.117	0.113
11:28:05	0.595	0.585	0.593	0.575	0.583	0.581	0.617	0.616	0.627	0.597	0.606	0.606	0.596	0.585	0.585	0.582	0.580	0.568	0.613	0.614	0.610	0.606	0.607	0.620	0.609	0.612	0.618	0.595	0.589	0.598	0.615	0.602	0.608	0.606	0.596	0.621	0.577	0.579	0.584	0.112	0.116	0.117	0.114	0.115	0.113	0.110	0.112	0.115	0.280	0.334	0.324	0.249	0.289	0.305	0.314	0.348	0.351	0.306	0.342	0.344	0.255	0.274	0.319	0.231	0.285	0.284	0.296	0.360	0.365	0.324	0.381	0.391	0.354	0.398	0.396	0.265	0.283	0.285	0.347	0.379	0.363	0.292	0.328	0.330	0.256	0.294	0.288	0.115	0.109	0.112	0.114	0.117	0.114	0.113	0.117	0.113
11:38:05	0.597	0.587	0.592	0.576	0.582	0.580	0.620	0.621	0.625	0.597	0.614	0.608	0.599	0.585	0.587	0.586	0.581	0.568	0.616	0.617	0.612	0.608	0.609	0.619	0.612	0.616	0.618	0.599	0.590	0.600	0.621	0.604	0.610	0.609	0.599	0.622	0.574	0.577	0.588	0.112	0.116	0.117	0.115	0.115	0.112	0.109	0.112	0.115	0.283	0.337	0.328	0.249	0.290	0.306	0.315	0.351	0.353	0.308	0.341	0.345	0.255	0.277	0.322	0.230	0.286	0.286	0.297	0.363	0.367	0.324	0.381	0.394	0.357	0.402	0.398	0.265	0.284	0.286	0.349	0.381	0.367	0.292	0.332	0.332	0.260	0.295	0.289	0.116	0.108	0.112	0.114	0.117	0.114	0.114	0.117	0.113
11:48:05	0.601	0.590	0.595	0.579	0.583	0.583	0.621	0.622	0.627	0.601	0.609	0.610	0.599	0.589	0.593	0.587	0.588	0.570	0.618	0.618	0.616	0.613	0.607	0.619	0.616	0.619	0.622	0.597	0.593	0.602	0.623	0.607	0.613	0.612	0.606	0.623	0.577	0.580	0.588	0.112	0.116	0.117	0.114	0.115	0.113	0.109	0.112	0.115	0.285	0.337	0.329	0.250	0.291	0.306	0.318	0.353	0.354	0.309	0.345	0.348	0.255	0.277	0.323	0.231	0.288	0.286	0.297	0.364	0.367	0.326	0.384	0.396	0.359	0.404	0.400	0.266	0.285	0.288	0.351	0.383	0.368	0.293	0.332	0.336	0.261	0.292	0.292	0.115	0.108	0.112	0.114	0.117	0.114	0.113	0.116	0.113
11:58:05	0.601	0.590	0.596	0.581	0.586	0.586	0.624	0.625	0.630	0.606	0.613	0.614	0.601	0.587	0.590	0.591	0.585	0.572	0.621	0.619	0.619	0.614	0.612	0.624	0.613	0.620	0.623	0.598	0.596	0.598	0.627	0.604	0.614	0.608	0.608	0.624	0.578	0.583	0.589	0.112	0.116	0.117	0.114	0.115	0.112	0.110	0.112	0.115	0.285	0.340	0.329	0.251	0.292	0.306	0.318	0.355	0.357	0.311	0.345	0.349	0.257	0.280	0.325	0.233	0.288	0.289	0.301	0.365	0.371	0.327	0.388	0.398	0.360	0.405	0.403	0.267	0.287	0.288	0.352	0.385	0.371	0.296	0.336	0.335	0.262	0.295	0.292	0.116	0.108	0.112	0.114	0.117	0.114	0.113	0.117	0.113
12:08:05	0.605	0.594	0.598	0.580	0.586	0.590	0.629	0.628	0.634	0.605	0.616	0.618	0.603	0.590	0.591	0.587	0.587	0.573	0.625	0.621	0.625	0.610	0.614	0.625	0.615	0.625	0.625	0.597	0.597	0.604	0.625	0.604	0.613	0.613	0.606	0.626	0.582	0.583	0.596	0.112	0.116	0.117	0.115	0.115	0.113	0.110	0.112	0.115	0.285	0.342	0.330	0.253	0.295	0.307	0.319	0.354	0.358	0.313	0.346	0.351	0.258	0.279	0.324	0.233	0.290	0.292	0.302	0.366	0.371	0.328	0.389	0.401	0.362	0.408	0.402	0.267	0.287	0.288	0.354	0.387	0.373	0.298	0.334	0.338	0.264	0.296	0.295	0.115	0.108	0.112	0.114	0.118	0.114	0.113	0.116	0.113
12:18:05	0.607	0.597	0.597	0.583	0.588	0.592	0.631	0.632	0.637	0.607	0.618	0.618	0.606	0.592	0.595	0.592	0.590	0.576	0.626	0.622	0.622	0.613	0.614	0.627	0.619	0.626	0.628	0.604	0.601	0.611	0.627	0.604	0.615	0.612	0.606	0.629	0.585	0.587	0.598	0.112	0.116	0.117	0.114	0.115	0.112	0.109	0.112	0.115	0.285	0.342	0.332	0.255	0.295	0.309	0.321	0.356	0.361	0.313	0.347	0.353	0.259	0.280	0.327	0.235	0.291	0.292	0.303	0.366	0.372	0.330	0.390	0.403	0.364	0.411	0.407	0.269	0.287	0.290	0.356	0.390	0.373	0.298	0.336	0.340	0.265	0.298	0.296	0.115	0.108	0.112	0.114	0.117	0.114	0.113	0.116	0.113
12:28:05	0.607	0.596	0.600	0.585	0.586	0.591	0.630	0.634	0.639	0.608	0.621	0.617	0.608	0.594	0.597	0.594	0.590	0.578	0.630	0.627	0.620	0.622	0.614	0.626	0.620	0.630	0.630	0.607	0.603	0.608	0.635	0.609	0.616	0.612	0.610	0.624	0.584	0.590	0.597	0.112	0.116	0.117	0.114	0.115	0.112	0.109	0.112	0.114	0.288	0.344	0.335	0.256	0.297	0.312	0.323	0.361	0.362	0.314	0.349	0.354	0.260	0.284	0.330	0.235	0.292	0.294	0.303	0.370	0.374	0.331	0.391	0.402	0.364	0.411	0.407	0.269	0.290	0.290	0.358	0.391	0.375	0.301	0.338	0.340	0.265	0.295	0.296	0.116	0.108	0.112	0.114	0.117	0.114	0.113	0.116	0.113
12:38:05	0.608	0.596	0.599	0.584	0.590	0.592	0.630	0.638	0.642	0.611	0.621	0.620	0.609	0.595	0.596	0.595	0.594	0.580	0.631	0.632	0.625	0.614	0.616	0.627	0.621	0.631	0.633	0.606	0.607	0.609	0.632	0.610	0.620	0.616	0.615	0.627	0.588	0.591	0.594	0.112	0.116	0.117	0.114	0.115	0.112	0.109	0.112	0.115	0.288	0.345	0.335	0.256	0.298	0.313	0.324	0.358	0.363	0.316	0.352	0.354	0.261	0.282	0.330	0.238	0.293	0.294	0.305	0.369	0.376	0.331	0.393	0.406	0.367	0.413	0.411	0.271	0.290	0.292	0.358	0.392	0.377	0.302	0.341	0.341	0.266	0.298	0.298	0.116	0.108	0.112	0.114	0.117	0.114	0.113	0.116	0.113
12:48:05	0.610	0.602	0.605	0.589	0.593	0.594	0.634	0.641	0.645	0.612	0.622	0.621	0.607	0.598	0.601	0.599	0.602	0.582	0.636	0.627	0.626	0.617	0.616	0.628	0.621	0.633	0.633	0.607	0.612	0.613	0.632	0.609	0.618	0.621	0.613	0.627	0.588	0.593	0.598	0.112	0.116	0.117	0.114	0.115	0.112	0.109	0.112	0.114	0.288	0.347	0.338	0.258	0.299	0.312	0.328	0.361	0.365	0.319	0.353	0.357	0.263	0.285	0.332	0.238	0.296	0.296	0.306	0.371	0.378	0.334	0.396	0.405	0.371	0.416	0.414	0.272	0.291	0.293	0.361	0.395	0.378	0.305	0.342	0.344	0.266	0.297	0.300	0.115	0.108	0.112	0.114	0.117	0.114	0.113	0.116	0.113
12:58:05	0.610	0.603	0.604	0.587	0.593	0.597	0.637	0.643	0.644	0.611	0.624	0.621	0.614	0.600	0.602	0.597	0.597	0.581	0.639	0.632	0.626	0.618	0.616	0.625	0.627	0.636	0.635	0.608	0.614	0.613	0.636	0.612	0.619	0.614	0.612	0.630	0.589	0.594	0.605	0.112	0.116	0.117	0.114	0.115	0.112	0.109	0.112	0.115	0.289	0.347	0.338	0.258	0.300	0.315	0.329	0.364	0.366	0.318	0.354	0.359	0.263	0.286	0.333	0.239	0.298	0.296	0.307	0.371	0.379	0.335	0.398	0.409	0.372	0.420	0.415	0.274	0.293	0.295	0.361	0.395	0.378	0.304	0.343	0.344	0.267	0.300	0.299	0.115	0.108	0.112	0.114	0.117	0.114	0.113	0.116	0.113
13:08:05	0.611	0.608	0.604	0.591	0.594	0.597	0.638	0.646	0.648	0.614	0.627	0.621	0.613	0.602	0.603	0.602	0.599	0.588	0.643	0.632	0.633	0.620	0.621	0.626	0.625	0.635	0.637	0.610	0.610	0.611	0.632	0.613	0.620	0.619	0.616	0.631	0.590	0.592	0.606	0.112	0.116	0.117	0.114	0.115	0.112	0.109	0.112	0.114	0.291	0.351	0.342	0.259	0.300	0.315	0.328	0.364	0.369	0.321	0.356	0.359	0.263	0.287	0.333	0.240	0.298	0.298	0.308	0.374	0.379	0.337	0.399	0.410	0.372	0.422	0.414	0.272	0.293	0.295	0.364	0.397	0.381	0.305	0.345	0.345	0.268	0.300	0.301	0.115	0.108	0.112	0.114	0.117	0.114	0.113	0.116	0.113
13:18:05	0.619	0.607	0.609	0.593	0.597	0.601	0.643	0.646	0.650	0.616	0.626	0.625	0.619	0.605	0.604	0.599	0.601	0.590	0.646	0.632	0.636	0.621	0.621	0.630	0.630	0.639	0.639	0.609	0.616	0.614	0.636	0.616	0.623	0.622	0.621	0.633	0.595	0.595	0.608	0.112	0.116	0.117	0.114	0.115	0.113	0.109	0.112	0.115	0.293	0.350	0.342	0.261	0.303	0.318	0.329	0.367	0.370	0.322	0.359	0.361	0.264	0.287	0.334	0.239	0.299	0.301	0.310	0.375	0.382	0.339	0.402	0.410	0.376	0.425	0.418	0.274	0.296	0.296	0.366	0.400	0.385	0.305	0.347	0.349	0.270	0.300	0.303	0.115	0.108	0.112	0.114	0.117	0.114	0.113	0.116	0.112
13:28:05	0.618	0.607	0.609	0.596	0.601	0.602	0.641	0.650	0.649	0.617	0.624	0.627	0.618	0.606	0.606	0.600	0.604	0.587	0.640	0.638	0.632	0.624	0.617	0.632	0.629	0.640	0.643	0.613	0.618	0.620	0.633	0.615	0.627	0.622	0.619	0.632	0.596	0.599	0.608	0.112	0.116	0.117	0.114	0.115	0.112	0.109	0.112	0.114	0.294	0.353	0.341	0.262	0.304	0.318	0.331	0.368	0.372	0.325	0.360	0.360	0.264	0.288	0.337	0.242	0.302	0.301	0.311	0.376	0.381	0.342	0.403	0.414	0.376	0.425	0.421	0.274	0.296	0.295	0.367	0.401	0.387	0.307	0.346	0.350	0.270	0.299	0.305	0.115	0.108	0.112	0.114	0.117	0.114	0.113	0.116	0.112
13:38:05	0.622	0.612	0.610	0.594	0.601	0.601	0.646	0.651	0.652	0.617	0.627	0.627	0.623	0.606	0.610	0.606	0.607	0.588	0.645	0.642	0.639	0.625	0.620	0.632	0.632	0.642	0.642	0.618	0.617	0.629	0.634	0.616	0.626	0.623	0.620	0.632	0.599	0.598	0.610	0.112	0.116	0.117	0.114	0.115	0.113	0.109	0.112	0.115	0.293	0.354	0.345	0.262	0.305	0.318	0.334	0.370	0.373	0.323	0.362	0.364	0.267	0.289	0.338	0.243	0.301	0.302	0.312	0.378	0.384	0.341	0.402	0.416	0.379	0.427	0.422	0.276	0.297	0.297	0.370	0.403	0.390	0.308	0.349	0.349	0.269	0.304	0.305	0.115	0.108	0.112	0.114	0.117	0.114	0.113	0.116	0.113
13:48:05	0.621	0.614	0.611	0.598	0.602	0.601	0.647	0.654	0.653	0.619	0.630	0.626	0.622	0.608	0.609	0.606	0.607	0.589	0.647	0.637	0.639	0.623	0.620	0.633	0.632	0.644	0.640	0.620	0.616	0.627	0.639	0.621	0.627	0.623	0.623	0.634	0.602	0.603	0.615	0.112	0.116	0.117	0.114	0.115	0.113	0.109	0.112	0.114	0.295	0.357	0.345	0.263	0.307	0.317	0.335	0.369	0.374	0.325	0.363	0.365	0.267	0.291	0.337	0.243	0.302	0.304	0.314	0.379	0.384	0.342	0.406	0.416	0.381	0.429	0.425	0.276	0.296	0.299	0.370	0.405	0.390	0.310	0.351	0.352	0.270	0.303	0.306	0.115	0.108	0.112	0.114	0.117	0.114	0.113	0.116	0.113
13:58:05	0.628	0.616	0.610	0.598	0.599	0.604	0.651	0.654	0.656	0.621	0.631	0.628	0.619	0.611	0.613	0.606	0.609	0.588	0.648	0.646	0.641	0.640	0.623	0.634	0.633	0.642	0.644	0.622	0.619	0.638	0.644	0.621	0.627	0.622	0.623	0.633	0.601	0.603	0.614	0.112	0.116	0.117	0.114	0.115	0.113	0.109	0.112	0.114	0.296	0.355	0.347	0.264	0.309	0.320	0.334	0.373	0.375	0.325	0.362	0.367	0.268	0.290	0.340	0.245	0.304	0.304	0.315	0.382	0.385	0.343	0.405	0.418	0.381	0.431	0.428	0.278	0.298	0.301	0.372	0.408	0.390	0.310	0.351	0.351	0.272	0.304	0.307	0.115	0.108	0.112	0.114	0.117	0.114	0.113	0.116	0.113
14:08:05	0.626	0.614	0.612	0.599	0.602	0.606	0.650	0.659	0.659	0.621	0.630	0.630	0.623	0.608	0.613	0.609	0.604	0.592	0.651	0.647	0.644	0.632	0.627	0.633	0.635	0.641	0.642	0.624	0.622	0.627	0.639	0.620	0.629	0.626	0.624	0.632	0.601	0.606	0.612	0.112	0.116	0.117	0.114	0.115	0.113	0.109	0.112	0.114	0.296	0.358	0.348	0.265	0.309	0.321	0.335	0.372	0.376	0.328	0.365	0.367	0.269	0.294	0.341	0.244	0.304	0.304	0.316	0.382	0.386	0.344	0.406	0.420	0.381	0.431	0.429	0.277	0.298	0.300	0.374	0.407	0.391	0.311	0.352	0.353	0.273	0.303	0.308	0.115	0.108	0.112	0.114	0.117	0.114	0.113	0.116	0.113
14:18:05	0.628	0.616	0.611	0.602	0.608	0.608	0.655	0.660	0.660	0.622	0.632	0.631	0.625	0.612	0.613	0.612	0.608	0.594	0.656	0.647	0.644	0.630	0.630	0.634	0.640	0.646	0.647	0.626	0.623	0.632	0.640	0.623	0.633	0.629	0.628	0.632	0.603	0.605	0.612	0.112	0.116	0.116	0.114	0.115	0.112	0.109	0.111	0.114	0.297	0.359	0.350	0.268	0.310	0.322	0.337	0.374	0.378	0.327	0.366	0.369	0.270	0.294	0.342	0.247	0.304	0.305	0.316	0.384	0.386	0.345	0.409	0.421	0.384	0.435	0.429	0.279	0.299	0.301	0.376	0.408	0.392	0.314	0.351	0.353	0.275	0.305	0.309	0.115	0.108	0.112	0.114	0.117	0.114	0.113	0.116	0.113
14:28:05	0.627	0.618	0.616	0.601	0.606	0.606	0.652	0.661	0.663	0.625	0.634	0.635	0.623	0.611	0.615	0.615	0.607	0.594	0.650	0.650	0.645	0.631	0.629	0.634	0.637	0.643	0.647	0.629	0.622	0.622	0.641	0.622	0.630	0.627	0.629	0.633	0.604	0.608	0.614	0.112	0.115	0.116	0.114	0.115	0.113	0.109	0.112	0.114	0.297	0.360	0.350	0.266	0.310	0.324	0.339	0.376	0.379	0.329	0.367	0.369	0.269	0.294	0.343	0.246	0.307	0.306	0.316	0.383	0.389	0.345	0.409	0.422	0.384	0.438	0.433	0.280	0.300	0.304	0.375	0.409	0.393	0.314	0.352	0.355	0.276	0.305	0.311	0.115	0.108	0.112	0.114	0.117	0.113	0.112	0.116	0.113
14:38:05	0.631	0.618	0.616	0.602	0.604	0.610	0.655	0.662	0.665	0.625	0.633	0.633	0.624	0.615	0.614	0.612	0.609	0.594	0.654	0.652	0.652	0.636	0.628	0.635	0.636	0.646	0.649	0.625	0.626	0.635	0.640	0.623	0.632	0.632	0.630	0.632	0.607	0.607	0.615	0.112	0.115	0.116	0.114	0.115	0.112	0.109	0.112	0.114	0.299	0.361	0.353	0.269	0.312	0.324	0.337	0.379	0.380	0.330	0.369	0.371	0.271	0.294	0.345	0.248	0.307	0.309	0.316	0.383	0.389	0.347	0.411	0.423	0.387	0.439	0.432	0.280	0.301	0.306	0.376	0.410	0.394	0.313	0.356	0.356	0.278	0.307	0.310	0.115	0.108	0.112	0.114	0.117	0.114	0.113	0.116	0.112
14:48:05	0.629	0.619	0.616	0.601	0.606	0.609	0.655	0.660	0.663	0.626	0.636	0.630	0.626	0.615	0.615	0.614	0.612	0.597	0.655	0.650	0.649	0.634	0.630	0.633	0.633	0.645	0.648	0.628	0.625	0.641	0.649	0.622	0.635	0.627	0.629	0.635	0.606	0.606	0.614	0.112	0.116	0.117	0.114	0.115	0.112	0.109	0.112	0.114	0.300	0.361	0.352	0.269	0.311	0.325	0.339	0.378	0.382	0.330	0.370	0.373	0.272	0.296	0.344	0.248	0.308	0.308	0.319	0.385	0.390	0.346	0.414	0.423	0.388	0.443	0.436	0.281	0.303	0.306	0.381	0.412	0.396	0.317	0.356	0.356	0.277	0.305	0.312	0.115	0.108	0.112	0.114	0.117	0.114	0.113	0.116	0.113
14:58:05	0.631	0.623	0.616	0.605	0.607	0.609	0.655	0.665	0.666	0.628	0.631	0.634	0.627	0.616	0.617	0.618	0.612	0.599	0.655	0.654	0.652	0.632	0.633	0.637	0.640	0.647	0.649	0.632	0.624	0.652	0.643	0.624	0.633	0.628	0.630	0.634	0.606	0.606	0.613	0.112	0.115	0.117	0.114	0.115	0.112	0.109	0.112	0.114	0.299	0.363	0.355	0.269	0.314	0.327	0.339	0.381	0.383	0.329	0.370	0.373	0.273	0.297	0.348	0.248	0.308	0.309	0.318	0.387	0.393	0.349	0.417	0.424	0.391	0.442	0.437	0.281	0.303	0.308	0.378	0.414	0.398	0.316	0.359	0.356	0.278	0.307	0.314	0.115	0.108	0.112	0.114	0.117	0.114	0.113	0.116	0.113
15:08:05	0.634	0.624	0.620	0.604	0.613	0.611	0.657	0.669	0.666	0.628	0.634	0.634	0.625	0.619	0.617	0.616	0.613	0.601	0.650	0.652	0.654	0.634	0.633	0.640	0.642	0.649	0.652	0.632	0.631	0.646	0.648	0.626	0.636	0.633	0.629	0.634	0.605	0.610	0.613	0.112	0.116	0.117	0.114	0.115	0.113	0.109	0.111	0.114	0.301	0.364	0.354	0.271	0.315	0.326	0.339	0.379	0.381	0.332	0.374	0.374	0.272	0.297	0.346	0.247	0.310	0.310	0.320	0.386	0.391	0.348	0.415	0.426	0.390	0.445	0.438	0.281	0.305	0.307	0.380	0.415	0.399	0.318	0.360	0.358	0.278	0.306	0.312	0.115	0.108	0.112	0.114	0.117	0.114	0.113	0.116	0.113
15:18:05	0.633	0.622	0.618	0.605	0.609	0.612	0.661	0.666	0.668	0.627	0.636	0.634	0.627	0.621	0.617	0.617	0.613	0.601	0.658	0.656	0.651	0.634	0.633	0.642	0.642	0.651	0.647	0.637	0.631	0.643	0.641	0.625	0.630	0.632	0.629	0.635	0.608	0.608	0.618	0.112	0.115	0.116	0.114	0.114	0.112	0.109	0.111	0.114	0.302	0.366	0.357	0.270	0.315	0.328	0.340	0.382	0.384	0.332	0.373	0.376	0.273	0.298	0.348	0.250	0.311	0.311	0.321	0.388	0.394	0.353	0.416	0.428	0.392	0.445	0.443	0.282	0.304	0.306	0.383	0.415	0.404	0.318	0.361	0.360	0.280	0.308	0.314	0.115	0.108	0.112	0.114	0.117	0.114	0.113	0.116	0.112
15:28:05	0.635	0.623	0.619	0.607	0.615	0.613	0.662	0.666	0.671	0.626	0.639	0.635	0.626	0.619	0.618	0.618	0.620	0.601	0.657	0.657	0.652	0.634	0.635	0.640	0.644	0.650	0.654	0.641	0.631	0.652	0.648	0.627	0.633	0.633	0.634	0.640	0.609	0.607	0.614	0.112	0.115	0.117	0.114	0.115	0.113	0.109	0.111	0.114	0.305	0.368	0.357	0.271	0.316	0.328	0.340	0.383	0.385	0.336	0.375	0.377	0.275	0.300	0.348	0.251	0.311	0.312	0.322	0.388	0.393	0.352	0.419	0.429	0.392	0.448	0.441	0.283	0.305	0.309	0.384	0.416	0.403	0.320	0.362	0.362	0.281	0.308	0.315	0.115	0.108	0.112	0.114	0.117	0.114	0.113	0.116	0.113
15:38:05	0.630	0.627	0.623	0.606	0.618	0.615	0.663	0.671	0.674	0.628	0.639	0.638	0.626	0.618	0.617	0.619	0.618	0.601	0.652	0.659	0.651	0.637	0.637	0.637	0.645	0.654	0.653	0.637	0.628	0.653	0.653	0.627	0.635	0.628	0.634	0.640	0.608	0.609	0.618	0.111	0.115	0.116	0.114	0.114	0.113	0.109	0.111	0.114	0.303	0.367	0.358	0.272	0.316	0.328	0.343	0.385	0.385	0.333	0.374	0.377	0.278	0.299	0.349	0.252	0.311	0.311	0.321	0.390	0.394	0.353	0.419	0.429	0.396	0.448	0.444	0.283	0.306	0.310	0.382	0.419	0.403	0.320	0.360	0.361	0.281	0.310	0.316	0.115	0.108	0.112	0.114	0.116	0.114	0.112	0.116	0.112
15:48:05	0.636	0.627	0.624	0.605	0.617	0.613	0.662	0.671	0.672	0.630	0.636	0.642	0.628	0.619	0.619	0.619	0.615	0.598	0.660	0.657	0.653	0.637	0.633	0.640	0.647	0.656	0.659	0.639	0.631	0.661	0.646	0.627	0.635	0.630	0.631	0.640	0.609	0.613	0.619	0.112	0.115	0.116	0.114	0.115	0.113	0.109	0.111	0.114	0.306	0.369	0.360	0.272	0.316	0.332	0.341	0.385	0.386	0.337	0.375	0.379	0.276	0.299	0.351	0.252	0.312	0.313	0.324	0.391	0.397	0.355	0.420	0.433	0.398	0.451	0.446	0.283	0.307	0.309	0.386	0.418	0.405	0.321	0.365	0.361	0.281	0.310	0.317	0.115	0.108	0.112	0.114	0.117	0.114	0.113	0.116	0.113
15:58:05	0.633	0.625	0.623	0.607	0.615	0.616	0.665	0.673	0.677	0.631	0.637	0.642	0.629	0.619	0.621	0.621	0.618	0.598	0.656	0.658	0.650	0.635	0.636	0.639	0.642	0.652	0.657	0.636	0.631	0.657	0.648	0.629	0.638	0.630	0.632	0.636	0.607	0.609	0.620	0.112	0.116	0.116	0.114	0.115	0.113	0.109	0.111	0.114	0.305	0.369	0.358	0.272	0.318	0.332	0.343	0.385	0.386	0.335	0.375	0.381	0.278	0.300	0.353	0.253	0.311	0.315	0.325	0.390	0.397	0.353	0.421	0.432	0.397	0.453	0.446	0.284	0.309	0.309	0.386	0.419	0.404	0.321	0.364	0.363	0.283	0.313	0.317	0.115	0.108	0.112	0.114	0.117	0.114	0.113	0.116	0.112
16:08:05	0.640	0.630	0.623	0.611	0.616	0.615	0.662	0.672	0.676	0.629	0.639	0.640	0.629	0.621	0.619	0.625	0.617	0.601	0.660	0.657	0.651	0.640	0.636	0.641	0.647	0.653	0.654	0.638	0.633	0.660	0.645	0.625	0.635	0.636	0.633	0.640	0.609	0.610	0.620	0.112	0.115	0.116	0.114	0.114	0.113	0.109	0.111	0.114	0.308	0.371	0.361	0.275	0.319	0.330	0.343	0.387	0.388	0.339	0.378	0.382	0.278	0.300	0.354	0.253	0.315	0.315	0.323	0.394	0.399	0.357	0.421	0.431	0.398	0.452	0.449	0.285	0.308	0.310	0.386	0.420	0.405	0.322	0.364	0.364	0.283	0.311	0.318	0.115	0.108	0.112	0.114	0.117	0.113	0.112	0.116	0.112
16:18:05	0.641	0.630	0.622	0.610	0.617	0.614	0.666	0.673	0.678	0.630	0.640	0.641	0.628	0.620	0.624	0.624	0.618	0.600	0.657	0.660	0.649	0.646	0.634	0.642	0.647	0.656	0.654	0.643	0.637	0.663	0.641	0.630	0.639	0.637	0.637	0.640	0.609	0.609	0.619	0.112	0.115	0.116	0.114	0.114	0.113	0.109	0.111	0.114	0.308	0.370	0.360	0.275	0.319	0.334	0.344	0.387	0.389	0.339	0.379	0.382	0.280	0.301	0.353	0.253	0.314	0.315	0.325	0.393	0.401	0.356	0.424	0.431	0.399	0.453	0.449	0.286	0.310	0.312	0.387	0.420	0.410	0.325	0.367	0.365	0.283	0.313	0.319	0.115	0.108	0.112	0.114	0.117	0.113	0.113	0.116	0.112
16:28:05	0.637	0.626	0.621	0.610	0.615	0.616	0.670	0.670	0.678	0.627	0.642	0.646	0.625	0.618	0.621	0.624	0.617	0.600	0.661	0.657	0.649	0.641	0.637	0.639	0.645	0.655	0.655	0.640	0.636	0.665	0.637	0.627	0.634	0.635	0.636	0.638	0.608	0.605	0.619	0.111	0.115	0.116	0.114	0.114	0.113	0.109	0.111	0.114	0.305	0.371	0.361	0.274	0.320	0.333	0.345	0.389	0.392	0.340	0.378	0.382	0.280	0.302	0.353	0.255	0.314	0.318	0.326	0.394	0.402	0.356	0.423	0.434	0.400	0.455	0.450	0.287	0.308	0.312	0.388	0.421	0.408	0.325	0.365	0.367	0.285	0.313	0.320	0.115	0.108	0.112	0.114	0.116	0.113	0.112	0.116	0.112
16:38:05	0.642	0.628	0.624	0.615	0.617	0.617	0.670	0.677	0.682	0.630	0.639	0.641	0.628	0.623	0.624	0.624	0.617	0.600	0.658	0.660	0.653	0.647	0.641	0.644	0.647	0.656	0.660	0.646	0.637	0.675	0.642	0.626	0.636	0.635	0.637	0.640	0.613	0.611	0.623	0.111	0.115	0.116	0.114	0.114	0.113	0.109	0.111	0.114	0.310	0.372	0.363	0.275	0.322	0.335	0.346	0.389	0.392	0.340	0.380	0.384	0.279	0.304	0.355	0.256	0.317	0.317	0.327	0.395	0.403	0.360	0.427	0.434	0.400	0.456	0.452	0.286	0.312	0.311	0.389	0.424	0.408	0.325	0.369	0.368	0.285	0.315	0.320	0.115	0.108	0.112	0.114	0.116	0.113	0.112	0.116	0.112
16:48:05	0.632	0.633	0.629	0.610	0.617	0.618	0.670	0.679	0.680	0.634	0.641	0.643	0.631	0.622	0.623	0.626	0.624	0.603	0.657	0.666	0.651	0.645	0.647	0.643	0.648	0.656	0.659	0.647	0.642	0.676	0.639	0.630	0.639	0.635	0.636	0.639	0.615	0.611	0.623	0.112	0.115	0.116	0.114	0.114	0.113	0.109	0.111	0.114	0.311	0.375	0.365	0.277	0.322	0.336	0.346	0.389	0.390	0.342	0.382	0.384	0.280	0.304	0.355	0.257	0.317	0.318	0.327	0.395	0.402	0.359	0.426	0.435	0.402	0.461	0.453	0.288	0.311	0.313	0.389	0.426	0.410	0.328	0.368	0.367	0.286	0.313	0.322	0.115	0.108	0.112	0.114	0.116	0.113	0.113	0.116	0.112
16:58:05	0.639	0.632	0.628	0.611	0.618	0.616	0.671	0.678	0.681	0.632	0.642	0.644	0.627	0.622	0.624	0.628	0.624	0.603	0.661	0.663	0.651	0.650	0.651	0.644	0.644	0.658	0.658	0.649	0.640	0.669	0.638	0.631	0.640	0.640	0.637	0.640	0.616	0.612	0.622	0.111	0.115	0.116	0.113	0.114	0.113	0.109	0.111	0.114	0.312	0.375	0.365	0.276	0.323	0.336	0.346	0.391	0.391	0.341	0.383	0.385	0.280	0.304	0.357	0.257	0.316	0.316	0.326	0.396	0.404	0.360	0.426	0.438	0.405	0.459	0.456	0.289	0.309	0.314	0.390	0.425	0.411	0.327	0.370	0.370	0.286	0.315	0.320	0.115	0.108	0.112	0.114	0.116	0.113	0.112	0.116	0.112
17:08:05	0.635	0.632	0.627	0.612	0.623	0.616	0.672	0.676	0.682	0.634	0.640	0.640	0.630	0.621	0.624	0.627	0.624	0.604	0.658	0.660	0.650	0.645	0.649	0.642	0.644	0.660	0.658	0.639	0.644	0.664	0.638	0.632	0.639	0.637	0.639	0.640	0.613	0.610	0.619	0.111	0.115	0.116	0.113	0.114	0.113	0.109	0.111	0.114	0.310	0.374	0.365	0.277	0.324	0.336	0.350	0.392	0.393	0.342	0.381	0.387	0.281	0.305	0.357	0.258	0.317	0.318	0.329	0.397	0.405	0.359	0.428	0.439	0.404	0.460	0.456	0.286	0.312	0.312	0.393	0.425	0.411	0.326	0.370	0.368	0.286	0.315	0.323	0.115	0.108	0.112	0.113	0.116	0.113	0.112	0.116	0.112
17:18:05	0.635	0.631	0.626	0.617	0.619	0.615	0.672	0.678	0.684	0.633	0.642	0.642	0.632	0.620	0.623	0.629	0.624	0.603	0.659	0.659	0.648	0.653	0.647	0.644	0.645	0.658	0.659	0.639	0.649	0.675	0.645	0.633	0.639	0.642	0.640	0.639	0.615	0.612	0.621	0.112	0.115	0.116	0.114	0.114	0.113	0.109	0.111	0.114	0.311	0.376	0.366	0.278	0.325	0.337	0.350	0.391	0.393	0.344	0.381	0.386	0.281	0.306	0.357	0.258	0.318	0.321	0.329	0.397	0.405	0.362	0.428	0.441	0.406	0.463	0.457	0.288	0.312	0.313	0.391	0.427	0.412	0.328	0.372	0.371	0.288	0.317	0.322	0.115	0.108	0.112	0.114	0.116	0.113	0.112	0.116	0.112
17:28:05	0.636	0.633	0.629	0.614	0.622	0.618	0.672	0.680	0.683	0.633	0.646	0.646	0.627	0.623	0.627	0.630	0.625	0.604	0.654	0.663	0.652	0.659	0.650	0.644	0.647	0.657	0.663	0.645	0.640	0.678	0.642	0.632	0.641	0.642	0.639	0.639	0.613	0.611	0.620	0.111	0.115	0.116	0.113	0.114	0.113	0.109	0.111	0.114	0.313	0.377	0.367	0.277	0.326	0.339	0.351	0.390	0.397	0.346	0.384	0.388	0.283	0.307	0.357	0.258	0.320	0.322	0.331	0.399	0.406	0.364	0.430	0.439	0.409	0.465	0.458	0.289	0.314	0.314	0.394	0.427	0.415	0.328	0.371	0.372	0.289	0.317	0.322	0.115	0.108	0.112	0.113	0.116	0.113	0.112	0.116	0.112
17:38:05	0.634	0.631	0.630	0.613	0.620	0.618	0.674	0.679	0.686	0.633	0.642	0.644	0.634	0.621	0.624	0.631	0.623	0.607	0.656	0.665	0.644	0.654	0.648	0.644	0.646	0.658	0.661	0.648	0.639	0.672	0.642	0.627	0.639	0.640	0.636	0.641	0.617	0.611	0.619	0.111	0.115	0.116	0.113	0.114	0.114	0.109	0.111	0.114	0.314	0.377	0.367	0.279	0.326	0.337	0.353	0.391	0.395	0.346	0.384	0.390	0.283	0.306	0.358	0.258	0.319	0.321	0.331	0.398	0.406	0.364	0.430	0.440	0.406	0.467	0.460	0.290	0.314	0.315	0.394	0.427	0.414	0.331	0.373	0.371	0.288	0.317	0.325	0.115	0.108	0.112	0.113	0.117	0.113	0.112	0.116	0.112
17:48:05	0.631	0.632	0.632	0.613	0.618	0.617	0.677	0.683	0.687	0.633	0.644	0.646	0.635	0.625	0.624	0.631	0.626	0.610	0.650	0.662	0.646	0.655	0.651	0.645	0.646	0.659	0.662	0.650	0.642	0.680	0.642	0.632	0.640	0.646	0.641	0.637	0.616	0.610	0.621	0.112	0.115	0.116	0.114	0.114	0.113	0.109	0.111	0.114	0.315	0.380	0.369	0.279	0.326	0.339	0.353	0.396	0.397	0.346	0.388	0.387	0.283	0.306	0.359	0.261	0.319	0.323	0.331	0.401	0.407	0.364	0.433	0.441	0.408	0.467	0.461	0.290	0.315	0.316	0.396	0.428	0.416	0.331	0.370	0.373	0.287	0.317	0.326	0.115	0.108	0.112	0.113	0.116	0.113	0.112	0.116	0.112
17:58:05	0.634	0.630	0.629	0.610	0.616	0.614	0.673	0.678	0.683	0.629	0.641	0.644	0.630	0.622	0.624	0.628	0.621	0.608	0.650	0.661	0.642	0.648	0.643	0.642	0.646	0.652	0.662	0.645	0.644	0.679	0.640	0.632	0.636	0.642	0.636	0.637	0.614	0.609	0.621	0.111	0.115	0.116	0.113	0.114	0.113	0.108	0.111	0.114	0.314	0.378	0.369	0.280	0.326	0.338	0.352	0.391	0.397	0.346	0.387	0.391	0.283	0.308	0.360	0.260	0.321	0.323	0.331	0.399	0.406	0.363	0.433	0.442	0.410	0.468	0.459	0.288	0.313	0.316	0.396	0.426	0.415	0.331	0.371	0.372	0.290	0.318	0.327	0.115	0.108	0.111	0.113	0.116	0.113	0.112	0.115	0.112
18:08:05	0.634	0.632	0.625	0.612	0.617	0.619	0.673	0.679	0.684	0.629	0.645	0.647	0.629	0.623	0.625	0.627	0.624	0.607	0.647	0.658	0.645	0.653	0.645	0.643	0.645	0.656	0.660	0.650	0.645	0.683	0.641	0.629	0.640	0.643	0.637	0.638	0.614	0.609	0.618	0.111	0.115	0.116	0.113	0.114	0.114	0.109	0.111	0.114	0.313	0.379	0.369	0.280	0.326	0.337	0.352	0.394	0.397	0.346	0.386	0.389	0.286	0.309	0.361	0.261	0.321	0.324	0.332	0.402	0.409	0.366	0.434	0.445	0.411	0.468	0.461	0.290	0.315	0.316	0.396	0.430	0.418	0.332	0.373	0.374	0.291	0.317	0.326	0.115	0.108	0.112	0.113	0.116	0.113	0.112	0.116	0.112
18:18:05	0.632	0.633	0.630	0.614	0.622	0.619	0.674	0.679	0.687	0.635	0.642	0.646	0.633	0.620	0.625	0.633	0.628	0.611	0.648	0.658	0.643	0.644	0.651	0.642	0.648	0.656	0.660	0.653	0.651	0.679	0.641	0.632	0.638	0.642	0.638	0.639	0.617	0.608	0.616	0.111	0.115	0.116	0.113	0.114	0.113	0.109	0.111	0.114	0.317	0.380	0.369	0.282	0.328	0.339	0.353	0.396	0.398	0.347	0.387	0.393	0.284	0.306	0.363	0.260	0.322	0.323	0.332	0.402	0.409	0.367	0.435	0.448	0.415	0.470	0.463	0.290	0.315	0.315	0.396	0.431	0.419	0.332	0.373	0.377	0.291	0.321	0.326	0.115	0.108	0.112	0.113	0.116	0.113	0.112	0.115	0.112
18:28:05	0.630	0.633	0.632	0.616	0.622	0.616	0.677	0.679	0.685	0.632	0.644	0.649	0.633	0.624	0.628	0.632	0.625	0.609	0.656	0.655	0.645	0.653	0.646	0.646	0.648	0.659	0.665	0.657	0.655	0.691	0.645	0.634	0.643	0.645	0.640	0.638	0.617	0.611	0.618	0.112	0.115	0.116	0.113	0.114	0.113	0.109	0.111	0.114	0.318	0.381	0.371	0.283	0.329	0.340	0.356	0.395	0.400	0.349	0.390	0.391	0.285	0.311	0.362	0.262	0.324	0.325	0.333	0.403	0.411	0.367	0.437	0.446	0.413	0.474	0.467	0.292	0.315	0.318	0.397	0.430	0.419	0.332	0.373	0.375	0.294	0.320	0.328	0.115	0.108	0.112	0.113	0.116	0.113	0.112	0.116	0.112
18:38:05	0.631	0.635	0.629	0.613	0.621	0.618	0.671	0.681	0.683	0.631	0.645	0.647	0.631	0.621	0.627	0.631	0.627	0.607	0.649	0.659	0.644	0.651	0.643	0.642	0.646	0.655	0.664	0.655	0.652	0.691	0.642	0.629	0.639	0.642	0.640	0.639	0.616	0.608	0.616	0.111	0.115	0.116	0.113	0.114	0.114	0.109	0.111	0.114	0.316	0.380	0.371	0.283	0.329	0.340	0.355	0.394	0.398	0.349	0.390	0.392	0.286	0.309	0.362	0.263	0.324	0.324	0.334	0.403	0.412	0.367	0.436	0.449	0.412	0.474	0.466	0.293	0.315	0.315	0.397	0.435	0.421	0.334	0.374	0.378	0.292	0.321	0.327	0.115	0.108	0.112	0.113	0.116	0.113	0.112	0.115	0.112
18:48:05	0.631	0.634	0.631	0.617	0.622	0.618	0.674	0.681	0.683	0.632	0.643	0.643	0.633	0.622	0.624	0.633	0.623	0.611	0.648	0.660	0.639	0.651	0.645	0.643	0.646	0.657	0.663	0.655	0.649	0.680	0.639	0.626	0.639	0.644	0.638	0.639	0.614	0.607	0.620	0.111	0.115	0.116	0.113	0.114	0.114	0.108	0.111	0.114	0.317	0.380	0.371	0.283	0.331	0.340	0.354	0.398	0.402	0.349	0.391	0.395	0.287	0.309	0.364	0.262	0.326	0.325	0.334	0.405	0.412	0.369	0.439	0.451	0.415	0.475	0.466	0.292	0.316	0.318	0.398	0.433	0.423	0.334	0.374	0.377	0.294	0.322	0.327	0.115	0.108	0.111	0.113	0.116	0.113	0.112	0.115	0.112
18:58:05	0.635	0.633	0.628	0.610	0.621	0.616	0.669	0.677	0.684	0.634	0.642	0.645	0.633	0.621	0.623	0.631	0.626	0.612	0.648	0.660	0.639	0.648	0.649	0.641	0.648	0.653	0.662	0.651	0.648	0.674	0.640	0.628	0.634	0.642	0.636	0.641	0.613	0.607	0.613	0.111	0.115	0.116	0.113	0.114	0.114	0.109	0.111	0.114	0.317	0.380	0.373	0.283	0.330	0.343	0.354	0.396	0.399	0.350	0.391	0.395	0.286	0.309	0.365	0.262	0.325	0.327	0.334	0.405	0.412	0.368	0.438	0.450	0.415	0.474	0.467	0.292	0.318	0.318	0.401	0.435	0.423	0.335	0.379	0.378	0.294	0.321	0.329	0.114	0.108	0.111	0.113	0.116	0.113	0.112	0.115	0.112
19:08:05	0.628	0.632	0.625	0.611	0.618	0.617	0.667	0.677	0.682	0.631	0.640	0.643	0.631	0.619	0.622	0.631	0.629	0.611	0.649	0.652	0.636	0.645	0.651	0.642	0.646	0.651	0.661	0.654	0.649	0.671	0.638	0.629	0.634	0.639	0.632	0.640	0.612	0.606	0.618	0.111	0.115	0.116	0.113	0.114	0.115	0.109	0.111	0.114	0.317	0.382	0.371	0.283	0.332	0.343	0.355	0.397	0.401	0.349	0.389	0.394	0.287	0.309	0.365	0.263	0.326	0.327	0.335	0.404	0.411	0.366	0.439	0.452	0.417	0.477	0.467	0.292	0.316	0.318	0.402	0.435	0.420	0.335	0.379	0.379	0.292	0.321	0.328	0.115	0.108	0.112	0.113	0.116	0.113	0.112	0.115	0.112
19:18:05	0.628	0.631	0.624	0.609	0.619	0.618	0.666	0.677	0.680	0.633	0.644	0.643	0.630	0.618	0.620	0.630	0.628	0.613	0.643	0.655	0.638	0.642	0.649	0.640	0.645	0.654	0.657	0.656	0.648	0.656	0.636	0.630	0.635	0.639	0.635	0.635	0.613	0.607	0.616	0.112	0.115	0.116	0.113	0.114	0.114	0.109	0.111	0.114	0.319	0.384	0.375	0.282	0.330	0.346	0.356	0.399	0.403	0.350	0.391	0.395	0.288	0.309	0.365	0.264	0.325	0.326	0.334	0.405	0.412	0.369	0.440	0.451	0.421	0.477	0.469	0.293	0.316	0.318	0.400	0.434	0.425	0.335	0.378	0.380	0.295	0.323	0.329	0.115	0.108	0.111	0.113	0.116	0.113	0.112	0.115	0.112
19:28:05	0.627	0.631	0.624	0.611	0.617	0.615	0.670	0.672	0.679	0.634	0.645	0.643	0.631	0.618	0.621	0.631	0.627	0.614	0.643	0.651	0.638	0.643	0.648	0.641	0.644	0.651	0.660	0.659	0.649	0.671	0.637	0.625	0.635	0.638	0.635	0.638	0.613	0.606	0.614	0.111	0.115	0.116	0.113	0.114	0.115	0.109	0.111	0.114	0.320	0.384	0.375	0.284	0.332	0.344	0.357	0.398	0.403	0.351	0.392	0.395	0.289	0.312	0.366	0.265	0.327	0.327	0.336	0.405	0.415	0.368	0.439	0.455	0.420	0.479	0.470	0.291	0.319	0.319	0.401	0.436	0.423	0.338	0.379	0.381	0.294	0.323	0.331	0.114	0.108	0.111	0.113	0.116	0.113	0.112	0.115	0.112
19:38:05	0.628	0.632	0.621	0.613	0.618	0.617	0.669	0.672	0.677	0.629	0.640	0.646	0.629	0.618	0.623	0.631	0.630	0.614	0.642	0.650	0.640	0.646	0.650	0.638	0.645	0.650	0.659	0.665	0.648	0.678	0.636	0.625	0.633	0.640	0.638	0.638	0.612	0.607	0.614	0.111	0.115	0.116	0.113	0.114	0.115	0.109	0.111	0.114	0.319	0.389	0.375	0.285	0.332	0.344	0.358	0.401	0.404	0.352	0.394	0.398	0.289	0.313	0.368	0.264	0.327	0.328	0.338	0.406	0.415	0.369	0.442	0.452	0.420	0.483	0.474	0.295	0.319	0.321	0.402	0.438	0.423	0.337	0.380	0.379	0.296	0.327	0.332	0.115	0.108	0.112	0.113	0.116	0.113	0.112	0.116	0.112
19:48:05	0.626	0.630	0.622	0.613	0.619	0.614	0.666	0.668	0.676	0.628	0.636	0.642	0.630	0.613	0.617	0.629	0.626	0.610	0.640	0.646	0.637	0.646	0.642	0.638	0.642	0.649	0.658	0.664	0.653	0.676	0.641	0.626	0.633	0.638	0.639	0.632	0.614	0.605	0.613	0.111	0.115	0.116	0.113	0.114	0.115	0.109	0.111	0.114	0.320	0.385	0.376	0.285	0.333	0.344	0.360	0.402	0.404	0.352	0.394	0.398	0.289	0.311	0.366	0.265	0.327	0.329	0.336	0.406	0.414	0.371	0.445	0.455	0.423	0.482	0.471	0.293	0.320	0.321	0.403	0.435	0.425	0.337	0.379	0.383	0.295	0.324	0.333	0.115	0.108	0.111	0.113	0.116	0.113	0.112	0.115	0.112
19:58:05	0.626	0.631	0.621	0.608	0.615	0.616	0.667	0.670	0.675	0.630	0.639	0.640	0.630	0.613	0.618	0.627	0.628	0.613	0.640	0.648	0.636	0.638	0.646	0.639	0.640	0.647	0.658	0.663	0.651	0.670	0.633	0.623	0.629	0.634	0.632	0.634	0.612	0.606	0.613	0.111	0.115	0.116	0.113	0.114	0.115	0.109	0.111	0.114	0.324	0.387	0.377	0.284	0.333	0.346	0.360	0.400	0.404	0.351	0.393	0.398	0.289	0.312	0.367	0.267	0.327	0.329	0.338	0.408	0.416	0.373	0.444	0.455	0.423	0.481	0.473	0.294	0.319	0.322	0.404	0.437	0.426	0.338	0.379	0.383	0.295	0.325	0.332	0.114	0.108	0.111	0.113	0.116	0.113	0.112	0.115	0.112
20:08:05	0.625	0.631	0.620	0.605	0.616	0.613	0.665	0.667	0.678	0.628	0.637	0.635	0.631	0.616	0.618	0.627	0.626	0.614	0.640	0.645	0.636	0.639	0.645	0.635	0.643	0.649	0.657	0.658	0.654	0.669	0.634	0.624	0.628	0.640	0.633	0.635	0.609	0.605	0.613	0.111	0.115	0.116	0.113	0.114	0.116	0.108	0.111	0.114	0.321	0.387	0.376	0.285	0.333	0.347	0.360	0.403	0.405	0.353	0.393	0.399	0.291	0.313	0.369	0.265	0.329	0.330	0.336	0.408	0.416	0.371	0.447	0.454	0.428	0.483	0.476	0.297	0.320	0.323	0.403	0.438	0.427	0.338	0.382	0.384	0.296	0.325	0.332	0.115	0.108	0.112	0.113	0.116	0.113	0.112	0.115	0.112
20:18:05	0.617	0.627	0.614	0.607	0.610	0.613	0.664	0.665	0.675	0.623	0.633	0.637	0.624	0.608	0.612	0.627	0.626	0.613	0.634	0.639	0.633	0.639	0.641	0.637	0.636	0.643	0.654	0.661	0.656	0.669	0.628	0.621	0.625	0.631	0.628	0.631	0.608	0.603	0.609	0.111	0.115	0.116	0.113	0.114	0.117	0.108	0.111	0.114	0.323	0.387	0.377	0.284	0.335	0.345	0.360	0.402	0.406	0.355	0.392	0.400	0.289	0.313	0.368	0.265	0.327	0.333	0.337	0.408	0.417	0.372	0.445	0.455	0.422	0.485	0.474	0.295	0.320	0.321	0.406	0.440	0.425	0.342	0.381	0.383	0.294	0.327	0.333	0.114	0.108	0.111	0.113	0.116	0.113	0.112	0.115	0.112
20:28:05	0.615	0.626	0.614	0.607	0.612	0.612	0.663	0.664	0.673	0.622	0.634	0.639	0.625	0.613	0.613	0.630	0.627	0.615	0.637	0.637	0.633	0.636	0.637	0.638	0.636	0.642	0.653	0.660	0.659	0.658	0.631	0.623	0.628	0.634	0.630	0.629	0.605	0.603	0.612	0.111	0.115	0.116	0.113	0.114	0.117	0.108	0.111	0.114	0.322	0.386	0.378	0.287	0.335	0.348	0.362	0.404	0.406	0.356	0.397	0.403	0.291	0.314	0.368	0.268	0.329	0.330	0.337	0.408	0.418	0.372	0.447	0.458	0.427	0.487	0.475	0.296	0.322	0.323	0.407	0.441	0.429	0.341	0.381	0.383	0.298	0.327	0.336	0.115	0.108	0.112	0.113	0.116	0.113	0.112	0.115	0.112
20:38:05	0.617	0.625	0.610	0.604	0.610	0.610	0.664	0.664	0.677	0.621	0.634	0.632	0.622	0.610	0.613	0.625	0.622	0.613	0.636	0.635	0.633	0.635	0.635	0.633	0.633	0.641	0.650	0.659	0.656	0.654	0.626	0.620	0.621	0.628	0.628	0.629	0.604	0.601	0.607	0.111	0.115	0.116	0.113	0.114	0.117	0.108	0.111	0.114	0.323	0.389	0.376	0.286	0.335	0.347	0.361	0.403	0.406	0.356	0.396	0.399	0.290	0.313	0.368	0.267	0.329	0.331	0.341	0.409	0.419	0.374	0.447	0.456	0.425	0.488	0.476	0.294	0.322	0.322	0.405	0.439	0.428	0.339	0.382	0.384	0.298	0.328	0.335	0.114	0.108	0.111	0.113	0.116	0.113	0.112	0.115	0.112
20:48:05	0.611	0.623	0.609	0.601	0.606	0.610	0.664	0.664	0.674	0.619	0.632	0.633	0.624	0.610	0.609	0.627	0.621	0.614	0.635	0.639	0.633	0.634	0.636	0.633	0.632	0.641	0.652	0.657	0.657	0.655	0.627	0.617	0.621	0.629	0.628	0.628	0.602	0.600	0.609	0.111	0.115	0.116	0.113	0.114	0.117	0.108	0.111	0.113	0.325	0.388	0.379	0.286	0.334	0.348	0.362	0.405	0.406	0.356	0.397	0.400	0.291	0.315	0.370	0.268	0.332	0.332	0.337	0.410	0.420	0.374	0.449	0.458	0.430	0.487	0.477	0.297	0.321	0.325	0.406	0.442	0.431	0.338	0.383	0.384	0.297	0.328	0.333	0.114	0.107	0.111	0.113	0.116	0.113	0.112	0.115	0.112
20:58:05	0.604	0.621	0.607	0.602	0.608	0.608	0.667	0.660	0.672	0.618	0.629	0.632	0.621	0.609	0.607	0.619	0.620	0.613	0.632	0.637	0.631	0.632	0.638	0.632	0.626	0.639	0.650	0.657	0.655	0.654	0.624	0.616	0.620	0.625	0.626	0.625	0.601	0.598	0.605	0.111	0.115	0.116	0.113	0.114	0.119	0.108	0.111	0.114	0.323	0.388	0.378	0.288	0.334	0.349	0.362	0.405	0.408	0.356	0.398	0.402	0.292	0.314	0.371	0.268	0.330	0.331	0.338	0.410	0.417	0.374	0.448	0.458	0.429	0.489	0.477	0.294	0.319	0.323	0.404	0.442	0.429	0.339	0.383	0.386	0.296	0.329	0.334	0.114	0.108	0.111	0.113	0.116	0.113	0.113	0.115	0.112
21:08:05	0.607	0.621	0.605	0.604	0.609	0.607	0.656	0.658	0.668	0.616	0.626	0.632	0.618	0.603	0.605	0.622	0.620	0.612	0.630	0.633	0.628	0.643	0.634	0.630	0.628	0.632	0.649	0.654	0.652	0.655	0.623	0.615	0.621	0.628	0.626	0.622	0.600	0.594	0.606	0.111	0.115	0.116	0.113	0.114	0.128	0.108	0.111	0.114	0.325	0.391	0.381	0.289	0.336	0.347	0.362	0.404	0.408	0.356	0.400	0.402	0.293	0.316	0.371	0.268	0.330	0.332	0.341	0.411	0.420	0.376	0.447	0.460	0.432	0.488	0.482	0.295	0.323	0.324	0.406	0.442	0.431	0.340	0.381	0.386	0.299	0.330	0.333	0.114	0.108	0.112	0.113	0.116	0.113	0.112	0.115	0.112
21:18:05	0.603	0.618	0.605	0.596	0.601	0.605	0.668	0.664	0.676	0.617	0.629	0.631	0.617	0.602	0.607	0.623	0.620	0.615	0.631	0.638	0.629	0.633	0.632	0.629	0.626	0.635	0.647	0.653	0.651	0.653	0.622	0.616	0.621	0.623	0.625	0.627	0.596	0.596	0.601	0.111	0.114	0.115	0.113	0.114	0.121	0.108	0.110	0.114	0.326	0.391	0.381	0.290	0.336	0.348	0.364	0.407	0.408	0.355	0.401	0.404	0.292	0.315	0.374	0.269	0.331	0.332	0.339	0.412	0.420	0.375	0.450	0.460	0.433	0.490	0.480	0.298	0.322	0.326	0.408	0.445	0.433	0.343	0.384	0.387	0.299	0.328	0.335	0.114	0.108	0.111	0.113	0.116	0.113	0.112	0.115	0.112
21:28:05	0.602	0.617	0.605	0.587	0.599	0.603	0.663	0.671	0.674	0.616	0.627	0.626	0.616	0.597	0.601	0.618	0.617	0.612	0.633	0.635	0.628	0.634	0.631	0.626	0.623	0.632	0.644	0.647	0.653	0.652	0.619	0.616	0.615	0.620	0.620	0.622	0.598	0.591	0.598	0.111	0.114	0.116	0.113	0.114	0.121	0.108	0.111	0.114	0.326	0.390	0.380	0.289	0.335	0.351	0.363	0.404	0.408	0.357	0.398	0.403	0.292	0.316	0.372	0.268	0.333	0.331	0.340	0.412	0.420	0.376	0.450	0.461	0.432	0.491	0.482	0.297	0.322	0.321	0.406	0.446	0.433	0.343	0.385	0.389	0.299	0.329	0.334	0.114	0.107	0.111	0.113	0.115	0.113	0.112	0.115	0.112
21:38:05	0.596	0.616	0.607	0.591	0.599	0.602	0.663	0.667	0.677	0.618	0.626	0.625	0.618	0.595	0.599	0.616	0.616	0.613	0.632	0.636	0.626	0.634	0.630	0.626	0.622	0.632	0.643	0.646	0.652	0.645	0.622	0.617	0.615	0.622	0.621	0.620	0.594	0.594	0.599	0.111	0.114	0.115	0.113	0.114	0.120	0.108	0.111	0.114	0.325	0.391	0.381	0.288	0.337	0.349	0.363	0.406	0.408	0.358	0.398	0.406	0.293	0.318	0.372	0.270	0.331	0.333	0.341	0.412	0.422	0.376	0.452	0.462	0.434	0.493	0.483	0.298	0.323	0.325	0.409	0.445	0.435	0.343	0.385	0.390	0.300	0.329	0.336	0.114	0.107	0.111	0.113	0.116	0.113	0.112	0.115	0.112
21:48:05	0.595	0.614	0.599	0.592	0.599	0.602	0.662	0.664	0.670	0.612	0.621	0.625	0.614	0.594	0.596	0.614	0.613	0.611	0.631	0.635	0.620	0.629	0.631	0.623	0.621	0.631	0.641	0.648	0.651	0.647	0.619	0.612	0.613	0.621	0.621	0.614	0.592	0.592	0.594	0.111	0.114	0.116	0.113	0.113	0.123	0.108	0.111	0.114	0.326	0.391	0.381	0.289	0.336	0.348	0.365	0.409	0.408	0.358	0.401	0.401	0.294	0.315	0.375	0.270	0.333	0.332	0.341	0.410	0.422	0.377	0.451	0.462	0.432	0.493	0.484	0.297	0.324	0.325	0.408	0.444	0.436	0.342	0.387	0.388	0.298	0.330	0.333	0.114	0.108	0.111	0.113	0.115	0.112	0.112	0.115	0.111
21:58:05	0.594	0.614	0.600	0.592	0.602	0.598	0.658	0.659	0.664	0.608	0.619	0.623	0.609	0.594	0.597	0.613	0.610	0.607	0.630	0.636	0.615	0.632	0.628	0.623	0.623	0.632	0.644	0.645	0.651	0.647	0.619	0.615	0.612	0.623	0.623	0.614	0.591	0.585	0.593	0.111	0.115	0.116	0.113	0.114	0.127	0.108	0.111	0.113	0.325	0.391	0.384	0.291	0.337	0.350	0.365	0.409	0.409	0.360	0.401	0.407	0.295	0.319	0.374	0.269	0.332	0.334	0.343	0.412	0.424	0.377	0.451	0.463	0.434	0.492	0.484	0.299	0.323	0.326	0.409	0.446	0.436	0.343	0.386	0.390	0.298	0.331	0.335	0.114	0.108	0.111	0.113	0.116	0.113	0.112	0.115	0.112
0:00:00																																																																																																
0:00:00																																																																																																
0:00:00																																																																																																
0:00:00																																																																																																
0:00:00																																																																																																
0:00:00																																																																																																
0:00:00																																																																																																
0:00:00																																																																																																
0:00:00																																																																																																
0:00:00																																																																																																
0:00:00																																																																																																
0:00:00																																																																																																
0:00:00																																																																																																
0:00:00																																																																																																
0:00:00																																																																																																
0:00:00																																																																																																
0:00:00																																																																																																
0:00:00																																																																																																
0:00:00																																																																																																
0:00:00																																																																																																
0:00:00																																																																																																
0:00:00																																																																																																

