EGFP:488,507[2]

Kinetic read	A1	A2	A3	A4	A5	A6	A7	A8	A9	A10	A11	A12	B1	B2	B3	B4	B5	B6	B7	B8	B9	B10	B11	B12	C1	C2	C3	C4	C5	C6	C7	C8	C9	C10	C11	C12	D1	D2	D3	D4	D5	D6	D7	D8	D9	D10	D11	D12	E1	E2	E3	E4	E5	E6	E7	E8	E9	E10	E11	E12	F1	F2	F3	F4	F5	F6	F7	F8	F9	F10	F11	F12	G1	G2	G3	G4	G5	G6	G7	G8	G9	G10	G11	G12	H1	H2	H3	H4	H5	H6	H7	H8	H9	H10	H11	H12
0:09:18	3195	3237	3216	3190	3236	3192	3284	3387	3380	3316	3190	3256	3472	3554	3647	3334	3214	3417	3120	3141	3256	3237	3449	3542	3248	3252	3257	3215	3311	3333	3317	3481	3376	3283	3198	3497	4556	4431	4303	3059	3069	3228	3311	3365	3199	3516	3189	3247	3286	3177	3190	3266	3504	3402	3203	3139	3240	3107	3196	3227	3967	3815	4070	3193	3158	3024	3192	3295	3192	3273	3314	3420	3422	3145	3107	3300	3153	3210	3261	3230	3327	3056	3188	3357	4997	4986	7596	3139	3024	3193	3194	3137	3188	3131	3039	3322
0:19:18	3277	3199	3371	3255	3351	3209	3332	3271	3410	3297	3465	3203	3458	3295	3922	3209	3224	3358	3378	3348	3233	3455	3433	3400	3092	3387	3304	3278	3174	3185	3563	3344	3511	3273	3292	3339	4652	5423	4961	3166	3165	3273	3312	3122	3171	3283	3191	3248	3280	3288	3427	3456	3511	3496	3145	3103	3096	3149	3214	3409	3780	4498	4573	3104	3153	3111	3208	3232	3224	3271	3184	3376	3118	3307	2987	3319	3176	3318	3667	3419	3714	3235	3306	3263	5056	5054	8853	3075	2920	3095	3192	3270	3100	2997	3196	3130
0:29:18	3284	3280	3463	3429	3437	3296	3483	3397	3483	3388	3336	3312	3470	4190	4387	3234	3385	3283	3207	3336	3249	3415	3248	3421	3429	3344	3277	3269	3288	3290	3735	3236	3805	3384	3323	3344	4748	6915	6445	3173	3062	3166	3388	3157	3242	3268	3171	3196	3370	3332	3462	3491	3750	3659	3345	3286	3200	3140	3249	3442	3799	4703	4856	3161	3141	3086	3343	3278	3293	3235	3247	3359	3330	3182	3203	3146	3224	3211	3476	3431	3350	3308	3186	3312	5056	5368	7936	2985	3042	3101	3074	3175	3088	3176	3080	3111
0:39:18	3349	3184	3300	3334	3536	3210	3367	3126	3381	3318	3294	3227	3690	4389	4510	3318	3281	3474	3292	3310	3249	3293	3315	3332	3194	3154	3214	3279	3199	3358	3700	3367	3774	3271	3291	3362	4885	7331	7040	3016	3158	3011	3327	3063	3160	3179	3208	3147	3309	3491	3418	3710	3697	3926	3323	3242	3334	3139	3163	3288	3861	4717	4720	3224	3423	3141	3217	3273	3079	3205	3109	3368	3309	3289	3015	3223	3228	3221	3404	3414	3360	3137	3159	3249	5271	5708	4925	3116	3104	3306	3066	3053	3050	3076	3208	3036
0:49:18	3301	3244	3528	3373	3390	3284	3430	3234	3387	3213	3303	3253	3609	4642	4613	3301	3329	3217	3142	3224	3200	3348	3429	3453	3287	3372	3284	3291	3225	3204	3747	3282	3643	3336	3352	3371	5011	8161	7682	3152	3103	3047	3258	3133	3012	3270	3007	3291	3337	3520	3762	3726	3722	3731	3258	3295	3261	3210	3353	3321	3706	4849	5102	3202	3098	3208	3156	3174	3196	3199	3174	3541	3271	3303	3136	3183	3145	3137	3270	3439	3226	3435	3481	3479	5442	5684	4843	3093	3017	3110	3125	3223	3030	2943	3059	3075
0:59:18	3288	3256	3251	3237	3485	3133	3205	3282	3438	3168	3361	3230	3719	4567	4516	3315	3245	3231	3221	3214	3276	3534	3448	3535	3156	3362	3238	3257	3298	3225	3950	3244	3511	3117	3354	3346	5134	9064	8225	3066	3180	3081	3191	3142	3051	3211	3146	3222	3460	3618	3735	3371	3441	3673	3408	3114	3167	3278	3314	3489	3690	4722	4474	3151	3127	3100	3124	3199	3121	3335	3250	3450	3318	3249	3180	3263	3155	3283	3473	3528	3371	3394	3288	3398	6040	6075	5084	3238	3083	3015	3224	3091	3009	3018	3063	3214
1:09:18	3150	3219	3546	3338	3453	3079	3287	3167	3383	3189	3362	3308	3680	4659	4429	3469	3400	3277	3315	3206	3089	3383	3396	3331	3229	3112	3165	3218	3162	3268	3823	3318	3506	3276	3348	3258	5500	9649	9363	3085	3122	3047	3220	3040	3046	3207	2913	3273	3430	3661	4071	3242	3370	3491	3211	3383	3266	3188	3432	3764	3628	4284	4562	3145	3077	3054	3145	3133	3214	3345	3317	3362	3396	3258	3148	3287	3203	3300	3457	3510	3501	3406	3387	3588	6221	6180	4951	3048	3097	2906	2918	2983	2990	3077	2980	3256
1:19:18	3178	3153	3315	3244	3389	3238	3356	3345	3385	3122	3463	3255	3952	4741	4218	3353	3262	3286	3294	3213	3372	3324	3370	3425	3310	3237	3263	3338	3348	3303	3601	3539	3528	3268	3325	3412	5766	9948	9669	2995	3042	3074	3283	3101	3126	3103	3034	3168	3756	4163	4140	3285	3619	3633	3321	3420	3232	3394	3543	3666	3802	4142	4300	3090	3182	3082	3203	3256	3092	3303	3347	3661	3249	3182	3267	3078	3256	3132	3513	3457	3470	3549	3549	4007	6239	6684	5432	2980	3033	3052	3083	3265	3063	3158	3169	3136
1:29:18	3175	3345	3247	3380	3533	3144	3219	3290	3409	3179	3399	3250	4013	5054	4180	3275	3278	3197	3300	3244	3226	3505	3380	3435	3226	3322	3354	3269	3273	3278	3572	3401	3573	3317	3226	3406	6041	10342	10019	3034	3062	3078	3238	3096	3053	3251	3107	3274	3895	4256	5491	3562	3644	3841	3453	3690	3556	3539	3798	4054	3762	5554	4310	2970	3036	3163	3128	3255	3182	3473	3519	3696	3248	3269	3174	3183	3120	3359	3565	3776	3568	3714	3675	4026	6623	7073	5325	3098	3046	3059	3074	2976	3016	3046	3063	3235
1:39:18	3187	3076	3361	3328	3537	3289	3305	3342	3500	3339	3353	3213	4191	4654	4055	3121	3250	3203	3200	3276	3316	3353	3447	3379	3276	3294	3260	3254	3230	3247	3602	3509	3733	3354	3243	3453	6298	10017	9665	3033	3001	3143	3240	3108	2995	3204	3002	3019	4078	5208	4655	3585	3999	3981	3488	3924	3594	3735	3885	4207	4070	5641	4273	3185	3186	3162	3125	3262	3209	3425	3563	3602	3381	3202	3291	3253	3182	3253	3748	3815	3781	3594	4077	4220	6804	7328	5712	3025	3090	3144	3084	3006	3138	3036	3040	3080
1:49:18	3135	3235	3370	3418	3559	3105	3247	3285	3401	3406	3381	3301	4345	4565	4147	3365	3186	3068	3184	3304	3287	3512	3383	3322	3424	3328	3328	3404	3291	3179	3598	3523	3601	3282	3368	3436	6521	9437	9761	2986	3086	3236	3098	3140	2936	3242	2957	3136	4360	6066	6093	3783	3931	4446	3602	3695	3785	4138	4326	4365	3874	4774	4525	3125	3167	3057	3206	3231	3358	3537	3533	3699	3345	3130	3368	3221	3305	3234	3836	4000	4069	3770	3980	4221	7182	7749	6054	3058	2946	3084	2930	3121	3052	3091	3041	3108
1:59:18	3081	3228	3572	3385	3330	3298	3254	3358	3579	3195	3382	3229	4308	4373	4593	3352	3340	3315	3251	3452	3465	3555	3560	3501	3182	3244	3431	3304	3306	3327	3672	3472	3819	3238	3449	3477	6792	9608	9612	2965	3046	2918	3120	3155	3008	3152	2913	3299	4349	5209	5550	3753	4251	4502	3700	4027	3657	4171	4259	4370	4050	4726	4501	3002	3114	3022	3310	3253	3292	3437	3672	3749	3347	3252	3227	3264	3183	3316	3985	4140	4035	3963	4212	4393	7413	7994	6390	2858	3084	3133	3128	3093	3116	2951	3013	3114
2:09:18	3032	3362	3360	3364	3350	3310	3156	3270	3400	3302	3416	3346	4464	4591	4643	3444	3306	3315	3193	3299	3389	3440	3626	3612	3186	3319	3239	3363	3447	3346	3647	3487	3805	3376	3502	3425	7161	9591	9194	3038	2975	3006	3148	3074	3003	3201	3136	3132	4664	5499	6345	4082	4164	4446	3765	3900	3925	4395	4505	4689	3995	4501	4784	3316	3224	3095	3164	3243	3299	3577	3840	3962	3353	3294	3292	3180	3411	3297	4039	4166	4239	4289	4483	4717	7334	8229	6445	3086	3009	2964	2998	3027	2978	3169	2983	3095
2:19:18	3212	3282	3497	3386	3639	3454	3338	3301	3601	3201	3455	3347	4698	4595	4618	3321	3239	3249	3089	3389	3323	3545	3646	3613	3293	3391	3390	3286	3303	3347	3548	3505	3747	3504	3347	3332	7642	7932	8848	2984	3088	3114	3160	2971	2976	3070	2949	3082	6306	5832	5993	4269	5110	4880	3869	3952	4022	4746	4588	4841	4084	4458	4818	3232	3256	3232	3324	3291	3222	3621	3662	3740	3456	3244	3290	3339	3465	3674	4217	4393	4291	4492	4520	4752	7686	8337	6793	2980	3031	3038	2995	3042	3050	2958	2878	3118
2:29:18	3184	3325	3401	3456	3705	3433	3261	3389	3571	3270	3443	3448	4967	4722	4934	3281	3420	3284	3264	3256	3345	3618	3430	3601	3385	3441	3250	3373	3249	3365	3670	3610	3909	3428	3345	3524	7996	10112	9109	2960	3152	3026	3133	3079	2968	3193	3081	3120	5330	7928	7108	4351	4669	4803	3949	4062	4032	4711	5038	5193	4191	4822	5246	3200	3286	3118	3190	3294	3278	3873	3693	3858	3367	3382	3366	3386	3438	3503	4275	4452	4455	4736	4826	4854	7947	8503	6939	3012	3123	3086	2898	3156	3134	3140	3032	3024
2:39:18	3129	3381	3427	3351	3606	3310	3254	3491	3644	3290	3421	3472	4883	4836	4875	3299	3182	3319	3270	3297	3384	3378	3681	3610	3388	3424	3431	3388	3397	3339	3740	3704	3903	3560	3322	3506	8543	8049	8918	3012	3075	2938	3082	3135	2923	3194	3072	3157	5649	7494	7602	4995	4794	5094	3963	4169	4123	4877	5244	5113	4306	5455	5122	3207	3241	3128	3281	3298	3266	3584	3882	3953	3469	3436	3478	3516	3385	3598	4337	4570	4447	4728	5180	5212	8164	8697	7014	2972	3042	3058	3170	3191	3015	3004	2981	3216
2:49:18	3165	3340	3330	3341	3510	3429	3222	3347	3426	3212	3436	3420	4993	4914	4901	3376	3269	3342	3134	3421	3359	3674	3752	3556	3252	3543	3509	3427	3313	3241	3729	3641	4005	3574	3366	3464	9080	8539	8498	2935	3034	2975	3108	3024	2811	3100	2995	3204	5808	6948	7714	5031	5293	5337	4176	4265	4253	5293	5408	5311	4399	5732	4990	3124	3272	3263	3180	3297	3447	3823	3819	4043	3579	3501	3360	3530	3654	3562	4469	4732	4718	5011	5285	5398	8021	8687	7129	2998	3133	3002	3054	3187	3188	2945	2963	3115
2:59:18	3125	3408	3167	3439	3633	3396	3325	3367	3517	3299	3440	3312	5167	5192	5238	3373	3282	3319	3190	3444	3285	3509	3560	3539	3221	3473	3357	3442	3407	3257	3951	3831	3983	3318	3567	3284	9375	9161	9208	3031	3107	2924	3172	2921	3042	3086	3063	3167	6409	7058	7204	4758	5464	5559	4355	4463	4393	5386	5479	5769	5894	5387	4900	3208	3436	3151	3384	3384	3483	3736	3891	4133	3426	3332	3492	3642	3594	3562	4694	4875	4886	5251	5699	5556	8641	9261	7643	2994	2995	2943	3059	2950	3031	3060	2874	3175
3:09:18	3249	3376	3293	3392	3655	3562	3308	3294	3646	3207	3447	3437	5322	5374	5275	3410	3483	3316	3150	3397	3282	3530	3752	3633	3233	3513	3500	3408	3354	3325	3859	3952	3927	3623	3507	3557	9804	9634	9464	3123	2976	3024	3151	3060	3028	3169	3072	3166	6492	7323	7468	4768	5330	5552	4431	4478	4440	5515	5810	5748	5309	4660	5202	3186	3304	3273	3320	3465	3429	3802	4007	4196	3499	3515	3473	3598	3788	3702	4715	4950	5132	5420	5711	5868	8441	9141	7852	2980	3072	3009	3067	2930	3087	2986	3052	3171
3:19:18	3231	3333	3242	3613	3357	3527	3126	3349	3482	3366	3471	3336	5470	5411	5425	3324	3432	3397	3229	3150	3283	3685	3678	3657	3387	3485	3366	3342	3286	3222	3828	3914	4062	3672	3550	3515	10466	10009	10053	3064	2947	2997	3186	3045	3057	3054	2963	2998	6784	7674	7974	4986	5536	5722	4307	4769	4673	5582	5813	6298	5493	4643	5077	3185	3238	3241	3379	3445	3531	3969	4162	4312	3523	3506	3453	3806	3660	3688	4734	5322	5012	5637	5713	5936	8600	10876	8082	3048	3013	3093	3029	3234	3079	3131	3073	3163
3:29:18	3355	3163	3299	3551	3585	3553	3561	3532	3373	3282	3475	3343	5679	5795	5598	3224	3340	3237	3271	3392	3249	3741	3793	3678	3320	3374	3474	3349	3378	3292	4258	3943	4019	3573	3631	3628	10739	10411	10574	3038	3071	3100	3165	3244	3142	3122	3057	3117	7119	8288	8148	5083	5703	5832	4552	4615	4889	5822	6130	6341	5306	4715	5327	3295	3307	3154	3330	3518	3378	3861	4211	4241	3495	3436	3352	3794	3819	3835	4870	5423	5013	5742	6028	6017	8428	8898	8170	2942	2962	3024	2912	2911	2969	2970	3149	3053
3:39:18	3384	3286	3508	3372	3599	3434	3314	3441	3477	3272	3527	3365	5965	5895	5899	3374	3292	3436	3387	3212	3289	3766	3936	3838	3341	3523	3318	3352	3366	3177	4209	4159	4204	3503	3548	3595	11064	11128	11078	3053	3067	3115	3186	3095	3071	3190	3101	3146	7440	8382	8841	5469	5913	6179	4612	4681	4847	6029	6490	6450	4573	4747	5436	3185	3341	3262	3367	3462	3557	4073	4127	4260	3561	3629	3442	3932	3912	3856	5179	5473	5437	5708	6206	6408	8939	9089	8267	2982	2872	3024	3074	3104	3029	3049	3110	3013
3:49:18	3372	3336	3359	3501	3562	3633	3440	3373	3579	3410	3460	3427	6269	5899	6261	3378	3348	3310	3302	3408	3385	3679	3876	3751	3248	3511	3336	3380	3302	3367	4456	4365	4260	3484	3520	3549	11803	11999	11874	3095	3073	3007	3183	3020	2965	3169	3003	3023	7870	8620	9034	5621	6252	6230	4697	5134	4976	6107	6690	6537	4708	4762	5603	3329	3350	3202	3352	3534	3475	4132	4257	4304	3432	3512	3418	3682	4012	3922	5233	5561	5421	6086	6512	6507	8937	9544	8610	2983	3075	3117	3130	3086	3046	2939	3023	2974
3:59:18	3199	3208	3421	3580	3547	3492	3350	3430	3529	3297	3389	3447	6323	6228	6529	3382	3263	3393	3282	3265	3190	4012	3774	3806	3352	3459	3536	3348	3316	3215	4526	4382	4581	3627	3689	3500	12833	12974	12315	2884	3014	3054	3232	3151	2972	3198	3034	3090	8084	9185	9378	5460	6370	6609	4862	5077	5125	6100	6783	6741	4714	5055	5534	3364	3439	3245	3378	3579	3586	4152	4335	4389	3723	3557	3363	3873	3967	3983	5331	5532	5595	6079	6603	6604	8772	9748	8690	3191	2979	2995	3076	3044	2989	3049	3000	3046
4:09:18	3380	3285	3389	3587	3655	3658	3409	3290	3489	3282	3279	3243	6623	6297	6764	3452	3453	3403	3285	3264	3479	4033	4019	3811	3393	3489	3467	3313	3228	3228	4600	4345	4408	3763	3562	3440	13410	13478	13023	2951	2958	2998	3142	2917	2991	3125	3004	3118	8367	9629	9691	5762	6484	6794	4981	5281	5190	6333	6754	7114	4769	4788	5659	3394	3481	3237	3351	3652	3451	4128	4320	4244	3561	3669	3435	4002	4161	4253	5393	5616	5630	6396	6888	6780	8989	10997	8981	2943	3035	2876	3000	3081	3169	3156	2877	3121
4:19:18	3425	3412	3193	3559	3792	3652	3335	3473	3484	3354	3435	3268	6964	6735	6658	3394	3306	3289	3251	3270	3334	3955	4040	3864	3176	3339	3484	3411	3297	3413	4722	4725	4853	3706	3493	3518	14085	14200	14060	3007	3053	2947	3290	2942	3110	3028	3053	2970	8647	9768	10118	5836	6511	6719	4980	5365	5244	6416	6961	7190	5272	4792	5579	3190	3106	3157	3378	3536	3474	4142	4246	4407	3590	3623	3484	3923	4005	4282	5518	5734	5836	6358	6812	6857	8818	11070	8915	2931	2982	3003	3073	2994	2960	3113	3055	3065
4:29:18	3282	3384	3306	3733	3659	3597	3416	3288	3524	3489	3465	3443	7136	6948	6989	3344	3562	3281	3372	3396	3306	4023	4066	3809	3225	3214	3449	3199	3364	3473	4783	4707	4865	3782	3450	3613	15094	14854	15047	3041	3132	3046	3086	3040	2968	3183	3168	3215	9200	10443	10323	5984	6595	6850	5232	5327	5424	6733	7128	7142	4909	5015	5724	3052	3191	3204	3396	3497	3548	4275	4482	4369	3590	3641	3552	4269	4138	4207	5594	6031	5973	6592	7064	7133	9245	11028	8769	2961	3099	3037	3089	3053	3036	2963	3022	3044
4:39:18	3427	3179	3399	3709	3652	3608	3418	3331	3486	3405	3518	3405	7439	7366	7486	3334	3343	3334	3476	3224	3327	4130	4159	4006	3196	3360	3328	3374	3344	3245	5015	4910	4983	3722	3570	3513	16185	15941	15284	2930	3045	3098	3172	3086	2960	3010	2947	3139	9273	10889	11045	6172	6773	7314	5245	5597	5447	6706	7234	7243	4850	4981	5655	3286	3265	3221	3490	3589	3701	4321	4375	4423	3575	3665	3532	4172	4194	4121	5720	6027	5770	6591	7056	7425	9277	11133	9219	2907	2955	3101	3104	3041	2937	2947	2964	2962
4:49:18	3431	3301	3356	3891	3868	3877	3504	3666	3448	3375	3460	3365	7884	7228	7550	3322	3482	3214	3374	3336	3416	4261	4234	3946	3323	3490	3312	3402	3395	3421	5140	5022	5120	3704	3762	3826	16743	16518	16838	2921	2943	3052	3135	3113	3050	3089	2916	3056	9678	11203	11201	6172	7168	7328	5252	5542	5666	6932	7583	7265	5001	5288	5716	3445	3275	3197	3555	3544	3484	4170	4499	4491	3494	3558	3532	4117	4341	4235	5667	5956	6001	6756	7375	7272	9324	11333	9278	3063	2958	2856	2892	2918	3051	3000	3105	3081
4:59:18	3277	3342	3386	3836	3831	3937	3499	3611	3628	3520	3637	3416	8316	7878	8103	3517	3376	3275	3303	3386	3372	4292	4610	4150	3467	3469	3480	3324	3490	3381	5154	5091	5146	3828	3706	3787	17560	17471	17081	2879	3025	3127	3140	2990	3095	3160	3000	3086	9610	11604	11607	6394	7262	7345	5227	5766	5682	7137	7504	7409	4944	5135	5804	3248	3272	3263	3460	3689	3666	4361	4438	4349	3711	3771	3483	4244	4392	4318	5808	6159	6149	7015	7468	7423	9300	10934	9505	3116	3113	3126	3172	3088	3012	2904	3113	3062
5:09:18	3485	3426	3508	3819	4061	3984	3410	3546	3554	3450	3642	3404	8444	7964	8140	3410	3469	3232	3541	3610	3507	4386	4540	4131	3437	3281	3441	3518	3465	3475	5345	5266	5302	3793	3801	3885	19211	17964	17985	2886	3134	2957	3214	3020	3107	3112	3087	3155	10150	11871	11996	6620	7355	7799	5600	5876	5789	7315	7883	7608	5096	5307	5964	3410	3341	3295	3647	3716	3621	4451	4722	4356	3708	3813	3522	4357	4354	4215	5912	6260	6369	6998	7624	7342	9673	11158	9575	2991	3023	3136	3094	2846	3130	3025	2962	3109
5:19:18	3383	3338	3318	3985	4073	3986	3456	3637	3704	3625	3623	3548	8481	8445	8666	3437	3485	3333	3437	3420	3595	4350	4630	4258	3340	3442	3479	3422	3246	3554	5610	5448	5478	3803	3719	3655	20076	19345	19312	2956	3068	3015	3186	2987	2895	3217	3057	3003	10513	12315	12345	6511	7473	7728	5789	5909	5838	7206	8039	7858	5179	5264	5813	3316	3310	3316	3581	3674	3670	4287	4638	4465	3698	3650	3659	4359	4520	4225	5917	6411	6257	7274	7663	7701	9333	11464	9798	3011	3033	3064	2884	2964	3186	3143	2913	3228
5:29:18	3495	3341	3408	3934	4100	4100	3629	3520	3739	3555	3576	3595	8911	8472	8909	3332	3387	3269	3484	3524	3542	4474	4848	4324	3538	3495	3386	3563	3554	3491	5802	5416	5724	3835	3967	3875	20520	20170	19955	3101	3010	3081	3002	3069	3038	3215	3039	3004	10765	13306	13039	6902	7935	7690	5565	6274	6069	7399	8230	7836	5270	5403	5966	3215	3415	3457	3542	3673	3658	4409	4482	4508	3830	3715	3621	4528	4448	4477	6102	6449	6342	7070	7879	7985	9199	11359	9728	2950	3051	3082	2963	3024	3040	3092	2948	3085
5:39:18	3477	3377	3588	4083	4266	4171	3634	3657	3801	3727	3762	3596	9192	8880	8918	3463	3549	3466	3627	3547	3546	4699	4682	4440	3548	3570	3508	3697	3414	3667	5572	5672	5560	3867	3989	3830	21626	20730	20647	3013	3112	2956	3209	2999	3012	3078	3083	3128	11373	13161	13052	6893	7899	8035	5877	6074	6101	7532	8314	8159	5297	5371	5874	3438	3354	3239	3652	3635	3733	4406	4498	4409	3692	3682	3551	4453	4660	4442	5944	6594	6388	7619	8068	7947	9469	11674	9732	2949	2978	3027	3051	3051	3026	2914	3068	3198
5:49:18	3765	3516	3629	4106	4448	4125	3641	3740	3836	3638	3652	3570	9641	9216	9405	3501	3569	3390	3582	3611	3490	4675	4915	4422	3563	3455	3553	3629	3561	3760	6370	5821	5883	4180	3921	4052	22187	21774	21884	3010	3115	2949	2946	3021	3077	3002	2973	3202	11645	13906	13613	7093	8034	8308	5859	6220	6157	7939	8263	8164	5162	5603	6061	3340	3385	3376	3559	3707	3834	4470	4743	4358	3818	3719	3675	4604	4540	4456	6170	6566	6587	7419	8101	8119	9468	11782	10235	2999	3074	2998	3049	3035	3155	3105	3019	3107
5:59:18	3708	3474	3641	4215	4349	4254	3774	3775	3752	3700	3773	3699	9837	9275	9392	3494	3544	3506	3608	3666	3765	4734	4919	4491	3469	3532	3534	3829	3679	3617	6780	5757	6021	4197	4000	4082	23163	22815	22715	3022	2963	3135	3064	3147	2970	3125	2987	2955	12077	14001	13942	7119	8049	8650	5811	6396	6537	8019	8514	8408	5195	5381	6058	3421	3307	3296	3604	3584	3790	4487	4751	4668	3684	3612	3615	4587	4675	4716	6393	6617	6341	7527	8078	8355	9650	11944	10230	3027	3021	3014	2947	2956	3030	2949	3071	3089
6:09:18	3693	3541	3707	4450	4296	4219	3843	3945	3903	3942	3930	3794	9833	9363	9986	3655	3684	3400	3651	3598	3482	4900	5026	4449	3625	3689	3758	3834	3756	3712	6912	6035	6235	4096	4081	4018	24110	23851	23484	2971	3039	2960	3265	2968	2944	3018	2953	3046	12261	14177	14484	7172	8268	8652	6173	6513	6578	7852	8807	8702	5191	5550	6134	3289	3442	3321	3695	3602	3878	4455	4771	4662	3766	3627	3456	4515	4667	4757	6438	6746	6747	7832	8174	8135	9600	11348	10337	2961	2922	3032	3023	2999	3111	3071	2979	3066
6:19:18	3875	3498	3719	4299	4409	4221	3891	3835	3942	3667	3916	3928	10039	9791	10170	3463	3689	3527	3642	3791	3766	4944	4894	4808	3685	3620	3640	4024	3752	3650	6780	6193	6124	4269	4039	4092	24286	25003	24227	3007	3020	3095	3145	2923	3055	3024	2985	3160	12606	14800	14763	7393	8404	8754	6204	6582	6462	8098	8844	8738	5274	5555	6179	3271	3370	3361	3683	3604	3655	4584	4907	4836	3781	3704	3749	4751	4765	4953	6565	6793	6567	8032	8264	8342	9667	11652	10167	3054	2961	3042	2961	2946	3040	2996	2891	3147
6:29:18	3779	3599	3875	4255	4516	4345	3768	4044	4055	3981	3882	3953	10645	10126	10480	3623	3607	3506	3850	3970	3654	5033	5118	4747	3530	3813	3627	3846	3890	3810	7236	6340	6447	4185	4300	4234	25684	25552	25007	2869	3140	2991	3213	3049	3033	3175	3090	3114	12765	15557	15220	7502	8215	8879	6433	6563	6741	8056	8893	8734	5004	5436	6176	3438	3442	3465	3625	3675	3789	4503	4702	4767	3679	3759	3654	4588	4885	4713	6654	7138	6933	7693	8587	8523	9661	11722	10401	3042	3011	3070	2985	2954	3034	2997	2993	3158
6:39:18	3881	3830	3976	4521	4522	4605	4091	4128	4243	3921	4047	3990	10760	10246	10613	3706	3674	3494	3956	3912	3872	5289	5248	4920	3600	3919	3634	4124	3960	3950	7157	6517	6430	4291	4159	4198	26387	26128	26148	3052	3123	2988	3160	3121	3004	3244	3149	3010	13132	15373	15415	7601	8558	8996	6459	6740	6586	8269	9145	8983	5217	5423	6187	3345	3399	3365	3712	3642	3940	4346	4783	4685	3926	3687	3620	4608	4904	4966	6617	7047	6798	7994	8746	8582	9415	11873	10292	2927	3044	2970	3020	2935	3081	2978	3037	2954
6:49:18	4065	3746	3925	4574	4773	4546	3954	4211	4150	4124	4285	4057	10769	10761	11003	3716	3826	3686	3839	4077	3955	5346	5317	5033	3965	3917	3724	3929	3979	4020	7151	6596	6700	4538	4361	4394	27700	26353	26785	2977	3043	3083	3041	2919	2878	3167	2987	2956	13363	15871	15606	7743	8703	9296	6720	6902	6818	8337	9251	9132	5185	5625	6164	3515	3337	3339	3654	3742	3883	4730	4769	4906	3853	3757	3603	4911	5122	4935	6790	6958	7001	7969	8903	8344	9773	11987	10542	3030	2993	3078	3137	3043	3053	3059	3032	3085
6:59:18	4174	3735	4003	4617	4703	4732	4176	4217	4216	4137	4126	4271	10996	10803	11438	3874	3690	3594	3871	3905	3947	5483	5608	5036	3876	3692	3783	3992	4078	3842	7587	6565	6737	4608	4424	4523	30225	27425	26726	2996	3064	2996	3145	3063	3049	3066	3013	3133	13678	16114	16182	7923	8782	9206	6593	7152	7093	8404	9411	9160	5255	5312	6160	3587	3387	3406	3805	3678	3802	4762	4852	4838	3892	3800	3726	4695	4877	4928	6830	7089	7007	8091	8760	8794	9577	11675	10628	2860	3071	3031	3058	3030	3142	3019	3005	3130
7:09:18	4175	3958	4204	4916	4744	4641	4143	4296	4228	4231	4305	4179	10896	11069	12149	3820	3772	3716	4003	4030	3786	5560	5513	5022	3927	4020	3821	4157	4032	4132	7705	6641	7014	4595	4522	4558	28320	27830	27555	2889	3062	2949	2980	3035	3051	3177	3145	2941	14192	16453	16632	7832	9109	9349	6816	6898	7189	8732	9561	9325	5242	5385	6296	3313	3544	3315	3799	3805	3834	4601	4878	4989	3806	3805	3726	4755	5063	4928	6552	7174	7187	8239	8809	8613	9566	12155	10494	3009	3153	3003	3075	3080	3068	2959	3099	2954
7:19:18	4244	4162	4188	4675	4850	4924	4104	4377	4338	4317	4266	4404	11116	10761	12110	4007	4011	3835	4038	4025	3978	5412	5605	5257	4091	3907	3900	3976	4242	3956	7678	6674	6778	4726	4479	4612	31910	28047	28150	3056	2995	3039	3185	2995	3081	3157	3014	3052	14582	16846	17169	8016	9282	9488	6796	6954	7327	8671	9605	9523	5410	5463	6179	3575	3425	3442	3757	3919	3836	4598	4836	4915	3877	3794	3692	4903	5145	4877	6612	7431	7018	8173	9353	8865	9499	11746	10475	2980	3096	3041	2997	2948	2942	2880	2996	3167
7:29:18	4319	4091	4131	4837	4895	4973	4149	4522	4399	4425	4287	4425	10959	10851	11752	3925	3983	3759	3959	4142	3961	5642	5704	5104	4144	4072	4082	4201	4231	4168	7819	6846	7076	4815	4530	4571	31413	28172	28239	2991	3019	2954	3157	2874	3052	2976	2992	3164	14506	17041	17291	8026	9391	10034	6963	7334	7238	8996	9471	9668	5335	5582	6367	3516	3551	3400	3790	3913	3894	4663	4980	5124	3843	3896	3735	4908	5216	5134	6997	7254	7106	8404	9281	9083	9654	11799	10616	2933	3029	3002	3083	3038	3088	3105	3038	3133
7:39:18	4190	4040	4238	4963	5046	4963	4270	4506	4462	4495	4499	4489	11268	11196	11720	4080	3965	3772	3987	4092	4094	5474	5660	5293	4187	4118	4119	4296	4279	4130	7845	6800	7187	4795	4716	4689	32563	27998	28257	2843	3064	3035	3075	2971	3068	3122	3013	3052	15204	17174	17257	8254	9441	10072	6800	7410	7467	8823	9786	9588	5465	5594	6462	3358	3435	3448	3933	3870	3971	4609	4849	4999	3800	3721	3646	4916	5158	5099	6864	7369	7144	8479	9050	8990	9602	11390	10658	3061	2994	2960	3014	3040	2961	3108	2944	3035
7:49:18	4328	4275	4312	5121	5106	4911	4581	4332	4697	4515	4479	4574	11268	11215	12094	4122	4040	3651	4135	4231	4087	5583	5713	5125	4194	4084	4176	4274	4270	4271	7853	6808	7499	4951	4932	4801	33502	29407	28735	2964	2987	3015	3150	3111	2828	3313	2980	3188	15473	17965	18309	8237	9817	10108	7031	7508	7366	8855	9753	9815	5270	5465	6137	3550	3378	3502	3641	3715	3982	4701	4991	5033	3802	3871	3676	5029	5113	5236	7235	7485	7467	8479	9298	9366	9877	11994	10773	2911	3022	2917	3010	3018	2878	2973	3000	3079
7:59:18	4442	4183	4340	4928	5182	5085	4381	4553	4633	4386	4628	4489	11342	11611	11782	4139	4085	4114	4228	4334	4299	5719	5733	5334	4353	4157	4140	4483	4435	4183	7984	6965	7380	4920	4813	4797	34615	29057	28870	3042	3046	3035	3179	3136	3046	3188	3004	3064	15500	18068	18102	8383	9488	10367	7043	7587	7711	9304	10207	9759	5415	5683	6136	3448	3504	3420	3688	3841	4004	4811	4967	4944	3654	3752	3714	5132	5106	5136	6873	7575	7193	8378	9625	9448	9667	11670	10670	3030	3069	3030	3012	2855	2957	3043	2967	2964
8:09:18	4628	4369	4392	5100	5200	5015	4599	4673	4576	4738	4700	4411	11419	11818	11664	4164	4134	4058	4190	4328	4365	5841	5730	5577	4348	4261	4423	4388	4410	4268	8181	7009	7409	5122	5080	4989	32982	28712	28673	3117	3094	3154	3276	3069	2983	3031	2940	3138	16083	17957	18867	8489	9825	10523	7270	7834	8055	9271	10123	9863	5316	5558	6304	3429	3395	3506	3928	3816	3800	4670	4900	5229	3808	3889	3664	5043	5343	5457	6953	7581	7462	8739	9432	9607	9560	11805	10769	2968	2949	2983	2976	3011	3027	2972	2945	3213
8:19:18	4532	4271	4583	5147	5456	5105	4646	4641	4557	4701	4634	4630	11448	12018	12366	4221	4310	4234	4179	4248	4257	5776	5966	5357	4560	4272	4378	4608	4505	4205	8204	7000	7617	5197	4710	5308	34447	29319	31336	3036	3051	3011	3076	2973	2886	3079	3079	3186	15796	18685	19038	8647	9916	10702	7410	7865	7816	9168	10312	10085	5409	5669	6091	3487	3368	3462	3932	3811	3973	4726	5066	5232	3781	3772	3821	5142	5203	5399	7087	7599	7321	8708	9567	9420	9759	11423	10790	2917	2907	3022	2990	2872	3062	3076	3032	3013
8:29:18	4649	4349	4479	5319	5392	5251	4583	4652	4706	4662	4602	4812	11458	12131	12219	4195	4301	4164	4221	4169	4303	5817	6000	5518	4506	4425	4446	4506	4416	4493	8282	7008	7494	5189	5119	5236	34677	29038	31604	3117	3003	3035	3159	3022	2978	3153	3017	3187	16270	18842	19196	8627	10316	10790	7394	8322	7916	9252	10331	10354	5530	5609	6403	3530	3393	3431	3821	3842	3925	4760	5103	5130	3725	3896	3791	5080	5412	5264	7164	7806	7568	8921	9909	9712	9824	11423	10620	2902	2939	2895	3139	2960	3042	3025	3050	3134
8:39:18	4676	4304	4619	5245	5471	5130	4563	4674	4793	4846	4694	4730	11450	12531	12017	4442	4376	4310	4203	4391	4125	5807	6017	5442	4601	4520	4437	4526	4729	4406	8478	6886	7637	5121	5034	5185	36090	29508	32090	3023	2980	3069	3157	3129	2992	3105	3020	3162	17078	19320	19763	9226	10141	10795	7640	8123	8121	9604	10530	10206	5391	5483	6358	3528	3383	3512	3735	3908	3983	4734	5043	5254	3888	3779	3754	5147	5472	5376	7183	7709	7691	8606	9899	9864	9744	11476	10790	3058	2940	3097	3115	3036	2972	2987	3054	3092
8:49:18	4705	4461	4725	5335	5600	5289	4554	4663	4768	4566	4724	4868	11553	11855	11852	4432	4397	4155	4342	4414	4320	6083	5973	5840	4530	4607	4551	4700	4645	4485	8551	7060	7792	5252	5292	5279	34937	29133	32059	2986	3013	2972	3015	3050	2899	3171	3000	3037	16704	19820	19901	8966	10557	10881	7898	8386	8076	9730	10693	10249	5500	5682	6261	3453	3571	3243	3834	4000	3877	4857	4926	5259	3835	3870	3605	5134	5442	5608	7391	7875	7747	8991	9805	9912	9794	11527	10714	2961	2955	3039	3096	3042	3177	3108	2969	3070
8:59:18	4675	4456	4702	5426	5538	5346	4573	4731	4838	4582	4852	4875	11491	11768	12634	4413	4470	4264	4249	4384	4337	5940	6047	5647	4718	4750	4746	4584	4752	4441	8735	7268	7765	5390	5153	5401	36789	29536	30490	3020	3028	3129	3156	2913	2983	3032	3022	3103	17136	20379	20002	8813	10621	10845	7770	8486	8156	9536	10727	10377	5635	5720	6358	3453	3561	3401	3934	3857	4087	4876	5263	5244	3784	3911	3925	5317	5678	5421	7376	7871	7612	9058	9959	9736	9258	11775	10783	2974	2926	3011	3100	3036	2957	2997	2970	3082
9:09:18	4610	4522	4708	5336	5478	5406	4736	4917	4958	4672	4825	4944	11669	12226	12369	4647	4550	4193	4486	4387	4230	5967	5971	5775	4606	4681	4725	4652	4815	4576	8544	7277	7719	5419	5290	5267	35067	29337	33102	3102	2902	3008	3202	3041	3157	3116	3055	3035	17222	20513	20463	9002	10436	11254	8009	8457	8498	9923	10936	10619	5591	5447	6319	3540	3634	3441	3786	3908	4106	4896	5238	5184	3784	3878	3850	5423	5411	5628	7487	8034	7686	8948	9786	9734	9777	11545	10577	2966	3042	3092	2956	3005	2988	3085	2882	3132
9:19:18	4687	4495	4936	5478	5635	5447	4767	4665	4775	4941	4841	5127	11774	12194	12928	4523	4448	4383	4430	4395	4670	6040	6047	5527	4683	4530	4836	4700	4779	4672	8457	7297	7806	5551	5198	5335	35911	29998	33198	3068	3131	3081	3276	2984	3062	3048	2925	3157	17690	20545	20359	9290	10753	11215	7817	8524	8533	9822	11041	10488	5570	5648	6253	3410	3508	3347	3893	3847	4011	4892	5044	5299	3820	3901	3862	5242	5592	5450	7433	8023	7968	9264	10117	10088	9388	11466	10552	3022	2928	3040	2861	2903	2930	3038	3016	3091
9:29:18	4938	4692	4777	5596	5700	5459	4790	4606	4764	4942	4776	4901	11633	12220	12442	4445	4523	4549	4559	4565	4245	5977	6202	5971	4619	4401	4811	4840	4858	4705	8377	7391	7787	5471	5522	5279	34623	29659	33242	3001	2955	3006	3125	3028	3018	3043	2961	2871	17922	20992	20876	9509	10757	11242	8133	8487	8417	10017	11172	10828	5495	5557	6501	3560	3500	3471	4017	3926	4279	5002	5276	5257	3800	4028	3915	5355	5647	5495	7596	8175	7891	9336	10227	9875	9485	11412	10622	2945	2854	2993	3065	3050	3098	3072	2994	3044
9:39:18	4894	4692	4829	5647	5567	5608	4691	4703	4975	5014	4650	4942	11953	12121	12865	4529	4473	4495	4414	4510	4586	6115	6239	5778	4947	4719	4815	4859	4931	4517	8345	7511	7974	5533	5258	5365	35812	31200	32864	2944	3005	3106	3178	3107	2947	3006	2917	3213	17624	21354	21548	9344	10836	11493	8305	8790	8713	10040	11409	11062	5374	5659	6320	3578	3636	3540	4004	3862	4089	4851	5420	5493	3868	4035	3829	5440	5648	5934	7527	8239	8013	9622	10271	10269	9849	11556	10767	2894	3053	2933	2953	2950	2976	3032	3124	3069
9:49:18	4922	4601	4803	5538	5794	5501	4740	4805	4934	4920	5016	4994	11673	12249	13110	4487	4614	4547	4257	4529	4597	5991	6306	5899	4798	4897	4820	4640	5038	4728	8349	7516	8037	5459	5485	5542	35919	29184	33436	2987	2937	2993	3209	2960	3005	3047	2920	2996	18316	21376	21338	9548	10838	11736	8310	9014	8572	10422	11412	11079	5530	5849	6097	3694	3454	3360	3962	4029	4080	5069	5287	5430	3759	3926	3799	5424	5681	5627	7698	8039	7918	9334	10513	10189	9772	11589	10904	3017	2998	3095	3199	2969	2956	2983	3015	2976
9:59:18	4800	4841	4911	5467	5763	5564	4957	4740	4978	5056	5039	5115	11963	12299	12870	4564	4588	4466	4541	4604	4563	6253	6062	5781	5033	4997	4811	4953	4656	4736	8451	7695	7844	5450	5368	5611	35417	29905	31402	2975	3118	2988	3224	3031	3044	3092	3120	3060	18497	22242	21944	9793	11088	11970	8236	8862	8731	10166	11360	11075	5410	5763	6278	3578	3556	3644	3906	4095	4238	5103	5198	5309	3837	3880	3843	5375	5731	5548	7699	8275	7778	9497	10720	10284	10024	11313	10700	3030	3079	3001	3015	3098	3032	3018	3014	3142
10:09:18	5180	4788	4967	5664	5514	5731	4776	4791	5169	5204	5028	4961	11725	12110	12291	4747	4657	4506	4552	4628	4590	6339	6222	6012	4851	4803	4878	4715	5015	4769	8590	7641	8018	5781	5437	5550	35009	29922	30424	2833	2987	3156	3059	3127	3028	3036	3010	3106	18705	21889	22645	9643	11230	11979	8289	8943	9001	10352	11761	11398	5523	5851	6096	3519	3590	3492	3864	4119	4138	5186	5489	5520	3821	3890	3898	5580	5742	5797	7742	8237	8228	9736	10523	10476	9890	11673	10898	3036	3109	3007	3086	3021	3133	2966	2905	3001
10:19:18	4920	4868	4804	5762	5930	5699	4957	4884	5248	5045	4915	5176	12022	12133	12374	4770	4685	4472	4630	4512	4539	6057	6171	5878	5035	4841	4871	4834	4714	4801	8383	7760	7973	5320	5380	5520	34270	30466	31575	2982	3112	3178	3133	2948	2976	3053	3085	3176	19460	22373	22528	9815	11375	12362	8527	9237	8969	10729	11827	11259	5497	5752	6206	3429	3432	3581	3852	3954	4014	5138	5301	5537	3921	3905	3956	5577	5787	5803	7660	8670	8251	9569	10867	10504	9673	11476	10895	3031	3053	2904	3004	2944	3127	3080	3020	3102
10:29:18	4999	4864	4939	5760	5688	5540	4964	4926	5107	5177	5039	5227	12859	12274	12471	4713	4735	4593	4591	4646	4669	6222	6307	5928	5071	4963	5109	4915	5151	4940	8482	7844	7988	5746	5570	5629	35826	29995	30467	2981	2913	3012	3026	3027	2965	3147	3082	3065	19193	22306	22668	10045	11661	12104	8671	9298	9145	10810	11833	11611	5444	5507	6232	3509	3484	3646	3922	4054	4119	4938	5400	5341	3949	4100	3954	5551	5939	5666	7953	8473	8150	9903	11069	10922	9545	11436	10721	3073	3040	2986	3076	3030	2908	3032	2925	3083
10:39:18	5069	4902	5147	5608	5694	5806	5000	5016	5229	5150	4925	5295	12100	11895	12654	4742	4793	4913	4579	4694	4569	6145	6221	6111	5088	4988	5079	4910	4890	4768	8614	7730	8245	5607	5571	5643	35248	30469	30902	2900	3083	3060	3217	2954	2954	3110	2986	3022	19183	23391	23130	9948	11708	12178	8823	9162	9314	10936	12084	11711	5561	5841	6220	3586	3710	3525	3965	4044	4090	5115	5311	5563	3959	4125	3829	5659	5922	5704	7990	8442	8161	9557	10602	10765	9962	11589	10672	3010	3000	2861	3170	3159	3051	2994	2900	3076
10:49:18	4922	4874	5164	5724	5694	5812	4862	5281	5159	5194	5006	5251	11968	11426	12609	4870	4930	4764	4610	4606	4560	6178	6316	6043	5106	5155	5003	4944	4810	4917	8632	7689	7998	5801	5457	5519	34604	29878	29572	2974	3080	3026	3229	3036	3102	3161	2782	3083	19923	22930	23564	10157	11662	12327	8890	9517	9248	11015	11869	11468	5502	5724	6271	3683	3607	3603	3966	3898	4122	5199	5358	5631	3960	4016	3878	5581	5761	5759	8013	8693	8476	9870	11038	10958	10058	11445	11038	3055	3060	3035	2914	2982	2927	3058	3101	3111
10:59:18	5006	4788	5090	5692	5851	6032	5013	4987	5174	5117	4854	5256	12101	12377	12499	4821	4781	4603	4603	4644	4644	6138	6424	6093	5017	4988	5049	4888	5159	4694	8441	7676	7985	5439	5626	5689	35938	30015	31626	3025	2964	3047	3127	3152	2851	3072	3006	3117	20062	23225	23667	10386	11858	12227	9041	9633	9617	10796	12096	11875	5562	5622	6458	3599	3426	3690	3922	3914	4091	5332	5438	5473	3933	4019	3906	5726	6011	5910	8143	8430	8617	9798	11143	11095	9672	11520	10942	2847	2953	2967	3038	3249	2955	3099	2918	3049
11:09:18	5085	4759	5132	5725	5837	5962	5043	5327	5220	5220	4946	5336	11919	11808	12581	4929	4705	4706	4599	4511	4660	6466	6196	6164	5204	5101	5230	5010	5056	4968	8367	7936	7851	5723	5426	5546	35990	30249	30929	3017	3101	3132	3221	2998	2940	3113	2970	3090	20263	23791	23493	10346	11805	12029	9170	9585	9454	10832	12480	11842	5417	5677	6524	3603	3547	3472	4093	4087	4302	5229	5562	5580	3945	4083	3854	5519	5902	5771	8279	8578	8389	9829	11166	11032	9760	11507	11021	2926	3065	3002	2976	2978	3172	2937	3013	3080
11:19:18	5039	4696	5082	5810	5857	5755	5166	5066	5147	5079	4948	5195	12240	11852	12330	4895	4782	4669	4634	4825	4743	6259	5962	6074	4975	5203	5391	4950	4915	4856	8491	7740	7757	5797	5699	5589	34090	30770	30510	2888	2942	2882	3134	3053	3107	3097	3148	2921	20253	24392	23732	10277	12253	12816	8902	9722	9627	11444	12348	12133	5588	5767	6326	3498	3648	3373	4100	4061	4236	5133	5506	5652	4042	4019	3863	5667	5841	6217	8089	8508	8281	10010	11235	11003	9799	11226	10690	3022	3035	3016	3037	2997	2977	3194	3023	2952
11:29:18	5237	4989	4999	5711	5794	5726	4680	4999	5135	5312	5065	5387	12168	12184	12587	4763	4823	4647	4634	4644	4661	6449	6441	6334	5172	5239	5366	5018	4987	4778	8776	7642	8213	5667	5619	5621	34597	30372	30402	2942	3095	2953	3121	3083	2946	3034	2869	3140	20610	24436	24312	10442	12028	12745	9024	10097	9891	11284	12781	12317	5458	5737	6086	3537	3552	3545	3984	4059	4052	5241	5490	5760	3912	3949	3908	5799	5930	6221	7930	8688	8289	10172	11225	11198	9823	11472	11017	3017	3036	2955	3095	3059	2937	2995	3070	3043
11:39:18	4987	5063	5206	5736	6016	6046	5035	5095	5214	5502	5171	5333	12086	12180	12408	5030	4714	4675	4557	4669	4714	6515	6345	6306	5280	5013	5242	4980	4994	4971	8406	7736	7851	5615	5804	5687	34949	30565	29896	3055	2985	2892	3135	3061	2961	3025	3060	2960	21003	25143	24739	10469	12172	12790	9115	10156	9940	11438	12810	12122	5355	5689	6493	3551	3575	3601	4190	4000	4168	5141	5470	5799	3946	3990	3918	5816	6060	6041	8030	8769	8375	10209	11237	11079	10064	11366	10964	2981	3060	2951	3093	3107	3014	3042	3010	3015
11:49:18	5159	4950	5227	5777	5842	5956	5158	4964	5061	5290	5215	5247	12158	12522	12066	4935	4799	4730	4650	4651	4884	6364	6588	6121	5098	5072	5108	4909	5221	5057	8771	7570	8082	5866	5582	5599	33886	31027	31720	3017	2990	2982	3237	3036	2927	3142	3007	3129	20978	24733	24910	10593	12348	12984	9192	10282	9683	11423	12785	12181	5523	5817	6551	3687	3552	3469	3943	4178	4389	5282	5368	5485	4106	3977	3954	5794	6033	5961	8236	8514	8543	10160	11639	11348	9953	11613	11239	2946	3004	3034	2943	2962	2996	2901	3108	2964
11:59:18	5095	5019	4949	5808	5974	5879	5079	5132	5190	5324	5277	5127	12784	12519	11997	5076	4770	4773	4821	4652	4934	6288	6406	6160	5181	5381	5378	5062	5211	5085	8726	7853	8050	5790	5578	5821	34825	30393	31381	3035	3100	2988	3085	2996	2973	3077	3102	3036	21311	25541	25193	10735	12441	12804	9084	10295	10274	11301	12982	12308	5617	5771	6322	3486	3768	3563	3998	4015	4298	5235	5661	5588	4129	4178	3832	6007	6027	6147	8547	8873	8458	10201	11266	11386	9952	11611	11097	3067	3043	3013	2819	2954	2907	2970	3001	2996
12:09:18	4956	4973	5199	5843	6132	5890	5397	5111	5359	5234	5337	5334	12404	12231	12497	4989	4814	4797	4844	4709	4956	6458	6540	6149	5213	5268	5285	5048	5025	5066	8743	7980	8242	5805	5623	5873	33513	30100	30869	2929	2985	2988	3280	3046	3043	3144	3184	3171	21529	25552	25556	10820	12352	13118	9223	10286	10253	11525	13092	12646	5550	5777	6372	3563	3532	3422	4099	4172	4213	5332	5688	5656	3844	4232	3923	5697	6047	6242	8286	9035	8765	10342	11602	11424	9809	11348	10836	2948	3052	3008	3070	2992	2889	3049	3061	3010
12:19:18	5225	4987	5183	5885	6038	5878	5157	5144	5282	5382	5291	5553	11997	12100	12440	4952	4803	4874	4633	4629	4948	6437	6558	6367	5360	5228	5269	5131	5150	4911	8524	8084	8136	5913	5777	5857	34966	29644	32364	2880	2883	2972	3159	3037	2948	3090	3027	3056	21802	26075	25738	11133	12855	13043	9379	10409	10120	11995	13152	12513	5567	5591	6360	3544	3527	3521	4058	4052	4164	5157	5513	5865	4012	4139	3948	6042	6206	6160	8424	8835	8599	10385	11788	11256	10107	11377	10855	2937	3068	3062	3154	2977	3134	3051	2926	3101
12:29:18	5092	4908	5140	5787	5863	5802	5199	5378	5190	5473	5194	5169	11986	12349	12387	4973	4773	4718	4826	4852	4795	6434	6656	6166	5407	5487	5268	5241	5209	5027	8700	8022	7896	5902	5725	5785	34708	29854	32658	2910	3001	2883	3066	3057	3010	3141	2989	3067	21737	25773	25677	11079	12785	13306	9736	10299	10199	11960	13281	12942	5559	5717	6369	3613	3655	3626	4042	4072	4288	5065	5626	5702	4004	4162	3841	5838	6046	6144	8224	9044	8744	10579	11580	11457	9916	11272	10839	3050	2922	3036	2922	3055	3154	2980	2872	3111
12:39:18	5005	4913	5239	5793	6113	5969	4982	5084	5077	5342	5351	5464	11776	12157	12722	4836	4798	4872	4803	4658	4793	6392	6705	6137	5425	5420	5312	5099	5020	5113	8662	7947	8346	5767	5839	5802	35476	29144	31409	3024	3031	2986	3067	3101	3038	3129	3103	3020	21948	26309	25819	11086	12510	13443	9695	10842	10503	11923	13371	13169	5650	5801	6354	3599	3553	3502	3929	4154	4361	5368	5624	5915	3935	4187	3862	5980	6235	6233	8600	9019	8931	10527	11955	11537	9906	11462	10931	3009	3078	3003	2969	3028	3042	2966	2919	3014
12:49:18	5248	4936	5361	5967	5973	5843	5215	5393	5070	5467	5340	5534	11967	12551	12720	4909	4964	4657	4711	4683	4724	6433	6508	6108	5394	5310	5415	4806	5175	5075	8564	8001	8185	5953	5742	5770	34569	28726	31197	2838	3089	3074	3261	3036	3068	3057	3106	3050	22172	26318	26389	11511	12918	13666	9730	10933	10586	11978	13620	12915	5445	5658	6264	3533	3493	3617	4233	4117	4276	5312	5651	5861	4098	4150	3917	6106	6364	6036	8516	9162	8824	10621	11739	11667	9822	11685	10898	2942	3011	3015	3104	3042	2963	3042	3030	2993
12:59:18	5198	5073	5188	5936	5870	6228	5280	5330	5286	5368	5302	5306	12250	12817	12408	5004	5165	4708	4867	4746	4667	6367	6518	6078	5397	5581	5439	5181	5185	4944	8838	7811	8128	5861	5702	5841	34643	30874	30478	3045	3000	2937	3107	3009	3037	3220	3024	2973	22631	26800	26506	11221	13247	13829	9947	10876	10618	11836	13579	12740	5519	5679	6435	3584	3607	3615	4084	4206	4259	5441	5664	6029	3943	4238	3942	5988	6417	6104	8440	8958	9077	10620	12276	11704	9689	11261	10775	2931	3092	3026	3013	2957	3083	3062	2983	3086
13:09:18	5159	5068	5314	5981	6123	5823	5285	5248	5236	5545	5245	5211	11906	12206	12551	4948	4928	4763	4863	4928	5091	6445	6389	6408	5579	5436	5431	5151	5225	5060	8676	7977	8111	5768	5795	5970	33890	31061	31446	2752	2992	3013	3024	2919	2969	2966	3042	3074	22570	26870	27329	11571	13007	13602	9687	11194	10421	12073	13916	13131	5671	5509	6519	3510	3625	3572	4119	4268	4262	5251	5678	5821	3983	3882	3996	5937	6224	6375	8642	8997	8887	10617	11938	12130	10175	11175	10960	3052	3010	2911	3010	2980	2968	2972	2941	3100
13:19:18	5236	5088	5275	5926	5972	5988	5183	5191	5398	5384	5413	5324	12078	11933	12051	5096	5086	4878	4899	4796	5050	6652	6472	6162	5559	5484	5432	5181	4944	5103	8559	8153	8065	5957	5704	5947	33600	31404	29317	2952	3099	3009	3107	2962	3034	3100	2842	2958	23072	26740	27692	11228	13062	13969	10062	11060	10695	12154	13654	13010	5476	5809	6483	3604	3619	3482	4158	4122	4236	5532	5966	6014	4035	4178	3995	5990	6476	6296	8844	9110	9007	10764	12192	12207	10242	11718	10584	2950	2921	2939	3089	2883	3020	2899	3067	3088
13:29:18	5269	5161	5152	5970	6080	5854	5408	5335	5587	5326	5466	5384	12141	12261	12480	5162	4876	4944	4767	4851	5052	6598	6481	6331	5628	5516	5331	5199	5197	5091	8812	8362	8213	5892	5786	5962	34068	31336	30564	2912	2952	3118	2964	2993	3121	3163	3105	3039	22817	27759	27892	11439	13397	13906	10198	11335	10890	12512	13952	13676	5454	5885	6422	3489	3774	3669	4225	4098	4339	5606	5753	5968	3995	4174	4026	5930	6081	6208	8610	9413	9422	10811	12467	12278	9761	11272	10917	2944	3009	2906	3035	2948	3100	2933	3002	3043
13:39:18	5220	4951	5283	6157	6081	5986	5449	5376	5239	5509	5749	5386	11755	12029	11816	5023	5130	4826	5030	4820	4955	6320	6364	6257	5512	5432	5579	5104	5282	5131	9027	8049	7992	5880	5731	5962	33507	29981	29472	2913	2998	2876	3043	3206	2901	3045	2933	3070	23593	27278	27901	11705	13650	14156	10185	10981	11223	12373	13937	13111	5704	5726	6267	3706	3614	3633	4202	4118	4280	5461	5998	6010	4106	4308	3920	6013	6324	6559	8671	9526	8877	10693	12360	12219	9742	11603	11097	3088	3058	2859	3190	3113	3047	2966	2945	2957
13:49:18	5258	5258	5271	6147	6012	6033	5279	5630	5358	5417	5488	5448	12020	11984	11866	4957	4981	4866	4853	4906	4935	6376	6671	6391	5542	5510	5509	4994	5093	5083	8793	8267	8405	5966	5878	5917	32286	30431	30637	2940	2900	3104	3252	3049	3105	3090	3105	3082	23496	27670	28028	11637	13738	14110	10425	11634	11378	12724	14280	13313	5499	5802	6328	3612	3821	3700	4123	4338	4413	5391	5862	6043	4171	4195	3972	6160	6469	6379	8686	9370	9055	10750	12207	12158	9788	11476	10985	3003	3121	2951	3049	3021	3073	3102	3004	2994
13:59:18	5340	5272	5466	5749	5976	5938	5381	5528	5432	5422	5475	5393	12590	12030	11714	5062	5215	4877	5056	5043	5127	6510	6605	6193	5514	5568	5553	5362	5186	5196	8679	7989	8552	5875	5903	5897	32094	28452	29633	3054	3059	3043	3114	3001	3003	3041	2924	3048	23812	28245	28270	11996	13507	14378	10315	11657	11422	12748	14182	13597	5499	5793	6516	3707	3735	3677	4078	4171	4509	5420	6106	6029	3973	4094	3965	6067	6566	6526	8801	9604	9231	11124	12440	12150	9836	11537	10750	3026	2965	3075	3094	3012	3147	3032	3044	3037
14:09:18	5459	5255	5399	5800	6114	6039	5277	5461	5660	5507	5440	5449	12431	12274	11607	5301	5176	5084	4958	5009	5005	6349	6716	6269	5639	5691	5554	5451	5257	5258	8629	8252	8067	6162	6103	6029	33709	28689	28915	2940	3141	3023	3157	3073	3093	3101	2966	3099	24281	28397	28486	11540	13825	14167	10568	11644	11224	12704	14430	13701	5409	5868	6682	3786	3837	3711	4112	4350	4364	5537	5867	6128	3965	4127	3961	6108	6455	6484	8842	9471	9379	11060	12459	12592	9948	11361	10769	3005	3008	3106	3106	3026	2999	2991	2898	3049
14:19:18	5479	5297	5177	6110	6220	5837	5373	5500	5573	5454	5716	5619	12115	11660	11817	5270	5268	4871	5058	5003	4944	6573	6526	6395	5474	5610	5551	5330	5442	5170	8711	7916	7865	5965	5867	5938	30608	28349	29179	2940	3078	3022	3035	3026	2870	3129	2958	2980	24706	28447	28404	11888	13779	14168	10595	12087	11428	12944	14498	14113	5717	5557	6419	3731	3673	3601	4409	4294	4273	5483	5920	5963	4036	4265	3873	6016	6421	6655	8927	9563	9069	11201	12559	12505	10011	11590	10942	2975	3126	3150	3047	3108	3005	3015	3029	3131
14:29:18	5301	4996	5423	5963	6339	6149	5318	5418	5491	5404	5506	5577	12072	11580	11855	5249	5135	4852	5115	4988	5187	6376	6518	6384	5579	5841	5732	5068	5203	5153	8741	8145	8092	6028	5885	6166	30545	28375	28831	2937	3113	3021	3059	3045	2989	3039	2923	3001	24531	29502	28807	12053	13769	14594	10819	11356	11455	12798	14286	14078	5574	5876	6506	3792	3630	3725	4169	4115	4387	5660	6037	6057	4066	4216	4166	6099	6384	6421	8956	9879	9341	11433	12860	12447	9989	11368	11186	2953	3008	2957	3014	3025	2947	3137	3127	2936
14:39:18	5496	5146	5405	6037	6218	6048	5452	5473	5365	5695	5544	5499	11816	11853	11959	5291	5309	5018	5076	5078	5166	6501	6536	6302	5473	5694	5545	5377	5365	5160	8977	7924	8056	5979	5939	6000	29431	28801	28727	3024	2993	3156	3102	3018	3032	3108	3030	3184	24804	29338	28574	12080	14074	14778	10705	11710	11710	12948	14556	14151	5677	5614	6391	3638	3695	3597	4098	4271	4507	5570	6019	6138	4106	4192	4122	6267	6359	6422	8898	9581	9603	11564	12736	12576	9932	11698	10916	2960	2967	2956	3119	2839	3055	3038	3044	2947
14:49:18	5231	5254	5329	5985	6204	6228	5235	5434	5579	5610	5491	5476	12075	12158	12047	5167	5172	4988	5182	4993	4926	6491	6557	6288	5839	5443	5681	5491	5296	5302	8784	7983	8089	6021	5794	5965	31849	28401	28950	3103	2929	3119	3175	2925	2915	3113	3016	2985	25010	29358	28948	12010	14479	14464	10472	11895	12005	13385	14646	13983	5510	5799	6549	3722	3813	3669	4156	4252	4511	5451	5944	6245	4207	4281	3875	6202	6361	6410	8784	9650	9445	11634	12910	12662	10128	11427	11185	3066	2965	2969	3117	3024	3016	2997	3019	2991
14:59:18	5404	5190	5361	6136	6140	6243	5393	5567	5460	5527	5528	5601	12046	11710	12268	5131	5319	5022	4997	5195	5160	6222	6374	6524	5629	5523	5514	5283	5165	5241	8862	7970	8065	5951	5841	5909	31061	28133	29475	3033	3047	3052	3042	2983	3045	3188	3126	3107	24841	29569	29486	12222	14099	14927	10965	12102	11888	13223	15035	14333	5399	5704	6624	3606	3850	3783	4275	4304	4351	5562	6168	6251	4125	4195	4055	6338	6347	6607	8779	9796	9631	11568	12933	12586	10019	11484	11248	3046	3081	3005	3037	3135	2945	3025	3006	3128
15:09:18	5370	5182	5532	6151	6037	6155	5483	5471	5477	5689	5509	5610	11903	11781	11698	5216	5027	4780	5173	5018	4984	6556	6417	6306	5386	5715	5917	5229	5216	5106	8785	7763	8134	6092	5858	6192	30596	28696	29641	2938	2951	2880	3024	3012	2931	3099	2991	3107	25141	29490	29396	12175	14282	15010	10753	12019	12066	13367	15018	14598	5455	5863	6422	3583	3667	3691	4192	4275	4391	5670	6192	6297	4163	4199	3939	6240	6435	6655	9415	9693	9363	11532	13108	12575	10097	11405	10870	2991	2948	3105	3040	3115	3169	2987	3178	3039
15:19:18	5391	5386	5476	6053	6133	6301	5381	5338	5494	5476	5424	5636	11837	11683	11793	5298	5163	5047	5050	5115	5257	6366	6567	6697	5758	5714	5695	5386	5449	5023	8448	7884	7886	5950	5740	5951	28741	28224	29150	3099	3114	2875	3139	3038	3014	3136	2925	2976	25787	30044	29985	12183	14500	14988	11057	12282	12277	13379	15413	14613	5561	5756	6463	3685	3754	3650	4270	4204	4481	5756	6132	6243	4094	4162	4052	6176	6442	6542	9105	9941	9578	11276	12978	12791	10060	11293	10942	3069	3057	3042	3062	2951	3046	2975	2944	2889
15:29:18	5513	5160	5423	6127	6048	6141	5273	5588	5678	5714	5655	5550	11842	11652	11773	5370	5095	4917	5154	4947	5267	6583	6476	6316	5677	5613	5696	5292	5468	5400	8610	8038	7958	6042	5828	6022	29821	28957	29734	2843	2874	3131	3066	2995	2917	3015	3044	3078	25751	29922	30195	12557	14759	15246	11192	12298	12560	13308	15369	14840	5605	5798	6574	3580	3754	3734	4290	4177	4406	5871	5983	6368	4236	4305	3869	6451	6621	6822	9323	10066	9538	11616	13187	12958	10147	11456	11083	2919	2933	2920	3065	3126	3036	2996	2929	3070
15:39:18	5553	5476	5664	6017	6211	6119	5347	5531	5572	5597	5476	5541	11769	11720	11751	5407	5170	5018	5163	5060	5234	6592	6619	6386	5617	5701	5671	5321	5358	5219	8697	7895	7939	5815	5972	6216	28907	27792	28360	2880	2999	3024	3165	2927	2950	2989	2944	3096	25524	30426	30139	12732	14655	14998	11273	12480	12394	13411	15361	14678	5653	5851	6571	3728	3713	3599	4285	4279	4413	5740	6208	6231	4066	4125	4096	6614	6648	6650	9045	9653	9852	11423	13136	13008	9754	11378	11070	2937	3034	2994	3081	3000	2959	3009	2986	3262
15:49:18	5198	5202	5618	5955	6225	6318	5474	5486	5649	5570	5622	5656	12015	11733	11869	5276	5158	5057	4986	5101	5069	6573	6646	6334	5673	5850	5567	5433	5376	5201	8905	8005	7898	5955	5796	5983	28995	28404	28462	2930	3062	2937	3073	3179	2951	3076	3016	3003	26329	30110	30379	12217	14912	15238	11128	12368	12047	13876	15488	14900	5445	5697	6318	3695	3804	3756	4261	4333	4572	5725	6099	6312	4185	4221	4004	6326	6537	6736	9133	10098	9852	11854	12876	12941	10118	11418	10841	2829	3025	3008	3001	3062	2990	2981	3019	2929
15:59:18	5430	5261	5449	6286	6179	6080	5490	5470	5796	5355	5420	5714	11770	11647	11574	5330	5220	4839	5122	5164	5286	6558	6545	6554	5563	5663	5780	5272	5498	5304	8713	8213	7925	5992	5945	6194	31966	28020	28349	3200	3013	2966	3201	3039	2871	3102	3005	2901	26406	31224	30707	12358	14987	15107	11109	12602	12346	13810	15843	14834	5380	5572	6409	3723	3724	3770	4212	4288	4308	5769	6027	6314	4204	4292	3986	6606	6557	6638	9121	10036	9725	11724	13495	13096	10125	11271	11239	3000	3038	2953	3149	3038	3027	3102	2971	3054
16:09:18	5297	5256	5500	6064	6146	6000	5431	5701	5822	5434	5302	5644	11897	11858	11623	5474	5068	5092	5168	5152	5274	6528	6704	6425	5575	5798	5608	5289	5501	5463	8658	7920	7900	6159	5936	6004	30466	28389	28482	2946	2915	2849	3038	3026	3048	2939	2987	3098	26608	31087	30666	12808	14803	15816	11577	12781	12333	13763	15804	14739	5555	5683	6376	3668	3823	3732	4087	4212	4463	5727	6232	6276	4103	4227	4047	6383	6597	6709	9211	10151	9604	11985	13516	12946	9922	11425	10943	2958	3147	2967	2919	2969	3015	2972	2898	3033
16:19:18	5343	5366	5461	6089	6446	6245	5642	5510	5624	5716	5615	5471	11902	11487	11731	5416	5319	4913	5209	5177	5212	6676	6593	6408	5547	5765	5617	5396	5511	5353	8384	7879	7967	6020	5974	6075	29093	28086	28226	3070	2927	2873	2999	3010	3040	3032	3014	3044	26420	31243	31536	12792	15251	15560	11164	12684	12499	13890	15629	15093	5519	5726	6375	3617	3887	3664	4199	4324	4553	5675	6318	6585	4162	4264	4016	6376	6691	6640	9091	10324	10018	11844	13482	13351	10220	11443	10769	2872	3068	2992	2940	2905	2998	3100	3035	2988
16:29:18	5353	5189	5479	6152	6374	5911	5507	5628	5649	5519	5541	5506	11804	11787	11464	5514	5217	5115	5061	5078	5375	6667	6716	6545	5581	5837	5877	5538	5582	5381	8783	8075	7823	5879	5905	6034	28076	27721	27502	2970	3034	3050	3178	2997	2955	3114	3063	3021	26595	31351	30864	12850	15551	15752	11658	12940	12878	13874	15804	15390	5486	5715	6574	3631	3785	3579	4212	4360	4494	5599	6187	6158	4251	4228	4024	6474	6763	6666	9321	10094	10128	11759	13580	13303	10055	11273	11142	3003	3007	2970	2994	2864	3099	3047	2949	2972
16:39:18	5368	5162	5371	6130	6218	6285	5541	5618	5742	5698	5508	5630	11869	11747	11439	5394	5105	5218	5265	4999	5258	6478	6659	6534	5810	5621	5703	5479	5453	5155	8555	7623	7993	6067	5958	5985	28110	28431	28192	3012	3067	2990	3096	2978	3097	2996	3051	3063	26871	31155	31205	13357	15218	15821	11624	13104	12779	14013	15873	15207	5306	5738	6328	3569	3935	3692	4202	4252	4476	5874	6237	6349	4271	4177	3974	6389	6597	6674	9473	10378	10027	12102	13700	13548	9882	11341	11028	2890	2883	2942	2918	3051	2936	2904	2875	3051
16:49:18	5338	5120	5581	6138	6290	6165	5587	5771	5890	5680	5808	5495	11722	11339	11758	5418	5280	5065	5256	5192	5273	6571	6459	6463	5638	5808	5644	5410	5487	5341	8358	7841	7786	5848	6018	6323	27579	27992	28138	2975	3002	3007	3048	2864	3028	2991	2998	3017	27126	32695	31799	13374	15499	15953	11887	13070	12920	14233	16312	15587	5503	5762	6777	3659	3699	3641	4085	4470	4487	5853	6323	6644	4195	4235	4087	6365	6647	6899	9450	9851	10303	12285	13627	13660	10027	11408	10836	3043	2924	3091	3086	2949	2957	3055	2977	2993
16:59:18	5447	5325	5407	6236	6227	6164	5668	5647	6094	5562	5633	5685	11865	11616	11695	5447	5307	5054	5120	5095	5210	6512	6319	6478	5744	5695	5733	5531	5598	5065	8180	7892	7926	5958	5865	6126	27800	27856	27242	3000	2903	2947	3051	2957	2905	2895	2928	2905	26584	32454	31753	13300	15624	15844	11651	13050	13124	14343	15880	15695	5462	5850	6428	3698	3748	3731	4211	4289	4501	5838	6274	6317	4142	4129	3906	6689	6778	6710	9564	10247	10045	12087	14081	13444	9933	11216	10925	3024	3113	2953	2973	3039	3047	3107	2926	3076
17:09:18	5516	5347	5498	6093	6150	6074	5666	5711	5824	5525	5748	5577	11923	11482	11589	5165	5335	4968	5224	5258	4996	6427	6600	6480	5779	5744	5694	5516	5500	5442	8255	7904	7957	6055	6050	5970	28091	27831	27893	2918	2935	3008	3092	2964	2905	3011	2869	3097	27319	32328	32109	13066	15510	15842	11742	13375	13085	14315	16259	15477	5661	5958	6480	3693	3847	3980	4145	4482	4371	5840	6376	6539	4084	4212	4023	6629	6781	6974	9298	10588	9806	12294	13835	13574	10070	11500	10662	3009	2970	2930	2871	3012	3105	2931	2987	3096
17:19:18	5400	5248	5259	6287	6193	6057	5653	5707	5883	5704	5657	5616	11706	11517	11747	5385	5345	4967	5211	5147	5138	6403	6585	6201	5766	5701	6016	5590	5500	5044	8249	7666	7660	5862	5928	5934	28695	28052	27968	2927	3006	2953	3154	2976	2974	2995	2926	3041	27855	32715	32575	13119	15556	16247	11722	13335	13396	14593	16303	15803	5431	5777	6396	3753	3762	3778	4304	4427	4399	5834	6288	6506	4094	4249	3954	6341	6835	6789	9685	10257	10156	12416	14042	13682	10065	11710	10791	2961	3008	3018	3059	3054	2932	2821	2995	3024
17:29:18	5375	5463	5411	6333	6126	6184	5566	5774	5821	5472	5683	5634	11708	11446	11704	5405	5477	5132	5068	5251	5265	6518	6572	6376	5673	5825	5694	5628	5476	5410	8098	7813	7713	5930	5841	5962	27785	27232	27200	2846	2892	2919	3080	3008	2889	3051	3017	3024	27609	32856	32120	13152	15676	16361	12327	13331	13350	14333	16417	16043	5631	5839	6412	3746	3844	3854	4168	4330	4396	5784	6418	6515	4203	4348	3986	6473	7100	7104	9508	10333	10264	12361	14085	13535	10019	11421	11089	3033	2855	2918	2986	3012	3057	2960	2973	3030
17:39:18	5416	5365	5436	6216	6267	6277	5819	5609	5846	5593	5702	5500	11796	11786	11495	5402	5281	5145	5123	5225	5411	6722	6527	6408	5726	5898	5751	5622	5453	5233	7925	7957	7813	5852	6060	5974	27275	27222	28320	2999	3003	2967	3080	3092	3153	3165	2887	3058	27914	32972	32435	13088	15319	16463	12025	13442	13620	14550	16583	15815	5541	5851	6646	3656	3812	3752	4087	4239	4475	5996	6432	6457	4193	4182	4057	6399	7005	6736	9583	10316	10188	12174	13889	13825	10207	11311	11004	2876	3024	2874	3005	2901	3018	3016	3001	3097
17:49:18	5331	5357	5271	6192	6014	6175	5807	5619	5672	5482	5490	5664	11822	11505	11307	5458	5516	5045	5063	5218	5261	6427	6518	6442	5994	5705	5801	5822	5609	5450	7912	7626	7739	6025	5792	6355	27149	26984	27447	3104	2931	2953	3092	2997	3120	2930	2819	3161	28215	32863	32637	13358	15890	16591	12265	13643	13626	14704	16684	16072	5269	5943	6351	3602	3781	3780	4361	4351	4480	6106	6474	6594	4079	4431	4124	6621	6852	7065	9657	10154	10344	12752	14154	14074	10274	11348	11120	2877	2911	2981	3061	2852	2984	2941	3022	2995
17:59:18	5467	5422	5549	6067	6314	6235	5636	5636	5857	5781	5769	5866	11420	11326	11502	5425	5307	5069	5089	5141	5291	6442	6478	6278	5764	5861	5710	5733	5797	5400	7934	7617	7862	5978	5957	6003	27550	27618	27920	3026	2912	2981	3203	3116	2982	3080	2847	2985	27998	32889	33744	13362	15709	16560	12248	13994	13606	14666	16670	16185	5474	5871	6616	3848	3822	3803	4116	4416	4534	5829	6415	6470	4132	4249	3923	6615	6981	6856	9877	10446	10292	12380	14127	13885	9813	11388	10721	2903	2938	3058	2984	3058	2978	3036	2912	2968
18:09:18	5475	5375	5548	6079	6084	6216	5719	5699	5807	5643	5424	5551	11831	11326	11480	5324	5313	5241	5171	5250	5226	6431	6646	6549	5639	5957	5800	5636	5465	5300	8002	7523	7849	5938	5957	6079	27367	27468	27092	3061	2963	2974	3092	2949	2839	3228	2936	2885	28521	33421	34113	13611	15877	16301	12364	13414	13608	15024	17140	15979	5370	5859	6360	3745	3938	3809	4065	4282	4431	5961	6399	6687	4168	4153	4078	6523	6984	6993	9713	10689	10394	12903	14234	14241	10074	11054	10833	2942	2853	2976	3015	3006	2877	3051	2978	3048
18:19:18	5502	5346	5367	6280	6097	6228	5840	5727	5855	5496	5837	5761	11586	11403	11561	5616	5401	5164	5042	5227	5366	6334	6729	6327	5781	6000	5893	5566	5689	5204	7922	7533	7608	5817	6059	6176	27513	27168	27380	3109	2966	2856	3013	2876	3107	2986	2960	2993	28808	33818	33944	13750	15964	16580	12321	13956	13726	14836	16762	16300	5544	5808	6190	3746	3814	3714	4122	4219	4496	6021	6217	6923	4059	4222	4016	6529	6987	6849	9890	10517	10357	12589	14383	14645	10273	11467	10837	2936	3199	2989	3098	2861	2919	3018	2926	3010
18:29:18	5560	5357	5429	6167	6262	6135	5607	5588	5896	5526	5490	5733	11474	11354	11619	5368	5465	5142	5236	5225	5332	6442	6420	6357	5875	5818	5817	5700	5718	5290	7878	7462	7773	6052	5978	6035	27143	27096	27112	3065	2968	2912	3174	2955	2962	2940	2873	3121	29229	33915	34288	13835	16142	16836	12574	13918	13791	15025	17217	16408	5413	5784	6657	3728	3946	3908	4153	4295	4515	5986	6534	6788	4324	4193	3872	6720	6993	7060	9978	10934	10576	12873	14458	13990	10291	11181	10650	3020	3045	2896	2836	2884	3052	3077	2988	2935
18:39:18	5545	5336	5552	6204	6390	6009	5626	5675	5696	5614	5538	5771	11558	11610	11374	5574	5606	5185	5173	5066	5155	6389	6732	6405	5912	5984	5825	5533	5764	5337	7919	7749	7671	5965	6008	5906	27518	27164	27539	3011	2897	2929	3138	3045	2967	3063	2950	2945	28808	34063	34081	13799	16124	17008	12412	14015	13986	15429	17256	16669	5496	5822	6579	3748	3936	3846	4000	4319	4508	6160	6511	6999	4097	4238	3971	6707	7006	7155	9791	10538	10586	12986	14236	14426	10067	11104	11018	2878	2847	3114	3075	3044	2916	3021	3092	2995
18:49:18	5445	5406	5543	6170	6268	6359	5631	5662	5793	5618	5647	5588	11493	11237	11361	5282	5386	5273	5267	5107	5215	6419	6569	6666	6000	6048	5616	5513	5434	5224	7747	7573	7617	6160	5847	5907	26629	27098	26985	2859	2991	2941	3137	3064	3025	3067	2874	3119	29022	34197	34514	13867	16325	16861	12821	14443	14279	15280	17354	16629	5483	5769	6378	3639	3868	3925	4273	4301	4465	6289	6436	6823	4147	4265	3995	6747	7069	7108	9832	10835	10577	12937	14353	14460	10134	11030	10978	3006	2872	2842	2842	2956	2988	2917	2947	3062
18:59:18	5318	5306	5515	6048	6311	6242	5623	5655	5735	5718	5762	5542	11500	11406	11327	5504	5346	5205	5303	5213	5293	6480	6402	6346	5697	5903	5752	5747	5470	5308	7770	7656	7605	6088	5880	6199	27475	26965	26972	2924	3024	2990	2972	2915	2997	2960	3134	2923	29428	34180	34691	13902	16561	17395	12884	14596	14598	15533	17583	17046	5633	5965	6542	3726	3794	3736	4200	4407	4456	6079	6686	6822	4146	4384	4122	6588	6822	6946	9854	10752	10539	12890	14766	14738	10022	11251	11092	2970	2964	2985	3044	2939	2979	2752	2935	2998
19:09:18	5477	5533	5420	6200	6296	6037	5520	5653	5736	5660	5465	5813	11506	11156	11280	5568	5645	5450	5127	5251	5151	6597	6470	6372	5761	5742	5908	5603	5407	5349	7710	7630	7551	6059	5935	6106	26908	26416	26769	3000	3046	3074	3205	3001	2972	2867	2963	3073	29361	34420	35232	14119	16608	16971	12869	14648	14490	15276	17720	16941	5329	5770	6333	3616	3805	4115	4219	4234	4527	6001	6587	6634	4144	4462	4093	6763	7039	7023	10003	10692	10335	13124	14936	14304	10214	11232	10830	2943	2814	2903	3054	3026	3073	3059	2919	2966
19:19:18	5585	5401	5502	6008	6190	6115	5659	5635	5752	5610	5613	5790	11406	11228	11413	5417	5485	5503	5156	5138	5092	6364	6452	6352	5935	5858	5948	5753	5537	5284	7535	7563	7656	6051	5954	6018	26721	27111	26859	3081	2987	2980	3066	3045	3001	2899	2963	2922	29624	35225	35071	14251	16533	17067	12808	14587	14360	15508	17882	17285	5583	5702	6561	3637	3715	3664	4311	4437	4384	5993	6764	6609	4254	4279	4026	6644	7100	6910	9908	10863	10531	13228	14764	14601	10241	11171	11170	2923	2944	3021	2877	3054	2894	2931	2833	2931
19:29:18	5520	5232	5310	5979	6338	6311	5649	5595	5932	5631	5552	5659	11595	11230	11172	5483	5359	5436	5196	4925	5367	6204	6319	6430	5809	5755	5968	5768	5428	5354	7421	7642	7599	5921	5955	6147	26757	27077	26640	3042	3066	2988	3040	3036	2936	3054	2943	3093	29897	35649	36272	14705	16802	17680	13167	14647	14400	15844	17941	17285	5437	5808	6590	3902	3948	3764	4100	4479	4650	6042	6674	6657	4107	4174	4068	6725	6994	6976	10164	10727	10765	13602	14665	15102	9997	11087	10859	2958	2873	2997	2880	2995	2873	3070	3182	2976
19:39:18	5537	5351	5304	5861	6180	6219	5844	5856	5927	5626	5704	5570	11734	11577	11187	5472	5411	5372	5065	5184	5179	6346	6458	6424	5720	5921	5940	5590	5596	5566	7510	7608	7675	6111	5894	6069	27055	26716	26846	3106	2982	2906	2987	2931	3047	3092	2934	3032	29560	35498	35189	14227	16756	17308	13060	14876	14501	15777	18000	17100	5446	5797	6518	3808	4000	3782	4247	4312	4484	5978	6753	6902	4300	4172	3948	6561	6982	6790	10164	11043	10628	13142	14909	14443	10167	11162	10613	2888	2951	2967	3012	2937	2838	3091	2945	2928
19:49:18	5342	5427	5660	6231	6191	6069	5764	5538	5711	5328	5632	5765	11178	11343	11005	5494	5410	5197	5114	5118	5265	6426	6646	6511	5771	5893	5548	5733	5533	5563	7743	7592	7496	6145	5938	6222	26380	26285	26492	2963	2951	2894	2988	3082	2949	3053	2933	3011	29793	35378	36178	14657	16818	17734	12913	14655	14747	15905	18258	17297	5511	5923	6747	3694	3914	3842	4239	4457	4609	6149	6641	6918	4251	4233	4277	6797	7052	7004	10090	10857	10926	13335	14714	14690	10058	11260	10884	3026	3027	2901	2955	3017	3074	3101	2916	2912
19:59:18	5393	5467	5375	6214	6322	6158	5627	5710	5722	5519	5611	5602	11021	11199	10765	5525	5651	5441	5321	5185	5167	6266	6401	6379	5577	5688	5939	5624	5569	5451	7538	7120	7356	5828	6021	6232	25978	26093	26577	2912	3066	2768	2988	2922	2907	2914	3005	2916	29778	36013	35850	14406	17171	17579	13278	15095	14816	15888	18072	17799	5610	5844	6437	3761	3863	3865	3965	4362	4522	6331	6816	6699	4099	4386	4114	6724	7203	7161	10105	11009	11129	13309	15429	15228	9806	11009	10883	3044	2960	3022	2990	2865	2926	2955	2954	3091
20:09:18	5369	5343	5554	6205	6166	6111	5659	5711	5794	5685	5564	5809	11217	11001	11092	5493	5558	5230	5338	5224	5274	6246	6406	6470	5943	5893	5854	5568	5735	5439	7448	7052	7481	5944	5996	6129	25855	26137	26424	3040	3031	2967	3080	3040	3055	3021	2854	2949	29853	36488	36247	14144	16803	18062	13439	15057	14889	15825	18492	17954	5606	5786	6430	3643	3780	3702	4234	4357	4501	6176	6735	7013	4177	4226	3937	6770	7036	7013	10131	11181	10998	13273	15136	14944	9817	11285	10751	2902	3100	3002	2915	3034	2950	3090	2811	2883
20:19:18	5749	5318	5501	6205	6278	6000	5587	5753	5757	5654	5901	5642	11206	11118	11053	5410	5365	5539	5347	5295	5363	6310	6382	6405	5688	5824	5871	5668	5677	5518	7395	7125	7554	5774	6053	6076	26216	26091	26005	2929	2904	2987	3098	3022	3139	2992	2949	3060	29970	36205	36208	14769	17289	17698	13821	15322	15100	16379	18431	17954	5520	5752	6336	3819	3904	3839	4144	4477	4425	6305	6976	6750	4289	4264	4073	6933	7246	7127	10349	11197	11074	13263	15441	14934	10029	11442	10743	2980	2909	2922	2933	2944	2994	2899	2988	2996
20:29:18	5442	5375	5476	6077	6201	6106	5585	5401	5841	5489	5637	5725	11106	11038	10804	5561	5693	5361	5154	5167	5376	6238	6314	6229	5822	5919	5987	5569	5565	5690	7395	7082	7132	5911	5938	6010	25509	25890	25809	2970	2972	3051	3064	2924	2934	2957	3003	3004	30540	36731	36693	14631	16950	17661	13664	15083	15099	16132	18460	17547	5505	5762	6709	3642	3846	3882	4085	4458	4505	6180	6867	6970	4349	4241	4079	6809	7078	7140	10347	11108	11070	13573	15175	15221	9772	11218	10802	2900	2859	2888	2977	2920	2972	2907	2846	2964
20:39:18	5521	5468	5326	6135	6111	6031	5694	5608	5896	5690	5590	5728	11063	10997	10789	5489	5429	5544	5205	5251	5223	6143	6181	6495	6010	5755	5806	5773	5791	5762	7201	7291	7220	5899	5937	5969	25627	25673	25749	3082	3079	3037	3080	2932	3021	3038	2942	2931	30708	36909	36905	14443	17052	17578	13628	15439	15268	16871	18348	18001	5653	5787	6383	3732	3807	3969	4216	4515	4449	6295	6835	6882	4102	4273	4080	6711	7124	7070	10428	11355	11019	13955	15689	15081	9907	11204	11010	2954	2864	3028	2912	2961	2953	2870	2859	2907
20:49:18	5562	5402	5550	6013	6189	6001	5616	5499	5750	5610	5453	5653	10893	10652	10591	5443	5359	5412	5392	5254	5253	6119	6313	6332	5643	5829	5772	5753	5758	5602	7115	7201	6986	5803	5727	6056	25042	25041	25334	2888	3056	2747	3124	2934	3129	2887	2806	3020	30958	37114	37499	14802	17408	18072	13727	15339	15226	16288	18865	18354	5530	5686	6614	3830	3760	4041	4288	4317	4501	6257	6911	6911	4158	4214	4031	6838	7356	7185	10686	11388	11039	13870	15374	15186	9697	11326	10809	3076	2863	2977	2998	2992	2903	2882	3143	2972
20:59:18	5522	5343	5419	5932	6092	5950	5676	5700	5791	5647	5534	5749	10502	10385	10289	5403	5432	5620	5055	5218	5273	6110	6097	6346	5820	5813	5665	5672	5821	5644	7048	7201	7308	5929	5941	6062	25028	24921	25546	2909	3042	2923	3106	2906	2771	2954	2968	3101	31290	36469	38011	14965	17640	18385	13793	15538	15202	16655	19065	17958	5661	5799	6451	3775	3961	4027	4142	4381	4571	6378	7150	6919	4230	4300	3939	6711	7117	7134	10364	11197	11080	13784	15284	15348	10239	11263	10983	2841	2968	2965	3024	2888	2972	2986	2936	2978
21:09:18	5545	5151	5493	5948	6146	5907	5689	5599	5826	5654	5681	5724	10417	10341	10364	5619	5454	5456	5329	5145	5304	6210	5963	6495	5721	5918	5836	5782	5567	5718	7163	6817	7065	5850	5853	6002	24513	24484	25492	2909	3038	2975	3101	3005	2976	2987	2896	2990	31383	38112	37073	15035	17764	18532	13650	15417	15674	17013	18886	18324	5490	5918	6437	3794	4007	4006	4123	4577	4510	6355	6924	6928	4282	4314	3803	6911	7284	7187	10550	11084	11089	13958	15265	15053	10091	11384	10993	2874	2915	3024	3050	2897	2938	3038	3107	2996
21:19:18	5419	5407	5398	5954	6172	6127	5570	5487	5736	5614	5767	5525	10256	10155	10259	5461	5431	5625	5179	5040	5302	6147	5981	6302	5901	5788	5886	5546	5513	5595	7093	6768	7186	5974	5732	5880	24152	24155	24685	2871	2978	2994	3030	2995	2996	3114	2971	2916	31774	37481	37696	15043	18222	18434	14071	15740	15736	17029	18501	18562	5490	5838	6424	3621	4015	3978	4144	4397	4588	6255	7012	7119	4167	4294	4070	6651	7318	7057	10810	11619	11037	14185	15460	15600	10082	11166	10895	2998	3081	3055	3084	3072	3052	2873	3010	3093
21:29:18	5541	5285	5290	5837	6233	5733	5639	5734	5712	5785	5739	5606	10102	10044	9819	5706	5525	5243	5163	5182	5219	6148	6103	6124	5676	5875	5929	5638	5766	5431	7081	6989	6782	5691	5915	5981	23350	23733	23932	3025	3016	2887	2972	2998	3009	3140	2935	2856	31710	37449	39172	15253	17670	18512	13953	15859	15473	16981	19351	18466	5649	5776	6444	3724	3979	3931	4158	4433	4564	6411	6983	7092	4273	4254	3927	6876	7242	7101	10478	11551	11017	13870	15477	15700	9937	11122	10799	2845	2913	2942	2804	3046	2845	2905	2951	3019
21:39:18	5529	5328	5524	5890	6074	5922	5829	5623	5877	5692	5621	5492	10059	10042	9795	5433	5430	5378	5403	5115	5200	6055	6294	6158	5870	5666	5778	5676	5669	5534	6938	6838	6784	5683	6007	6033	22756	22677	23258	3023	2942	2927	2917	2997	3095	2988	2908	2906	32353	37833	38479	15024	17969	18588	13615	15756	15882	16999	19289	18726	5554	5581	6727	3911	3853	3856	4336	4582	4522	6575	6897	7222	4267	4307	4066	6915	6967	7112	10770	11407	11103	13920	15721	15462	9976	11221	10786	2946	2886	2924	2968	2995	2830	2938	2872	2907
21:49:18	5478	5269	5455	5852	5903	5870	5548	5532	5976	5699	5677	5887	10106	9890	9748	5537	5543	5581	4974	5104	5458	5996	6275	6058	5719	5833	5679	5666	5588	5617	6963	6828	6837	5717	5778	6009	22376	22189	23289	2964	2936	2886	3041	3007	2951	2987	2972	2828	31911	38711	38480	15412	18574	18408	14179	16160	15482	16942	19408	18807	5472	5905	6620	3831	3972	3983	4054	4236	4546	6561	7064	7035	4182	4240	4060	6861	7303	7452	10735	11543	11476	13975	15735	15528	10223	11364	11174	2889	2964	2939	3048	2912	2862	2997	3018	2950
21:59:18	5516	5354	5546	5635	5928	5863	5727	5660	5873	5411	5534	5582	9594	9982	9604	5281	5424	5352	5258	5281	5342	5864	5858	6160	5586	5808	5801	5614	5654	5670	6764	6701	6869	5898	5966	5820	21586	22111	22325	2929	2816	2907	2998	2915	3037	2958	2887	2969	33005	38501	38836	15670	18377	18794	14462	15809	15642	16832	19298	18749	5551	5831	6480	3827	4112	3823	4190	4408	4552	6345	7233	7313	4213	4321	4010	6813	7166	7243	10978	11567	11391	14574	15725	15908	10036	11144	11137	2979	2979	2930	3012	2870	3111	2887	2929	2980
0:00:00																																																																																																
0:00:00																																																																																																
0:00:00																																																																																																
0:00:00																																																																																																
0:00:00																																																																																																
0:00:00																																																																																																
0:00:00																																																																																																
0:00:00																																																																																																
0:00:00																																																																																																
0:00:00																																																																																																
0:00:00																																																																																																
0:00:00																																																																																																
0:00:00																																																																																																
0:00:00																																																																																																
0:00:00																																																																																																
0:00:00																																																																																																
0:00:00																																																																																																
0:00:00																																																																																																
0:00:00																																																																																																
0:00:00																																																																																																
0:00:00																																																																																																
0:00:00																																																																																																

