EGFP:488,507

Kinetic read	A1	A2	A3	A4	A5	A6	A7	A8	A9	A10	A11	A12	B1	B2	B3	B4	B5	B6	B7	B8	B9	B10	B11	B12	C1	C2	C3	C4	C5	C6	C7	C8	C9	C10	C11	C12	D1	D2	D3	D4	D5	D6	D7	D8	D9	D10	D11	D12	E1	E2	E3	E4	E5	E6	E7	E8	E9	E10	E11	E12	F1	F2	F3	F4	F5	F6	F7	F8	F9	F10	F11	F12	G1	G2	G3	G4	G5	G6	G7	G8	G9	G10	G11	G12	H1	H2	H3	H4	H5	H6	H7	H8	H9	H10	H11	H12
0:08:36	98	96	116	122	143	119	113	128	124	121	137	99	136	148	122	127	125	80	137	109	140	113	113	116	92	135	127	126	121	119	156	145	167	93	126	132	109	130	131	145	123	128	119	106	119	150	133	135	98	138	98	110	121	126	125	112	136	108	136	101	117	128	115	115	108	121	139	132	130	81	146	127	97	132	122	114	119	100	98	119	122	126	113	148	115	137	117	129	141	98	99	127	131	80	103	87
0:18:36	133	136	152	124	128	111	116	132	109	119	129	94	122	105	135	149	121	95	95	145	130	88	124	127	84	106	97	150	120	109	153	147	146	117	131	114	122	134	86	149	140	120	112	124	113	105	125	128	108	119	125	125	117	140	86	102	107	141	147	137	145	129	117	138	105	116	110	84	125	126	144	113	108	132	117	122	101	104	160	141	142	114	112	142	138	125	107	156	109	103	97	124	142	101	103	80
0:28:36	96	147	123	108	88	108	112	130	82	140	113	159	103	125	130	116	135	112	104	108	127	103	90	130	109	104	107	124	115	120	147	129	115	145	117	150	113	141	110	129	142	154	102	136	140	106	127	99	141	122	126	137	116	92	109	116	131	142	130	153	135	152	111	141	148	128	112	111	139	135	144	129	106	129	110	129	141	136	127	157	148	147	122	130	125	137	115	158	103	94	118	119	122	122	54	82
0:38:36	119	76	116	77	109	99	111	152	104	128	134	147	134	114	150	148	114	101	151	111	138	67	121	119	85	156	110	134	67	108	162	140	122	126	102	110	118	100	114	165	158	138	134	127	114	116	119	117	128	129	117	131	104	109	135	116	115	158	125	115	163	137	127	127	129	145	130	120	143	116	120	126	143	134	119	123	126	129	146	137	172	109	147	140	145	137	129	158	142	66	131	124	172	94	89	85
0:48:36	123	107	148	129	149	128	126	128	113	157	139	131	127	115	120	110	112	130	111	83	129	121	133	129	97	91	91	127	97	103	145	175	157	121	113	126	93	99	124	125	122	125	101	127	132	115	90	107	104	64	126	135	102	124	123	144	125	118	167	130	126	143	163	77	127	94	121	132	109	109	148	128	118	131	126	135	109	110	166	159	178	98	148	121	144	141	153	149	150	118	120	121	123	84	61	102
0:58:36	111	136	138	110	121	114	114	142	118	121	140	136	114	146	130	137	157	102	146	118	114	129	137	121	124	126	114	104	135	143	161	149	147	161	124	112	120	150	118	173	135	154	133	134	135	87	109	112	113	132	91	96	136	122	131	117	145	112	157	146	143	159	176	120	106	122	133	122	161	122	132	146	143	123	124	166	148	125	170	199	182	109	133	147	123	134	120	137	130	87	121	94	147	102	102	65
1:08:36	121	141	123	132	120	122	142	125	133	112	111	120	114	118	105	138	129	113	122	121	129	164	104	108	97	128	136	103	134	119	136	140	147	125	111	137	142	120	113	141	163	135	107	122	122	101	117	113	120	94	124	127	143	82	114	139	126	144	137	132	156	120	151	92	115	135	148	145	136	112	130	132	103	123	121	121	142	109	199	203	171	135	151	112	130	99	116	143	154	97	124	140	113	55	106	104
1:18:36	98	94	112	136	107	125	112	136	133	123	146	125	118	111	144	130	115	109	131	149	138	150	142	129	112	116	112	126	125	133	159	159	143	124	126	102	126	111	97	144	136	163	139	119	117	132	103	104	109	148	118	138	128	145	129	113	130	149	120	134	193	166	153	86	126	107	141	131	113	130	104	136	129	135	109	142	116	127	207	197	227	146	125	114	138	152	142	171	150	83	107	115	132	72	71	94
1:28:36	94	105	116	104	111	102	118	155	109	119	125	97	158	67	100	147	127	105	133	136	102	121	97	111	108	116	142	132	139	138	135	140	143	113	138	116	128	119	124	148	183	167	94	104	121	108	122	98	91	133	143	123	107	121	144	109	122	136	150	150	185	158	170	143	145	122	132	141	143	119	91	116	120	118	113	158	123	132	205	208	209	139	130	156	118	120	123	168	125	98	121	132	101	93	109	86
1:38:36	101	126	121	144	141	112	102	149	146	129	133	113	134	150	141	103	114	135	127	126	112	126	134	123	123	118	113	142	118	120	173	180	179	133	142	116	127	107	155	174	156	173	124	113	74	124	122	98	109	95	157	132	137	122	160	119	131	157	146	154	186	148	177	125	150	137	127	143	135	87	130	133	152	133	114	159	169	153	232	234	250	125	125	144	159	127	124	160	166	110	141	133	133	108	98	126
1:48:36	145	153	154	113	126	101	138	163	107	123	133	133	128	124	146	104	130	126	152	122	113	131	120	117	116	120	124	116	153	141	166	156	179	110	130	97	117	95	108	159	155	150	107	117	111	105	122	117	128	122	137	137	142	138	149	134	129	149	142	168	180	161	168	144	166	153	114	137	113	123	115	121	128	107	136	187	162	166	238	254	240	105	131	114	120	134	142	162	161	76	130	126	97	66	99	82
1:58:36	124	116	113	100	115	121	118	104	139	130	150	129	102	115	146	114	128	94	128	134	119	117	157	145	143	92	112	118	111	133	157	162	168	125	123	125	112	124	126	182	168	151	135	143	152	97	100	123	149	123	103	127	131	147	101	99	97	169	190	164	170	191	194	128	131	138	135	125	112	175	129	127	117	122	144	165	174	185	247	245	256	157	143	147	137	134	162	172	175	85	121	129	124	119	86	66
2:08:36	121	129	123	131	116	100	125	123	133	143	128	122	115	104	131	108	97	126	144	129	137	112	128	75	102	130	112	100	129	127	166	142	155	143	128	130	86	134	106	129	175	175	112	83	106	135	159	111	137	138	142	135	152	145	137	143	142	183	192	205	195	198	199	113	146	123	141	109	122	137	145	118	154	142	127	160	184	178	273	270	266	141	133	158	97	126	143	186	206	101	119	140	115	102	106	91
2:18:36	110	118	136	124	139	107	115	150	152	128	124	102	117	123	135	167	118	138	101	136	132	130	158	128	140	140	104	131	137	142	163	119	162	139	117	121	125	137	155	139	140	191	128	119	120	105	106	112	128	87	120	133	128	151	123	140	120	222	204	179	209	206	188	126	99	113	143	122	135	116	104	136	143	140	126	185	146	153	320	305	291	146	145	125	151	150	134	166	168	99	107	122	128	134	85	82
2:28:36	125	111	154	141	125	98	126	138	131	129	137	163	165	147	134	123	107	115	121	114	116	120	126	147	97	137	115	138	100	131	181	161	168	132	165	134	139	99	105	159	150	184	139	81	103	135	124	123	145	140	129	134	133	156	112	135	140	172	206	177	206	206	211	120	139	153	128	137	146	144	101	146	137	140	150	180	183	190	302	303	330	152	156	158	170	153	119	155	170	48	139	127	126	87	90	74
2:38:36	122	117	115	119	115	125	126	110	106	135	148	152	147	131	128	158	142	110	146	150	132	90	134	110	100	131	128	162	131	158	171	186	174	144	113	147	143	128	118	151	186	159	134	124	123	124	109	105	137	154	133	129	152	160	120	139	138	234	179	211	211	247	231	139	159	112	157	126	119	133	142	134	146	149	163	166	221	193	323	315	345	156	139	166	132	152	144	213	191	79	120	126	110	115	80	86
2:48:36	140	133	138	103	150	118	128	137	144	162	105	153	123	132	176	111	128	126	141	118	147	126	122	121	109	117	136	145	132	144	171	193	159	151	119	125	132	115	120	175	143	162	100	119	156	87	119	138	127	104	127	166	140	120	123	136	150	245	248	243	234	243	248	122	138	134	150	157	168	100	121	109	147	164	150	177	201	201	363	341	333	154	145	142	143	163	112	191	170	76	120	115	100	87	116	84
2:58:36	97	120	141	127	125	127	145	113	133	125	154	141	155	131	151	103	129	112	124	125	147	136	105	129	103	95	104	151	114	126	193	209	192	141	127	128	125	150	112	179	181	186	134	99	139	77	133	119	155	132	153	151	155	146	129	99	148	258	239	217	219	239	232	129	126	137	106	130	110	139	108	119	147	99	141	215	213	220	379	385	373	172	175	165	157	166	140	253	233	93	126	120	130	93	84	117
3:08:36	134	129	121	120	121	133	144	116	100	148	159	149	121	132	128	150	109	131	103	125	126	126	109	123	92	119	111	153	129	112	189	177	180	149	135	113	142	165	115	171	135	160	117	116	150	125	128	120	120	124	158	151	169	127	125	145	131	243	250	265	259	269	247	120	127	157	144	151	121	150	139	126	153	155	107	225	217	248	415	411	434	185	158	164	151	126	144	230	218	103	135	126	105	88	80	73
3:18:36	119	129	138	153	145	147	145	124	140	138	121	149	148	163	138	140	107	127	128	147	94	154	119	125	123	162	154	136	109	121	183	188	201	108	139	135	125	135	108	193	199	206	76	143	132	84	121	115	129	128	185	186	129	159	117	163	116	275	271	269	282	267	261	107	140	119	130	142	140	134	152	143	140	140	178	249	254	268	445	430	428	188	178	163	171	135	164	266	240	98	146	130	105	101	100	107
3:28:36	147	123	117	126	109	150	137	151	106	173	130	135	137	172	132	117	132	154	170	149	135	124	96	119	123	117	109	110	130	140	205	206	173	127	150	141	126	142	131	195	194	198	142	125	124	114	106	128	89	129	147	157	175	123	132	120	132	289	278	236	308	305	295	162	152	149	143	147	143	156	140	117	168	133	158	268	230	250	507	508	465	168	177	189	167	182	164	241	225	99	112	92	130	103	82	78
3:38:36	120	119	137	129	124	159	136	125	127	98	130	151	169	136	164	111	144	142	134	151	170	151	170	157	107	120	159	118	131	144	188	211	167	125	137	118	155	127	104	196	187	174	116	120	96	146	130	111	122	151	122	155	146	167	127	156	159	289	318	274	318	287	314	134	135	141	171	137	139	154	149	142	165	162	172	278	263	277	505	475	509	198	182	200	143	139	163	270	252	82	136	136	119	88	77	104
3:48:36	102	154	135	113	126	159	113	99	139	135	151	151	143	160	140	123	143	126	148	144	150	139	158	133	136	133	123	136	145	145	188	176	190	143	157	160	145	143	118	182	205	218	102	116	108	120	125	113	125	159	168	149	170	156	148	146	143	298	310	308	338	336	326	167	144	138	176	163	137	157	99	125	149	148	169	284	283	288	529	580	521	189	189	201	175	177	147	259	221	75	119	111	141	96	82	99
3:58:36	139	134	144	124	105	137	117	129	105	135	164	134	166	163	189	144	156	148	109	153	167	133	166	131	115	155	143	135	118	161	194	203	203	150	145	150	140	139	114	208	231	187	103	112	140	111	129	113	130	147	127	113	162	161	107	138	115	303	326	293	330	343	326	163	133	134	147	188	156	149	144	152	165	124	193	341	322	317	555	566	564	194	251	230	167	166	161	293	260	99	136	123	119	91	100	104
4:08:36	128	137	124	126	150	119	125	124	127	138	166	139	152	155	167	142	138	131	149	159	157	138	139	153	114	147	118	143	152	135	217	199	205	154	153	139	133	145	163	224	244	202	103	122	126	98	113	87	130	149	140	158	163	163	93	147	129	317	335	358	371	361	378	142	148	161	152	154	139	118	128	162	135	185	146	332	308	316	610	637	635	211	177	232	171	168	175	283	288	101	104	115	130	91	84	90
4:18:36	133	141	123	127	165	143	119	106	134	179	150	165	162	151	191	123	158	148	166	137	155	126	153	139	132	132	150	130	137	133	227	203	221	144	136	170	114	136	124	231	225	206	139	89	131	97	103	114	144	142	152	176	175	149	134	141	152	393	392	328	367	379	378	150	99	153	175	159	152	146	154	163	149	158	168	334	315	322	655	631	646	225	198	232	175	192	146	311	284	107	111	128	150	63	110	83
4:28:36	132	123	154	126	116	147	127	166	139	189	180	164	151	165	146	158	144	123	157	160	172	141	150	139	115	116	143	115	139	147	223	234	229	166	174	163	126	116	137	212	250	215	113	110	106	107	116	109	133	149	141	205	191	201	147	140	138	363	373	373	422	425	417	140	160	140	138	208	126	165	132	157	171	175	166	363	364	343	689	667	656	220	228	246	171	174	181	303	313	89	118	145	98	96	107	83
4:38:36	147	159	130	147	140	147	130	133	133	154	143	178	173	171	199	132	138	126	158	167	160	128	154	144	104	128	135	148	177	147	204	228	226	141	131	153	131	162	133	245	248	252	118	120	97	143	121	89	127	165	128	172	190	166	169	166	163	404	372	388	414	406	423	130	162	148	173	161	170	163	166	162	133	184	177	396	352	357	736	697	718	228	256	296	197	178	184	342	330	102	113	104	104	92	90	87
4:48:36	152	140	148	126	149	141	127	145	140	156	179	180	174	179	224	144	152	169	158	180	176	168	154	148	134	133	125	136	114	160	240	268	252	173	173	174	160	129	168	233	262	276	99	97	104	112	117	127	126	147	138	175	180	170	170	155	119	442	411	425	453	498	507	162	148	158	183	183	185	208	155	156	166	159	203	386	392	404	830	810	783	246	264	245	207	200	170	397	342	94	138	114	128	74	67	113
4:58:36	116	163	141	142	135	149	134	126	156	150	195	178	202	199	205	142	139	162	193	164	163	173	130	162	112	148	143	132	153	137	250	265	284	153	154	125	147	138	162	266	257	249	112	77	149	142	130	142	176	159	148	201	191	187	115	162	113	449	438	439	489	520	587	167	151	154	145	188	171	175	185	140	210	183	181	405	397	405	933	904	829	260	241	290	203	185	167	411	360	69	110	160	118	77	107	118
5:08:36	155	157	135	149	149	154	143	131	142	157	188	171	178	215	217	149	173	163	158	184	141	143	147	138	124	140	144	129	147	130	283	280	278	129	198	163	142	152	138	270	304	247	94	110	140	106	90	123	144	152	156	185	200	203	187	156	154	520	487	438	517	582	675	156	173	163	165	172	170	149	171	147	216	200	214	451	443	386	1170	1047	912	295	294	285	235	168	198	478	350	74	127	148	111	47	85	99
5:18:36	164	172	171	152	159	135	110	143	140	161	163	174	184	221	222	150	136	150	190	174	157	144	149	156	129	163	164	118	129	162	265	289	333	151	173	179	143	144	150	267	302	278	114	125	115	128	134	132	141	177	128	234	198	210	156	161	150	504	509	469	541	614	719	152	173	191	211	185	199	152	173	160	207	222	208	458	475	438	1270	1130	1008	282	286	288	204	205	212	526	408	75	116	109	123	84	104	101
5:28:36	154	132	144	164	136	152	152	153	122	165	200	189	189	243	235	151	170	167	190	197	189	157	157	126	167	140	155	149	159	153	301	326	320	182	185	175	150	162	162	278	275	308	132	96	116	126	109	132	150	155	171	209	248	214	163	165	101	583	503	510	583	700	777	197	173	176	203	177	202	174	161	165	173	207	219	583	509	467	1410	1333	1172	319	298	302	220	245	195	548	382	68	115	134	132	75	90	67
5:38:36	150	132	184	163	128	136	139	124	154	183	164	176	216	205	218	134	143	158	184	197	181	170	138	195	146	156	147	148	176	164	306	326	311	162	173	181	133	165	143	289	329	335	120	123	111	101	78	112	176	162	145	218	217	219	151	170	167	627	503	548	644	738	795	153	175	175	199	189	213	187	188	190	224	229	259	691	555	505	1619	1387	1308	315	322	300	225	189	233	549	494	69	147	141	115	87	64	80
5:48:36	163	148	150	149	106	138	156	172	158	201	215	196	213	227	240	160	174	176	212	158	186	180	144	177	152	147	165	145	131	161	308	332	316	195	182	180	140	166	165	306	300	332	119	126	115	101	119	105	165	177	173	239	229	245	130	153	130	694	593	551	652	829	910	173	148	171	203	234	232	175	169	178	242	229	293	703	595	505	1754	1502	1441	319	330	317	239	211	233	577	477	95	138	129	132	92	84	98
5:58:36	165	150	157	127	140	149	158	155	115	202	234	205	217	243	287	162	160	144	185	195	203	178	156	175	188	173	210	143	159	146	336	366	326	173	187	213	150	174	166	314	318	399	133	115	110	113	92	113	159	170	175	249	248	260	163	186	174	806	646	600	758	897	987	188	188	188	208	223	223	208	165	184	240	260	312	811	627	584	1837	1684	1671	383	355	362	225	230	209	628	618	99	88	117	119	76	76	87
6:08:36	119	163	177	160	164	173	169	192	154	209	185	260	227	217	255	149	178	200	186	181	186	151	157	158	162	192	177	132	146	175	359	362	387	170	204	187	165	152	158	318	366	391	140	119	105	139	105	95	161	153	176	254	267	260	163	181	188	785	683	587	861	965	1005	188	172	224	231	233	236	153	173	185	277	264	286	864	704	664	1981	1791	1838	425	349	371	239	272	255	640	616	64	127	143	111	106	86	54
6:18:36	186	155	172	161	160	178	168	147	153	191	223	236	234	259	276	157	168	155	175	234	186	166	157	177	182	171	188	166	162	156	361	367	402	196	215	214	171	186	180	332	376	442	107	99	94	95	116	119	161	212	163	293	249	242	193	175	173	904	813	617	941	1019	1053	212	203	162	223	233	262	162	177	208	290	279	335	906	701	720	2092	1949	1965	413	376	388	202	238	242	716	675	83	105	105	131	88	112	84
6:28:36	164	180	188	155	181	159	144	159	153	225	232	231	217	251	283	159	151	170	204	205	217	167	169	182	184	148	185	151	153	177	381	473	440	218	201	214	149	177	183	348	432	454	121	125	131	126	92	159	203	158	157	265	296	244	157	197	162	949	928	648	996	1123	1111	189	199	229	251	262	240	174	242	179	272	311	342	941	744	785	2210	2144	2126	476	447	395	233	284	278	711	721	71	92	143	101	103	90	88
6:38:36	146	183	178	142	167	145	162	166	168	223	251	224	239	251	249	180	180	182	201	192	200	177	177	202	161	183	214	156	166	170	412	478	469	200	237	214	189	178	189	371	417	470	111	111	99	120	95	105	180	160	189	254	309	265	212	219	197	1004	979	701	1098	1237	1204	203	203	183	260	246	278	179	215	212	295	313	366	1005	768	875	2407	2256	2274	545	513	401	224	288	300	768	761	71	102	99	130	83	109	122
6:48:36	152	152	177	172	181	146	174	164	161	233	274	259	242	291	286	179	162	146	192	210	266	170	175	168	174	220	205	175	168	156	409	534	497	246	206	248	191	176	198	408	473	448	147	116	135	134	130	108	158	203	190	283	306	317	178	202	190	1116	1083	725	1136	1265	1237	204	204	198	275	263	307	191	204	177	310	325	401	1065	900	958	2526	2346	2374	578	561	438	273	340	277	840	792	69	139	127	102	70	76	94
6:58:36	150	179	165	135	180	164	138	188	171	214	253	238	236	299	285	152	184	174	218	226	236	202	175	179	200	201	189	172	165	179	480	517	565	233	247	268	209	191	192	425	496	494	107	110	113	103	111	111	209	200	183	307	283	284	207	199	168	1183	1160	718	1198	1323	1322	199	183	185	270	276	278	207	217	205	302	354	401	1118	932	1051	2686	2533	2556	634	610	443	268	334	304	880	842	81	112	106	115	107	100	71
7:08:36	155	156	181	156	163	178	142	197	158	251	270	257	265	305	311	177	207	188	228	235	230	187	169	168	218	209	219	194	172	167	488	523	574	263	272	255	200	227	186	428	527	541	98	92	112	82	127	99	185	162	180	262	288	309	167	216	180	1271	1222	795	1279	1424	1403	187	217	186	283	274	285	214	183	176	314	397	437	1184	975	1146	2788	2646	2711	631	656	466	303	326	330	914	897	83	120	156	138	107	69	106
7:18:36	170	157	185	180	204	167	175	161	173	255	286	267	233	311	310	205	172	192	187	266	254	175	203	165	194	223	229	175	173	209	557	579	582	290	274	250	203	234	185	460	541	550	125	134	114	129	135	125	184	193	191	305	296	308	190	174	176	1304	1309	797	1375	1469	1483	226	210	220	308	297	302	243	242	198	322	409	465	1272	1054	1237	2949	2812	2819	712	744	488	275	378	348	989	967	104	126	137	143	83	68	97
7:28:36	166	197	184	204	176	213	146	177	178	277	285	272	285	293	335	154	211	191	235	264	249	200	208	193	208	277	210	185	192	206	553	626	631	288	297	243	173	203	195	471	545	567	100	152	115	121	128	120	207	200	192	302	276	329	185	185	202	1317	1317	821	1470	1510	1520	198	201	206	314	302	299	233	205	196	370	449	484	1301	1167	1233	3085	2990	2981	721	749	498	297	386	388	983	1001	96	80	119	119	105	88	82
7:38:36	150	148	189	178	179	197	154	130	207	279	282	275	280	319	334	170	203	187	242	276	294	185	194	230	211	228	270	210	181	194	568	660	659	307	268	276	212	234	215	504	600	579	163	98	127	101	130	114	214	202	161	338	327	363	210	204	219	1340	1373	811	1537	1580	1599	257	222	231	338	324	340	226	219	207	352	462	494	1390	1255	1347	3170	3021	3032	785	774	521	304	342	387	1070	1015	78	117	125	98	86	107	108
7:48:36	158	167	191	192	206	148	161	176	179	277	313	277	286	304	338	204	209	222	267	288	291	200	237	230	230	261	246	180	192	189	586	695	696	304	306	270	210	215	226	496	627	594	105	93	127	104	113	113	207	204	171	365	329	333	191	219	178	1392	1378	814	1555	1584	1645	208	232	243	346	348	325	249	230	216	361	512	542	1465	1311	1451	3362	3109	3062	811	785	522	328	397	347	1070	1040	92	127	114	106	78	94	80
7:58:36	150	205	203	191	186	197	158	171	200	309	301	285	261	313	341	187	207	197	284	268	296	220	221	194	258	245	291	175	195	210	626	718	658	337	354	297	207	228	225	581	645	626	97	107	123	127	108	126	195	186	206	321	328	361	196	216	223	1416	1410	802	1572	1631	1692	228	231	257	342	330	358	238	233	237	382	516	557	1548	1370	1518	3433	3214	3154	849	803	573	336	431	387	1082	1102	99	142	119	131	84	77	70
8:08:36	176	202	221	182	185	202	204	202	168	297	312	323	296	342	365	195	220	210	288	319	305	190	203	226	227	244	274	217	187	215	641	726	702	319	330	308	217	209	225	553	629	583	103	102	114	114	107	77	188	207	209	347	357	350	198	246	232	1393	1427	840	1628	1673	1769	236	243	223	346	341	354	242	237	237	396	535	547	1594	1432	1607	3613	3275	3296	863	825	577	362	466	430	1115	1132	124	123	112	116	96	99	92
8:18:36	183	200	223	149	212	197	156	194	180	314	336	325	294	332	320	206	213	231	307	302	282	217	177	207	244	278	286	200	201	205	662	771	712	313	341	313	215	223	228	587	722	645	139	131	98	105	103	130	192	203	200	370	362	365	217	225	261	1438	1503	810	1680	1759	1749	230	226	248	377	363	375	222	245	236	418	600	618	1597	1500	1644	3735	3362	3337	907	882	584	377	409	495	1139	1139	90	140	122	127	65	83	104
8:28:36	223	193	224	180	238	209	185	224	233	303	348	351	295	336	378	194	232	217	293	346	329	224	243	223	256	250	320	181	212	234	687	788	712	352	373	271	263	255	253	617	760	691	101	103	127	142	99	120	196	225	215	383	373	383	248	236	241	1481	1519	835	1770	1730	1814	215	260	254	419	400	418	230	266	232	431	591	631	1659	1557	1681	3748	3396	3489	895	872	541	354	476	482	1162	1127	60	104	113	118	98	82	80
8:38:36	188	215	215	187	183	181	214	191	206	336	291	351	291	367	392	220	228	202	316	334	312	206	209	225	233	266	301	211	192	245	713	752	767	355	382	284	256	260	243	635	765	695	122	132	123	115	145	139	221	221	227	415	375	388	263	248	240	1436	1510	836	1757	1762	1869	264	255	260	392	383	401	261	266	214	421	595	635	1677	1654	1720	3797	3514	3486	903	859	561	370	501	495	1228	1176	83	106	125	113	75	93	67
8:48:36	181	222	212	188	206	197	176	207	218	361	317	317	285	330	361	196	271	220	308	325	344	253	240	251	245	269	293	175	239	217	713	761	738	395	405	322	227	233	258	639	780	725	117	117	109	98	124	126	228	238	225	427	407	384	209	224	230	1487	1552	840	1781	1800	1920	253	269	289	411	400	409	206	304	257	400	614	661	1754	1616	1735	3812	3546	3545	948	905	601	374	531	493	1267	1219	80	114	116	125	87	61	98
8:58:36	188	203	202	226	206	241	209	207	231	351	336	333	324	353	346	221	249	236	356	353	337	209	233	232	269	271	334	191	227	250	748	785	784	385	408	324	262	282	275	688	776	713	112	118	125	120	100	107	230	244	241	412	415	388	219	240	215	1505	1516	857	1869	1889	1961	249	285	250	391	424	387	240	271	244	423	606	693	1791	1694	1804	3909	3639	3574	966	942	569	411	552	524	1251	1254	80	103	140	113	89	94	80
9:08:36	190	195	188	193	194	207	210	209	203	335	374	335	276	351	351	186	231	245	339	341	334	209	207	248	260	277	363	208	215	205	732	773	766	402	371	331	252	272	302	695	785	729	121	116	123	93	112	108	216	236	204	447	387	418	256	266	243	1530	1556	825	1913	1891	1924	259	278	251	383	400	469	250	281	221	455	659	710	1839	1714	1813	3955	3616	3654	936	974	540	370	559	518	1301	1228	71	112	81	142	99	79	63
9:18:36	177	226	238	186	214	219	241	209	226	321	369	353	320	334	360	214	273	219	332	387	305	224	201	216	275	277	334	204	248	232	743	816	786	423	379	324	237	243	296	698	800	711	124	138	107	118	106	131	229	250	229	422	370	399	246	256	255	1546	1571	830	1933	1896	1993	248	285	236	440	421	419	250	256	224	475	635	724	1857	1705	1859	3997	3565	3612	939	964	598	412	471	551	1299	1226	92	143	119	138	86	77	80
9:28:36	200	210	220	185	219	218	235	213	241	332	361	343	299	358	360	184	241	225	350	373	351	228	226	216	251	296	337	187	224	250	765	828	817	397	370	330	287	266	283	716	784	715	128	111	132	102	99	113	252	257	251	481	430	445	240	268	263	1632	1620	840	1897	1912	1956	302	301	258	392	433	434	287	280	248	428	664	746	1871	1774	1913	4032	3657	3706	971	979	543	422	566	550	1353	1279	80	109	139	127	95	75	86
9:38:36	223	212	214	239	196	229	243	231	241	330	347	334	284	368	341	227	242	223	391	387	321	219	237	253	280	262	358	207	252	252	731	817	784	401	422	298	253	316	301	717	825	752	104	109	131	110	132	119	246	233	236	464	421	418	260	258	268	1598	1604	833	1948	1972	1973	241	265	279	423	431	462	238	288	251	453	703	749	1888	1773	1957	4138	3683	3722	975	1017	588	397	574	593	1357	1261	99	121	99	136	95	109	71
9:48:36	212	222	218	208	217	226	245	233	242	327	334	351	284	363	357	205	224	215	378	382	336	248	246	250	282	303	331	234	258	239	788	839	828	426	387	345	228	247	313	713	816	752	119	100	126	121	119	96	272	256	275	488	398	426	261	249	268	1613	1621	807	1990	2017	2058	279	262	258	442	423	449	255	288	234	418	720	764	1918	1838	1964	4072	3664	3814	1019	966	588	388	580	541	1382	1317	98	150	111	119	98	90	70
9:58:36	204	227	215	211	218	208	198	238	205	353	356	356	280	371	372	229	249	222	353	378	349	235	240	249	258	254	360	208	271	263	805	827	845	424	432	341	277	275	311	735	861	734	138	126	114	99	104	115	237	252	264	475	437	419	243	282	276	1588	1603	820	1914	2015	2107	282	317	266	430	457	488	229	290	232	465	798	757	1913	1866	1985	4142	3711	3830	1034	1012	597	438	514	559	1404	1284	103	100	133	111	73	64	87
10:08:36	238	202	233	261	230	201	199	224	229	347	338	361	289	352	360	229	273	240	366	368	378	193	217	266	226	266	383	242	292	259	783	850	845	419	451	320	269	297	296	736	841	750	137	138	91	97	110	141	243	279	249	474	406	436	230	232	288	1612	1672	833	1932	2054	2055	303	285	261	421	448	471	261	297	245	448	727	786	1966	1863	1994	4220	3732	3869	1065	1029	576	423	567	633	1383	1322	61	137	128	104	79	97	100
10:18:36	215	226	238	233	213	226	234	251	215	368	382	374	289	376	389	237	271	242	357	417	382	238	216	245	273	272	370	271	249	267	772	878	793	416	423	342	250	271	328	757	844	777	113	96	100	133	124	130	259	246	231	499	458	453	233	274	288	1645	1702	834	2016	2030	2093	275	289	297	461	453	488	236	300	279	421	769	785	2004	1965	2127	4336	3638	3770	1115	1057	609	402	622	615	1421	1331	68	113	99	127	100	73	76
10:28:36	184	215	219	241	236	219	220	240	222	357	363	359	305	409	349	216	250	233	352	404	397	248	268	255	300	298	417	204	280	247	797	876	811	429	432	348	256	270	343	746	851	771	136	107	149	114	126	109	290	282	255	488	440	448	294	292	301	1656	1750	835	2032	2063	2133	262	281	289	464	459	462	281	303	244	467	767	838	1990	1904	2080	4450	3788	3897	1078	1027	593	419	620	607	1406	1385	96	117	115	93	73	69	85
10:38:36	217	218	221	223	238	212	215	271	212	333	393	346	286	397	347	200	238	232	408	418	386	259	206	244	292	270	421	245	258	256	799	884	840	454	423	344	259	279	350	782	863	788	110	120	128	117	127	97	261	239	246	538	423	450	266	302	345	1629	1775	831	2012	2068	2185	285	290	274	483	466	460	233	301	256	435	763	829	1980	1872	2115	4438	3810	3955	1112	1032	630	439	642	605	1441	1373	76	138	112	145	94	77	92
10:48:36	202	225	246	228	221	226	236	237	236	354	372	369	299	386	402	199	242	227	418	395	397	263	218	261	267	300	442	248	291	278	821	874	875	421	439	344	269	272	340	776	872	805	121	138	111	115	121	125	251	236	250	521	443	453	262	307	303	1688	1800	827	1960	2062	2195	279	296	316	442	443	505	270	337	283	447	787	790	2139	1964	2168	4524	3859	4150	1157	1046	591	404	524	560	1452	1407	98	125	84	124	104	80	80
10:58:36	198	232	214	219	248	213	248	238	262	369	400	346	295	400	377	229	275	254	380	395	393	246	246	258	304	305	461	235	259	289	812	853	873	462	412	345	270	290	379	787	873	782	104	103	95	127	109	115	259	258	247	548	433	483	268	280	296	1699	1768	837	2079	2051	2223	273	276	289	468	471	485	297	334	278	436	811	803	2095	1890	2161	4532	3870	4176	1141	1111	596	423	598	625	1454	1423	77	117	120	111	86	64	100
11:08:36	227	252	233	212	237	233	253	234	268	332	376	360	290	412	380	236	232	250	406	419	407	221	232	264	283	305	438	259	279	284	820	903	857	446	464	357	298	297	341	794	881	830	110	133	130	131	116	103	266	268	273	533	450	447	269	304	308	1630	1818	816	2085	2058	2226	296	279	321	475	490	520	265	310	235	475	812	810	2056	2004	2230	4693	3859	4140	1145	1108	598	414	528	615	1493	1414	75	100	116	134	63	90	53
11:18:36	198	233	250	219	204	217	261	245	244	387	365	365	304	406	370	255	252	230	404	413	399	246	226	237	300	304	430	263	271	292	813	919	871	456	452	319	274	269	367	809	877	799	119	135	131	108	128	120	253	280	261	501	465	466	271	285	325	1667	1820	819	2037	2063	2231	277	298	291	471	478	524	284	303	288	465	854	813	2117	2043	2197	4540	3966	4167	1129	1052	592	418	627	668	1519	1399	104	153	127	117	91	77	109
11:28:36	244	236	220	234	242	235	200	249	256	376	378	356	318	421	411	237	230	257	419	408	372	217	211	254	283	308	454	249	248	279	781	883	877	454	460	370	298	312	398	786	865	809	104	111	122	120	91	120	262	246	272	545	429	461	252	338	308	1702	1822	800	2050	2054	2315	286	271	292	500	477	490	289	300	269	460	818	870	2062	1977	2277	4652	3932	4229	1120	1067	597	397	564	638	1518	1363	110	140	124	118	86	103	85
11:38:36	217	246	236	275	234	241	250	263	214	390	407	392	309	420	350	240	262	239	412	452	393	266	248	220	269	294	443	279	304	271	823	918	905	452	484	350	256	302	411	784	876	756	107	148	148	136	114	105	262	301	253	525	467	493	270	311	316	1639	1822	819	2137	2088	2255	269	293	314	482	518	482	254	315	272	480	827	810	2112	2014	2271	4701	3941	4292	1176	1100	594	424	554	658	1473	1429	83	121	135	131	70	85	95
11:48:36	242	243	224	214	228	224	252	238	229	335	397	393	304	398	387	243	276	224	429	425	413	258	247	253	269	279	469	264	276	295	837	900	912	471	456	351	272	283	389	799	884	772	118	104	115	123	119	129	272	242	278	544	472	501	255	310	346	1685	1886	836	2077	2038	2285	304	292	286	499	487	517	282	300	254	454	847	859	2139	2143	2235	4662	4026	4352	1146	1098	603	433	553	649	1499	1386	80	141	128	125	89	86	112
11:58:36	216	208	250	257	254	248	244	237	264	401	380	404	338	388	365	196	257	250	448	431	435	245	259	248	271	309	453	266	304	258	840	920	844	475	453	368	311	295	389	771	869	761	103	93	122	122	110	114	266	257	274	504	452	485	279	304	313	1736	1820	844	2168	2070	2301	307	303	304	477	518	538	286	281	251	455	849	858	2124	2117	2300	4755	3986	4337	1178	1150	564	464	540	643	1548	1367	54	138	128	148	96	101	81
12:08:36	237	225	240	217	228	227	234	252	282	385	366	354	332	392	385	277	278	256	428	436	398	248	242	259	308	286	461	258	277	264	805	899	887	449	442	376	296	300	372	779	876	762	105	125	136	138	96	138	253	279	271	535	409	477	290	323	311	1681	1834	835	2116	2101	2288	251	288	290	510	504	520	290	328	282	489	841	838	2239	2142	2249	4678	3849	4400	1179	1122	594	438	595	675	1495	1411	78	145	172	110	63	76	99
12:18:36	231	251	246	216	245	259	240	262	276	364	381	397	318	424	383	243	252	222	432	375	391	248	229	228	291	320	459	265	276	272	822	873	849	455	494	341	266	291	395	773	843	746	113	112	90	93	117	86	299	272	258	560	473	492	276	323	327	1692	1796	804	2192	2062	2272	270	287	324	486	478	516	283	318	258	455	878	859	2208	2057	2297	4659	3866	4314	1142	1103	586	499	558	643	1556	1358	68	101	143	127	85	100	61
12:28:36	223	228	253	241	209	247	251	254	259	406	386	363	305	437	356	264	251	239	431	452	393	239	229	251	284	298	497	264	294	311	779	863	866	501	470	368	290	291	397	771	873	790	107	118	120	117	115	126	274	291	314	556	450	490	250	325	293	1646	1862	828	2144	2096	2321	257	290	293	504	505	501	312	335	282	448	914	875	2221	2179	2266	4691	3875	4331	1187	1149	571	481	577	655	1534	1399	101	107	121	151	91	129	95
12:38:36	234	215	248	260	226	248	241	236	246	393	370	373	338	452	375	219	255	242	436	425	412	235	224	260	269	297	461	265	285	296	840	844	858	450	456	363	294	297	386	784	829	720	125	148	94	99	132	134	247	255	282	522	471	472	294	288	331	1647	1872	816	2143	2061	2323	267	300	302	511	531	486	304	317	275	461	845	839	2229	2176	2325	4661	3958	4305	1178	1118	610	518	563	655	1540	1343	100	129	123	116	61	70	98
12:48:36	236	205	234	253	236	229	282	278	229	393	387	375	298	490	367	233	270	240	441	436	396	252	252	241	272	313	447	282	292	265	844	872	814	465	488	366	299	291	375	766	809	748	122	126	111	123	119	125	260	284	287	561	486	482	258	342	338	1633	1883	824	2118	2147	2385	267	306	298	492	496	516	264	310	278	440	895	864	2216	2168	2332	4781	3944	4364	1164	1115	584	480	566	671	1487	1405	65	122	120	123	94	101	118
12:58:36	216	235	245	218	267	245	249	240	228	356	365	355	282	471	364	241	256	225	429	415	427	232	251	214	267	326	460	243	254	286	833	818	828	490	469	351	281	300	401	774	794	728	116	127	113	109	118	114	273	278	276	537	463	474	297	321	290	1619	1870	853	2187	2022	2361	265	281	326	526	510	506	275	285	279	462	906	864	2212	2213	2296	4706	3921	4151	1142	1133	564	479	575	688	1456	1340	60	121	116	143	91	87	106
13:08:36	217	239	254	234	246	242	239	260	250	368	369	367	298	464	400	242	247	227	422	441	418	217	262	241	288	286	465	254	263	270	816	799	807	476	503	382	322	269	376	754	761	707	99	108	111	105	131	109	273	265	283	531	454	478	277	341	339	1577	1826	800	2122	2086	2378	297	304	285	462	491	525	277	271	282	435	879	872	2258	2186	2337	4627	3682	4098	1148	1129	564	534	523	712	1447	1318	84	95	101	120	93	96	65
13:18:36	195	250	252	250	271	222	233	271	250	371	357	365	279	451	344	228	245	252	413	439	399	231	228	245	300	322	466	293	289	278	752	798	793	455	430	344	289	259	387	757	773	687	102	118	111	98	123	100	287	242	274	528	452	437	272	328	342	1565	1765	831	2148	2113	2347	260	310	288	477	508	545	295	267	277	439	878	831	2266	2174	2328	4454	3747	3997	1112	1090	589	514	567	710	1408	1343	88	135	136	130	86	93	80
13:28:36	214	194	242	251	251	198	223	246	259	356	364	350	296	424	363	235	237	245	432	427	400	222	210	244	310	297	429	263	272	288	737	797	754	473	467	342	283	289	400	725	756	693	113	140	103	131	132	130	284	251	280	521	420	482	283	336	320	1492	1705	780	2041	2034	2347	280	289	310	532	510	518	274	267	252	441	920	870	2252	2101	2366	4295	3541	3878	1127	1109	593	523	556	674	1343	1302	100	148	103	120	88	70	125
13:38:36	228	200	226	204	218	211	243	264	255	354	364	350	280	414	343	239	246	237	416	438	380	218	235	263	298	292	446	272	301	289	683	747	737	458	447	296	275	297	374	701	731	657	131	118	124	113	85	125	270	256	263	507	443	437	280	312	320	1505	1619	783	2066	2016	2262	236	268	285	475	511	537	247	295	255	457	876	833	2250	2134	2212	4243	3433	3902	1091	1046	579	556	592	626	1360	1230	104	133	135	91	76	85	84
13:48:36	249	226	228	254	244	224	256	233	232	339	358	341	303	430	366	208	227	255	423	398	387	236	237	236	265	298	446	262	277	273	703	759	717	418	433	318	285	281	384	702	711	615	133	139	132	108	105	112	238	243	259	467	398	429	330	346	336	1450	1594	773	2043	1911	2281	269	281	286	527	504	521	277	289	275	462	913	888	2157	2004	2260	4094	3316	3810	1062	1034	563	490	660	676	1289	1208	87	125	116	125	103	73	67
13:58:36	256	209	235	228	253	237	215	250	257	342	356	373	294	481	350	236	253	220	398	395	388	262	254	240	306	275	441	274	298	290	691	734	712	432	408	303	287	287	399	676	689	616	126	111	115	151	134	122	285	257	259	460	431	450	280	315	313	1388	1588	747	1963	1802	2184	274	262	264	474	482	518	267	290	261	453	896	853	2197	1978	2256	3911	3196	3734	1048	1014	564	524	655	656	1236	1182	80	97	106	82	86	68	90
14:08:36	216	225	245	222	228	235	273	255	260	353	375	295	275	433	343	227	243	224	418	409	383	241	240	244	270	303	434	266	288	288	691	717	659	437	413	312	290	272	363	638	695	624	121	94	104	107	130	134	254	249	287	471	417	455	288	291	305	1366	1503	735	1825	1819	2020	241	270	272	477	481	480	243	293	262	487	862	818	2150	2035	2200	3880	3106	3512	1014	1001	553	538	614	670	1222	1130	72	119	125	109	99	101	71
14:18:36	203	243	254	236	264	239	263	230	255	318	329	298	287	404	316	208	234	229	394	401	371	228	232	257	285	293	424	228	274	268	640	680	648	404	402	327	267	299	359	640	649	596	119	119	111	120	115	125	246	258	266	459	364	428	264	309	279	1281	1473	743	1879	1776	2008	241	284	253	479	487	493	280	278	291	454	803	787	2077	1944	2192	3734	3089	3359	1007	959	551	501	616	662	1193	1098	58	107	126	122	94	100	96
14:28:36	210	205	245	207	192	239	229	267	257	311	317	311	260	407	340	231	236	218	390	395	357	267	212	246	276	297	423	270	256	256	650	678	630	423	373	311	281	301	351	641	640	650	94	123	110	117	110	141	227	269	255	464	400	420	289	317	291	1311	1490	729	1774	1719	1916	260	277	247	482	496	489	264	255	259	443	826	788	2024	1973	2147	3614	3000	3313	959	972	537	517	630	633	1161	1078	90	133	112	95	94	99	96
14:38:36	205	223	223	214	227	206	238	237	241	343	319	304	299	380	316	245	224	217	394	383	373	224	230	255	289	278	405	246	284	278	631	665	573	386	408	343	287	296	358	617	641	603	110	102	102	106	137	135	238	234	247	444	401	423	290	293	295	1323	1469	700	1798	1710	1927	243	278	245	477	498	478	267	271	282	420	802	763	1960	1942	2072	3379	2930	3121	951	892	526	500	618	606	1114	1037	90	123	126	107	66	61	72
14:48:36	241	247	252	216	226	252	229	261	229	314	308	322	262	374	332	237	224	214	390	360	348	226	246	239	238	240	424	293	251	267	604	643	633	395	387	355	253	264	339	602	627	571	119	115	118	118	123	89	219	234	226	414	383	409	281	311	313	1274	1391	675	1735	1661	1885	264	275	263	457	455	462	286	257	258	444	762	758	1952	1881	2035	3325	2843	3044	931	864	503	489	605	656	1097	1018	82	123	129	108	90	91	100
14:58:36	220	247	231	231	253	210	238	228	228	299	315	307	294	373	348	228	252	249	387	383	334	233	215	224	286	289	375	271	274	246	584	657	627	427	348	328	257	261	334	566	635	572	115	90	114	131	122	153	257	250	247	436	371	396	288	297	301	1238	1338	700	1650	1638	1720	254	260	298	442	431	444	283	243	293	432	775	741	1913	1782	1978	3241	2727	2944	930	826	507	511	565	614	1058	969	59	101	139	120	99	114	83
15:08:36	223	231	257	217	227	232	228	257	233	308	298	290	278	382	325	241	231	236	355	347	306	235	199	251	237	257	399	267	253	284	570	629	580	391	366	308	253	299	335	580	619	581	102	125	125	147	131	134	241	262	244	426	343	378	284	298	279	1205	1281	636	1582	1561	1684	219	282	238	419	438	447	277	271	279	407	745	692	1814	1734	1904	3094	2614	2833	863	805	546	510	578	614	1027	947	107	131	123	125	91	104	100
15:18:36	237	225	250	220	241	238	250	214	252	287	307	316	287	359	304	207	247	227	361	359	344	249	234	248	267	284	387	280	272	282	573	603	584	361	372	331	277	261	327	578	640	531	125	111	115	105	129	112	258	274	244	407	378	365	269	303	297	1186	1295	644	1566	1531	1613	248	267	241	437	442	438	257	261	264	432	735	674	1765	1665	1891	3014	2542	2744	860	776	517	502	473	589	975	925	96	108	107	140	98	101	106
15:28:36	218	215	224	220	227	235	251	268	253	320	309	323	271	376	350	232	235	223	375	366	331	231	246	253	262	264	357	267	268	271	555	595	570	391	371	318	284	269	284	565	574	530	111	110	95	120	116	139	247	264	238	415	361	391	239	298	306	1171	1245	657	1552	1536	1615	267	261	245	415	418	444	243	254	263	435	694	668	1683	1668	1778	2968	2552	2704	848	756	515	484	479	585	993	902	71	139	99	93	97	73	87
15:38:36	207	235	261	232	235	206	255	246	216	296	318	269	254	335	319	238	253	244	377	327	311	236	209	214	271	281	374	236	262	268	568	584	588	397	339	328	253	265	350	586	581	564	121	125	89	115	129	140	224	258	267	418	360	364	293	280	276	1153	1201	627	1479	1489	1561	256	237	258	434	402	434	244	242	274	396	710	626	1638	1644	1733	2926	2520	2871	864	750	502	453	446	579	950	869	93	131	125	117	88	95	85
15:48:36	199	227	225	225	215	235	256	253	262	281	285	317	277	351	318	247	258	229	344	328	337	241	247	260	263	277	375	246	287	256	536	578	522	382	346	303	283	268	330	554	588	544	130	84	128	101	126	119	254	243	253	373	383	352	262	271	283	1125	1224	626	1442	1510	1517	259	289	262	425	431	405	251	264	269	408	648	569	1580	1543	1678	2834	2467	2642	819	718	475	476	515	547	906	880	69	133	120	98	82	67	87
15:58:36	221	247	228	230	218	267	246	212	220	297	341	317	272	329	328	210	242	257	359	349	334	219	212	262	268	267	381	252	246	250	558	576	551	371	370	314	259	250	313	546	591	525	146	141	110	107	131	110	236	228	248	376	335	384	266	268	266	1144	1239	626	1449	1467	1496	243	262	243	384	408	421	266	243	243	395	703	636	1572	1511	1668	2832	2447	2759	852	768	493	465	469	565	968	877	100	121	131	135	69	88	86
16:08:36	203	245	233	241	215	212	243	233	236	296	302	301	269	321	306	253	241	247	352	316	320	228	236	231	264	284	364	250	248	250	546	579	555	344	310	303	298	252	327	550	582	525	121	90	115	112	121	144	249	244	237	394	344	372	279	246	285	1155	1218	657	1422	1399	1469	250	235	253	404	379	376	272	277	263	389	628	590	1630	1505	1605	2775	2372	2707	804	721	497	473	453	577	952	865	84	153	126	159	87	58	104
16:18:36	231	214	216	234	229	225	208	241	238	311	298	285	255	357	315	188	249	233	316	332	346	240	226	240	263	261	376	242	262	257	526	545	551	380	349	293	281	266	319	550	577	519	116	77	84	122	124	136	243	242	229	374	368	368	294	283	254	1112	1226	637	1385	1408	1450	255	237	252	387	367	405	256	273	289	397	654	628	1579	1469	1577	2753	2403	2683	831	736	485	476	463	538	932	874	69	124	127	128	95	89	95
16:28:36	219	248	222	255	233	223	232	224	245	294	302	336	294	326	296	208	252	225	368	329	308	230	225	248	241	310	358	254	271	267	521	556	547	394	362	285	254	242	320	501	535	514	130	130	127	133	148	153	258	242	239	417	350	356	269	275	284	1116	1179	660	1397	1431	1443	258	263	230	415	376	387	279	251	288	421	632	626	1507	1440	1599	2727	2385	2653	756	731	490	427	417	509	908	839	89	119	127	165	118	97	88
16:38:36	234	206	240	225	197	248	225	217	233	299	298	280	270	326	328	193	221	225	334	341	343	238	244	246	254	281	345	245	249	246	518	568	544	380	366	332	250	262	298	524	583	521	118	118	107	113	111	126	226	254	256	389	368	361	260	257	274	1117	1170	649	1343	1420	1437	257	227	237	380	390	389	279	277	265	395	655	613	1447	1437	1572	2661	2400	2653	790	698	490	443	443	483	915	804	83	130	109	131	96	94	76
16:48:36	197	223	234	203	258	254	234	211	237	316	303	309	270	335	300	261	246	234	341	338	341	219	253	265	271	268	355	257	247	267	522	554	516	355	355	300	246	265	322	551	553	530	114	90	119	126	105	109	223	230	252	395	311	370	270	264	262	1087	1162	624	1374	1374	1400	266	252	256	382	348	409	276	287	266	381	615	573	1484	1390	1449	2673	2370	2610	743	711	512	435	444	501	907	834	84	135	96	116	77	60	92
16:58:36	243	237	250	249	215	211	244	228	231	312	306	304	258	311	338	223	232	233	345	344	326	218	223	235	288	281	333	267	274	235	537	581	563	344	350	308	270	259	317	514	557	534	138	134	107	93	137	110	275	260	253	368	324	366	237	261	255	1116	1163	657	1348	1385	1389	263	259	270	389	358	393	272	284	273	405	619	587	1505	1325	1441	2637	2248	2546	726	697	485	424	444	520	891	837	98	119	135	149	73	67	89
17:08:36	249	253	243	228	214	229	238	201	217	308	319	304	269	325	328	271	219	214	358	338	277	229	213	261	274	267	352	243	240	264	538	573	534	356	334	300	280	279	308	518	574	507	124	114	132	111	135	110	235	246	241	379	347	345	280	269	259	1095	1167	638	1315	1306	1373	230	238	259	392	386	390	311	258	241	385	592	565	1443	1350	1397	2624	2274	2594	758	678	510	430	460	464	878	826	101	135	110	97	83	57	83
17:18:36	195	235	246	223	226	233	219	226	229	261	284	276	302	329	317	205	210	230	320	309	315	237	215	242	243	266	336	231	258	232	478	552	546	359	345	307	260	263	316	538	562	485	131	118	119	116	119	101	195	246	250	383	361	386	285	261	272	1068	1171	629	1338	1308	1341	242	278	239	363	403	351	235	252	264	382	563	584	1397	1320	1412	2630	2235	2504	750	692	460	424	419	489	869	783	69	131	122	123	80	74	68
17:28:36	205	210	240	227	221	230	225	234	239	304	335	290	275	316	313	229	228	231	333	329	291	252	243	234	264	287	371	247	248	258	506	543	535	349	345	304	285	264	280	526	538	517	95	115	107	104	134	126	255	239	246	357	351	386	270	258	254	1089	1149	647	1295	1298	1351	243	252	273	372	376	373	267	259	262	418	593	568	1405	1288	1417	2600	2205	2469	755	679	493	424	432	494	859	793	78	117	135	101	65	50	77
17:38:36	225	244	227	228	211	199	232	221	232	302	289	285	272	307	322	198	260	243	330	362	334	208	208	240	269	272	336	218	253	235	506	541	523	357	392	325	258	266	282	508	556	495	124	117	125	104	109	143	218	243	238	365	349	342	258	264	278	1051	1147	641	1287	1279	1330	214	257	241	382	383	358	272	262	261	399	592	566	1378	1220	1390	2468	2182	2559	704	657	504	404	444	443	882	812	101	146	124	118	106	94	84
17:48:36	228	236	230	235	230	218	252	250	218	295	314	317	304	334	352	267	238	215	352	337	321	245	244	264	259	283	317	207	240	270	516	549	519	344	340	301	243	272	305	525	547	508	119	100	97	116	115	110	229	225	237	357	360	333	258	252	259	1107	1131	620	1266	1295	1305	254	234	245	386	376	381	299	306	257	385	544	550	1402	1267	1373	2569	2138	2500	710	682	500	417	425	474	859	779	87	141	111	113	84	69	99
17:58:36	224	260	255	216	213	258	229	231	231	286	315	269	260	310	304	229	237	257	326	348	320	240	250	231	258	277	335	234	233	236	546	538	520	342	329	290	288	251	275	500	537	508	105	106	124	105	114	102	257	229	239	364	351	367	236	258	269	1062	1142	637	1206	1282	1305	242	227	255	370	354	390	260	215	282	409	583	518	1373	1254	1356	2514	2158	2525	730	684	465	421	471	475	846	785	89	104	115	118	108	96	73
18:08:36	214	233	237	229	244	229	224	216	251	253	306	299	267	312	326	230	248	249	336	295	303	207	266	225	257	278	351	235	249	234	520	552	520	344	348	300	265	276	308	501	558	493	120	114	101	97	95	115	243	234	232	394	334	333	273	279	258	1052	1118	636	1233	1221	1291	272	234	249	377	372	352	286	277	255	397	551	569	1308	1279	1338	2430	2141	2464	731	625	474	428	427	440	869	818	90	126	126	114	86	93	77
18:18:36	217	246	265	225	228	230	239	203	240	295	287	303	263	331	334	220	248	247	326	323	309	211	246	235	273	267	342	246	236	282	494	530	513	336	346	314	257	252	303	465	520	487	126	114	145	131	121	108	263	244	247	389	352	349	253	278	249	1047	1119	660	1238	1268	1261	252	251	254	378	375	370	255	255	263	382	538	547	1371	1289	1326	2414	2152	2437	686	641	481	399	386	470	852	788	76	95	120	109	96	73	99
18:28:36	224	255	257	228	219	207	211	213	240	295	297	281	268	317	317	222	240	249	332	329	323	223	257	248	255	297	333	260	245	253	517	516	529	343	345	324	272	260	303	517	531	473	131	112	124	139	129	109	248	238	238	347	340	331	265	269	257	1048	1116	612	1227	1278	1277	247	245	231	356	370	379	266	257	253	399	567	534	1343	1251	1342	2359	2101	2460	700	654	483	416	411	475	854	766	86	96	127	108	93	96	82
18:38:36	206	234	223	224	242	222	243	258	242	292	291	277	298	300	322	195	250	213	336	292	294	209	201	247	276	293	337	236	268	246	507	540	514	346	367	300	264	270	275	494	532	487	101	112	84	98	112	112	248	224	233	369	359	351	263	263	252	1050	1112	654	1243	1271	1278	225	268	225	358	356	398	257	283	243	418	532	537	1377	1257	1359	2399	2141	2481	730	671	466	399	405	471	826	800	95	99	115	110	110	90	104
18:48:36	236	221	237	235	236	232	236	234	263	289	320	306	277	312	286	218	218	261	328	315	326	231	224	210	264	265	327	253	259	243	511	566	498	367	340	285	264	266	298	510	522	512	103	134	122	116	101	104	242	234	237	361	328	380	250	274	257	1077	1151	656	1227	1228	1276	242	244	263	340	368	379	254	260	260	405	559	562	1377	1237	1333	2399	2120	2472	767	656	506	402	396	460	842	742	76	106	113	125	74	94	64
18:58:36	197	239	265	218	229	195	232	254	212	317	321	285	268	344	346	214	243	251	325	307	312	227	256	256	250	268	329	241	228	268	525	537	468	386	321	296	264	285	291	515	546	504	113	90	138	100	108	94	207	221	250	357	360	358	264	296	253	1072	1110	628	1225	1257	1253	241	250	262	378	363	385	283	275	304	384	515	512	1341	1217	1272	2364	2062	2486	698	645	460	441	411	426	782	756	92	127	112	98	69	96	79
19:08:36	207	233	261	233	196	222	259	227	257	308	271	315	282	336	316	192	225	247	301	300	298	227	251	232	265	280	349	260	249	266	483	518	501	372	351	307	301	272	291	487	531	448	116	100	130	129	113	142	240	219	251	361	352	339	245	275	259	1018	1112	651	1189	1204	1227	227	243	267	372	392	371	268	237	267	382	510	538	1304	1213	1316	2396	2121	2484	697	659	486	417	381	431	842	732	82	125	129	127	71	59	93
19:18:36	218	213	221	220	240	259	204	253	222	289	290	302	293	333	320	238	246	240	319	308	304	255	218	253	266	256	315	257	221	279	495	520	482	344	329	323	259	275	334	502	558	516	101	108	90	111	109	128	245	246	239	365	314	314	263	287	228	1064	1097	645	1202	1181	1264	261	251	246	340	366	327	290	249	252	425	540	519	1309	1192	1281	2355	2001	2334	728	648	445	386	366	425	808	752	93	110	129	118	82	72	76
19:28:36	241	266	267	248	228	226	213	237	213	287	308	290	275	306	323	210	243	236	327	336	341	232	240	241	234	289	346	230	218	255	512	504	501	327	336	324	240	265	289	524	549	470	152	127	114	120	90	134	233	242	264	350	339	338	272	278	276	1028	1104	642	1164	1192	1212	263	268	223	373	378	347	280	245	249	420	520	523	1322	1212	1312	2287	2010	2345	686	615	488	382	426	446	822	735	72	133	116	105	87	73	73
19:38:36	226	199	242	236	234	236	208	225	213	300	307	299	281	362	312	239	231	248	311	310	290	222	225	274	242	256	317	263	260	256	491	516	487	354	323	297	250	261	296	487	532	480	117	136	143	137	130	115	239	240	215	360	324	353	258	292	254	1041	1105	631	1165	1181	1241	256	232	252	359	342	344	271	236	263	395	518	505	1312	1210	1251	2304	2045	2305	711	617	474	428	437	447	811	750	63	147	134	88	107	87	99
19:48:36	218	223	227	215	223	233	241	214	233	284	318	287	255	314	304	246	247	211	332	324	351	223	244	247	276	272	323	239	254	247	509	485	496	331	326	283	271	250	289	504	513	471	126	116	110	108	95	116	256	242	227	345	337	369	275	240	257	1050	1068	616	1199	1237	1262	260	272	271	341	373	351	255	243	266	408	495	536	1309	1242	1258	2268	2063	2342	699	646	474	419	406	435	777	776	97	117	126	128	61	96	112
19:58:36	230	258	263	214	236	242	229	234	272	294	306	304	294	326	344	244	250	253	323	349	331	238	237	265	244	254	323	246	261	260	507	512	502	362	344	321	248	287	299	507	522	479	114	131	121	99	99	95	240	227	244	331	334	345	278	283	264	1045	1080	633	1156	1167	1256	257	231	251	362	323	366	295	261	263	378	519	533	1299	1212	1261	2253	2013	2361	698	628	483	421	422	434	814	751	85	127	125	107	97	100	114
20:08:36	224	227	253	210	228	227	232	222	235	276	304	299	271	332	335	245	235	254	329	344	293	236	279	238	272	275	334	271	223	244	472	506	504	357	334	326	254	250	265	511	507	486	128	120	127	117	106	112	239	246	277	339	336	328	255	264	233	1042	1056	631	1147	1207	1230	232	232	245	315	365	356	277	263	275	400	512	519	1310	1169	1242	2278	2030	2322	666	612	490	386	366	441	798	721	87	106	121	128	99	92	64
20:18:36	206	192	242	228	242	237	237	199	258	275	285	288	272	293	330	223	227	231	324	300	332	220	218	247	241	245	307	208	250	233	496	510	508	333	328	307	276	257	282	488	535	476	100	124	128	122	140	140	245	237	227	361	334	343	269	280	256	1056	1082	641	1130	1168	1183	257	263	228	362	356	350	276	243	245	393	500	507	1319	1166	1238	2220	2064	2304	690	622	469	425	414	430	760	719	90	144	147	122	78	96	130
0:00:00																																																																																																
0:00:00																																																																																																
0:00:00																																																																																																
0:00:00																																																																																																
0:00:00																																																																																																
0:00:00																																																																																																
0:00:00																																																																																																
0:00:00																																																																																																
0:00:00																																																																																																
0:00:00																																																																																																
0:00:00																																																																																																
0:00:00																																																																																																
0:00:00																																																																																																
0:00:00																																																																																																
0:00:00																																																																																																
0:00:00																																																																																																
0:00:00																																																																																																
0:00:00																																																																																																
0:00:00																																																																																																
0:00:00																																																																																																
0:00:00																																																																																																
0:00:00																																																																																																
0:00:00																																																																																																
0:00:00																																																																																																
0:00:00																																																																																																
0:00:00																																																																																																
0:00:00																																																																																																
0:00:00																																																																																																
0:00:00																																																																																																
0:00:00																																																																																																
0:00:00																																																																																																
0:00:00																																																																																																

