600

Kinetic read	A1	A2	A3	A4	A5	A6	A7	A8	A9	A10	A11	A12	B1	B2	B3	B4	B5	B6	B7	B8	B9	B10	B11	B12	C1	C2	C3	C4	C5	C6	C7	C8	C9	C10	C11	C12	D1	D2	D3	D4	D5	D6	D7	D8	D9	D10	D11	D12	E1	E2	E3	E4	E5	E6	E7	E8	E9	E10	E11	E12	F1	F2	F3	F4	F5	F6	F7	F8	F9	F10	F11	F12	G1	G2	G3	G4	G5	G6	G7	G8	G9	G10	G11	G12	H1	H2	H3	H4	H5	H6	H7	H8	H9	H10	H11	H12
0:06:43	0.141	0.145	0.151	0.141	0.146	0.148	0.143	0.147	0.154	0.148	0.159	0.166	0.139	0.138	0.150	0.151	0.155	0.157	0.153	0.154	0.149	0.159	0.165	0.164	0.127	0.137	0.143	0.143	0.139	0.144	0.155	0.160	0.158	0.146	0.151	0.154	0.128	0.144	0.137	0.149	0.153	0.154	0.126	0.125	0.126	0.129	0.127	0.137	0.143	0.147	0.152	0.149	0.147	0.151	0.156	0.155	0.145	0.152	0.159	0.166	0.147	0.152	0.149	0.185	0.163	0.160	0.147	0.148	0.148	0.166	0.165	0.194	0.153	0.143	0.145	0.143	0.145	0.143	0.160	0.159	0.156	0.157	0.155	0.173	0.146	0.140	0.139	0.156	0.155	0.121	0.131	0.126	0.121	0.127	0.130	0.128
0:16:43	0.142	0.146	0.151	0.141	0.149	0.153	0.146	0.147	0.156	0.150	0.168	0.171	0.139	0.140	0.152	0.151	0.156	0.158	0.154	0.154	0.149	0.161	0.166	0.165	0.130	0.138	0.144	0.143	0.143	0.145	0.156	0.161	0.158	0.146	0.153	0.161	0.129	0.145	0.138	0.151	0.164	0.157	0.126	0.125	0.125	0.128	0.127	0.136	0.145	0.151	0.153	0.152	0.149	0.152	0.155	0.158	0.146	0.156	0.160	0.165	0.147	0.152	0.151	0.163	0.166	0.163	0.147	0.148	0.150	0.165	0.165	0.191	0.153	0.146	0.145	0.144	0.146	0.145	0.160	0.160	0.157	0.158	0.157	0.175	0.157	0.141	0.141	0.158	0.157	0.121	0.130	0.125	0.122	0.127	0.130	0.128
0:26:43	0.142	0.145	0.151	0.142	0.148	0.154	0.142	0.147	0.156	0.151	0.164	0.171	0.140	0.141	0.155	0.153	0.157	0.159	0.154	0.155	0.150	0.173	0.168	0.166	0.141	0.140	0.145	0.143	0.141	0.146	0.157	0.162	0.160	0.147	0.157	0.169	0.131	0.146	0.139	0.151	0.155	0.160	0.125	0.124	0.125	0.128	0.126	0.136	0.146	0.150	0.154	0.154	0.152	0.154	0.154	0.157	0.149	0.156	0.161	0.165	0.148	0.154	0.154	0.165	0.170	0.164	0.147	0.149	0.150	0.167	0.168	0.190	0.153	0.140	0.145	0.144	0.147	0.146	0.161	0.163	0.159	0.159	0.159	0.170	0.162	0.142	0.142	0.160	0.158	0.121	0.130	0.125	0.125	0.127	0.129	0.128
0:36:43	0.143	0.146	0.152	0.145	0.147	0.152	0.142	0.148	0.156	0.152	0.169	0.175	0.140	0.142	0.151	0.159	0.159	0.162	0.154	0.156	0.151	0.165	0.173	0.167	0.137	0.141	0.145	0.144	0.145	0.147	0.158	0.167	0.165	0.149	0.156	0.167	0.133	0.147	0.140	0.152	0.160	0.163	0.125	0.124	0.125	0.128	0.126	0.136	0.148	0.151	0.153	0.162	0.150	0.155	0.154	0.160	0.149	0.158	0.163	0.166	0.149	0.156	0.155	0.177	0.171	0.166	0.148	0.151	0.152	0.169	0.167	0.191	0.153	0.142	0.147	0.146	0.148	0.147	0.163	0.163	0.160	0.160	0.161	0.169	0.166	0.143	0.150	0.162	0.164	0.122	0.129	0.124	0.123	0.127	0.129	0.128
0:46:43	0.152	0.145	0.152	0.151	0.147	0.153	0.143	0.148	0.156	0.155	0.192	0.178	0.144	0.142	0.150	0.162	0.163	0.172	0.154	0.158	0.151	0.175	0.182	0.169	0.149	0.143	0.148	0.145	0.145	0.149	0.160	0.180	0.170	0.151	0.160	0.179	0.133	0.148	0.140	0.153	0.162	0.166	0.124	0.123	0.125	0.127	0.126	0.136	0.151	0.153	0.155	0.166	0.154	0.159	0.154	0.161	0.150	0.161	0.166	0.168	0.150	0.156	0.156	0.180	0.177	0.169	0.151	0.152	0.153	0.173	0.171	0.190	0.153	0.148	0.149	0.146	0.149	0.149	0.164	0.166	0.162	0.162	0.163	0.168	0.167	0.143	0.146	0.164	0.162	0.122	0.129	0.124	0.123	0.127	0.129	0.127
0:56:43	0.190	0.146	0.153	0.153	0.148	0.156	0.144	0.150	0.156	0.164	0.183	0.191	0.149	0.145	0.150	0.179	0.167	0.175	0.154	0.159	0.152	0.185	0.181	0.171	0.156	0.144	0.149	0.146	0.146	0.156	0.161	0.176	0.165	0.151	0.160	0.187	0.136	0.149	0.142	0.159	0.162	0.167	0.124	0.123	0.125	0.127	0.126	0.136	0.155	0.156	0.158	0.172	0.156	0.162	0.167	0.165	0.150	0.164	0.168	0.170	0.155	0.158	0.157	0.188	0.179	0.170	0.151	0.154	0.155	0.176	0.173	0.193	0.153	0.148	0.152	0.148	0.151	0.151	0.167	0.169	0.164	0.164	0.165	0.168	0.170	0.145	0.145	0.165	0.163	0.123	0.128	0.124	0.126	0.126	0.129	0.127
1:06:43	0.204	0.163	0.153	0.157	0.154	0.160	0.145	0.150	0.157	0.177	0.204	0.205	0.155	0.150	0.152	0.195	0.175	0.199	0.156	0.162	0.154	0.187	0.178	0.174	0.163	0.146	0.155	0.149	0.150	0.153	0.164	0.173	0.168	0.153	0.161	0.179	0.136	0.153	0.143	0.168	0.164	0.169	0.124	0.123	0.125	0.127	0.126	0.136	0.157	0.159	0.164	0.172	0.161	0.168	0.169	0.168	0.152	0.167	0.174	0.173	0.158	0.161	0.158	0.180	0.181	0.176	0.154	0.155	0.157	0.186	0.176	0.192	0.154	0.146	0.154	0.150	0.153	0.152	0.169	0.171	0.167	0.165	0.167	0.170	0.169	0.152	0.147	0.168	0.168	0.123	0.128	0.124	0.122	0.126	0.129	0.127
1:16:43	0.208	0.179	0.155	0.155	0.165	0.168	0.148	0.152	0.158	0.178	0.204	0.211	0.161	0.148	0.154	0.198	0.192	0.194	0.157	0.164	0.162	0.192	0.182	0.178	0.189	0.151	0.156	0.152	0.149	0.155	0.166	0.175	0.172	0.155	0.165	0.189	0.136	0.153	0.145	0.180	0.170	0.171	0.124	0.123	0.124	0.127	0.126	0.135	0.161	0.161	0.166	0.172	0.165	0.170	0.159	0.170	0.153	0.171	0.175	0.177	0.163	0.163	0.161	0.189	0.185	0.180	0.157	0.158	0.160	0.182	0.181	0.192	0.156	0.149	0.157	0.153	0.156	0.152	0.173	0.175	0.169	0.166	0.168	0.172	0.168	0.150	0.149	0.172	0.170	0.123	0.128	0.123	0.120	0.126	0.129	0.127
1:26:43	0.207	0.184	0.177	0.160	0.173	0.184	0.149	0.155	0.164	0.189	0.204	0.208	0.174	0.156	0.155	0.199	0.196	0.194	0.162	0.167	0.180	0.196	0.189	0.181	0.197	0.154	0.158	0.156	0.153	0.156	0.168	0.179	0.176	0.160	0.167	0.168	0.138	0.154	0.147	0.184	0.173	0.174	0.124	0.122	0.124	0.127	0.125	0.135	0.164	0.164	0.171	0.172	0.167	0.172	0.161	0.174	0.159	0.175	0.178	0.184	0.163	0.170	0.166	0.198	0.189	0.181	0.157	0.159	0.164	0.187	0.186	0.194	0.158	0.152	0.159	0.155	0.159	0.154	0.176	0.180	0.175	0.170	0.170	0.175	0.171	0.150	0.151	0.176	0.175	0.123	0.128	0.123	0.120	0.126	0.129	0.127
1:36:43	0.199	0.211	0.196	0.171	0.191	0.212	0.158	0.181	0.170	0.197	0.198	0.209	0.183	0.158	0.159	0.197	0.196	0.195	0.174	0.168	0.188	0.191	0.196	0.190	0.194	0.161	0.162	0.161	0.165	0.158	0.173	0.190	0.182	0.164	0.171	0.174	0.141	0.158	0.151	0.188	0.176	0.181	0.124	0.122	0.124	0.127	0.126	0.136	0.171	0.170	0.177	0.173	0.171	0.176	0.164	0.175	0.161	0.179	0.183	0.185	0.167	0.171	0.169	0.201	0.195	0.186	0.160	0.165	0.164	0.187	0.188	0.198	0.160	0.156	0.163	0.157	0.162	0.156	0.184	0.184	0.179	0.175	0.176	0.180	0.171	0.151	0.153	0.179	0.182	0.123	0.128	0.123	0.144	0.126	0.129	0.127
1:46:43	0.211	0.208	0.219	0.177	0.208	0.218	0.163	0.189	0.187	0.200	0.219	0.206	0.201	0.163	0.163	0.193	0.200	0.204	0.193	0.172	0.212	0.194	0.203	0.194	0.194	0.173	0.167	0.167	0.164	0.161	0.177	0.198	0.184	0.166	0.175	0.175	0.144	0.162	0.155	0.191	0.182	0.185	0.123	0.123	0.124	0.127	0.126	0.135	0.178	0.174	0.179	0.176	0.175	0.178	0.168	0.177	0.163	0.182	0.186	0.189	0.174	0.176	0.173	0.202	0.203	0.192	0.163	0.167	0.167	0.193	0.196	0.199	0.163	0.160	0.167	0.163	0.165	0.162	0.189	0.189	0.184	0.178	0.186	0.183	0.170	0.155	0.155	0.184	0.184	0.122	0.128	0.123	0.120	0.126	0.129	0.127
1:56:43	0.222	0.213	0.227	0.182	0.206	0.219	0.169	0.205	0.203	0.189	0.200	0.225	0.174	0.169	0.169	0.188	0.203	0.203	0.200	0.176	0.202	0.199	0.208	0.202	0.184	0.176	0.170	0.168	0.171	0.163	0.182	0.196	0.191	0.171	0.180	0.181	0.149	0.165	0.158	0.189	0.184	0.191	0.123	0.122	0.124	0.126	0.125	0.135	0.182	0.177	0.183	0.182	0.179	0.184	0.169	0.182	0.167	0.189	0.192	0.193	0.185	0.179	0.178	0.205	0.208	0.201	0.167	0.170	0.170	0.198	0.199	0.208	0.166	0.162	0.172	0.167	0.169	0.166	0.191	0.193	0.188	0.180	0.187	0.187	0.176	0.156	0.163	0.191	0.190	0.122	0.128	0.123	0.120	0.126	0.129	0.127
2:06:43	0.211	0.214	0.226	0.180	0.196	0.220	0.177	0.203	0.208	0.189	0.220	0.244	0.165	0.173	0.173	0.195	0.210	0.208	0.198	0.180	0.192	0.203	0.213	0.208	0.183	0.170	0.174	0.169	0.172	0.167	0.189	0.224	0.196	0.175	0.184	0.188	0.149	0.168	0.164	0.192	0.191	0.196	0.124	0.122	0.124	0.126	0.126	0.135	0.188	0.185	0.188	0.184	0.186	0.189	0.173	0.184	0.169	0.194	0.196	0.200	0.186	0.183	0.183	0.210	0.216	0.207	0.172	0.172	0.174	0.205	0.209	0.208	0.170	0.171	0.177	0.172	0.172	0.171	0.197	0.198	0.193	0.186	0.192	0.191	0.168	0.159	0.164	0.195	0.196	0.122	0.128	0.123	0.120	0.126	0.129	0.127
2:16:43	0.230	0.190	0.223	0.185	0.189	0.224	0.185	0.193	0.205	0.190	0.221	0.239	0.166	0.176	0.177	0.198	0.219	0.216	0.191	0.185	0.207	0.208	0.218	0.214	0.169	0.167	0.178	0.170	0.177	0.172	0.195	0.236	0.203	0.181	0.190	0.193	0.153	0.168	0.167	0.193	0.197	0.202	0.123	0.122	0.124	0.126	0.125	0.136	0.192	0.191	0.192	0.191	0.193	0.195	0.177	0.188	0.172	0.201	0.203	0.211	0.186	0.188	0.189	0.218	0.224	0.212	0.174	0.177	0.177	0.214	0.212	0.213	0.174	0.174	0.182	0.175	0.175	0.173	0.203	0.206	0.199	0.192	0.196	0.196	0.170	0.170	0.171	0.202	0.201	0.122	0.128	0.123	0.120	0.126	0.129	0.127
2:26:43	0.194	0.189	0.204	0.186	0.194	0.216	0.186	0.197	0.204	0.198	0.213	0.217	0.168	0.180	0.184	0.206	0.228	0.225	0.205	0.190	0.204	0.215	0.226	0.225	0.173	0.172	0.182	0.176	0.177	0.176	0.200	0.241	0.208	0.186	0.196	0.199	0.156	0.175	0.172	0.197	0.205	0.209	0.123	0.122	0.124	0.126	0.125	0.135	0.199	0.196	0.200	0.198	0.198	0.199	0.180	0.194	0.178	0.207	0.211	0.213	0.195	0.195	0.195	0.221	0.232	0.219	0.178	0.182	0.181	0.219	0.220	0.221	0.178	0.176	0.187	0.178	0.178	0.179	0.210	0.212	0.206	0.196	0.201	0.202	0.174	0.173	0.170	0.208	0.207	0.122	0.127	0.123	0.120	0.126	0.129	0.127
2:36:43	0.193	0.197	0.204	0.188	0.196	0.209	0.182	0.183	0.212	0.203	0.223	0.225	0.173	0.185	0.188	0.214	0.238	0.236	0.206	0.194	0.209	0.224	0.236	0.234	0.158	0.177	0.184	0.184	0.184	0.182	0.209	0.220	0.215	0.189	0.201	0.208	0.159	0.179	0.173	0.200	0.212	0.218	0.124	0.122	0.124	0.126	0.125	0.135	0.204	0.206	0.206	0.203	0.206	0.206	0.186	0.198	0.182	0.215	0.220	0.228	0.193	0.200	0.201	0.232	0.241	0.227	0.185	0.187	0.187	0.227	0.229	0.226	0.183	0.180	0.191	0.183	0.183	0.185	0.218	0.218	0.212	0.203	0.204	0.205	0.175	0.171	0.173	0.216	0.214	0.122	0.127	0.123	0.120	0.126	0.129	0.127
2:46:43	0.198	0.205	0.211	0.196	0.201	0.208	0.186	0.190	0.211	0.213	0.232	0.237	0.180	0.192	0.198	0.221	0.248	0.248	0.197	0.200	0.201	0.235	0.247	0.244	0.163	0.182	0.190	0.193	0.184	0.189	0.214	0.253	0.225	0.198	0.209	0.215	0.165	0.184	0.180	0.207	0.224	0.229	0.124	0.122	0.124	0.126	0.125	0.135	0.214	0.217	0.210	0.209	0.211	0.214	0.191	0.202	0.191	0.225	0.228	0.228	0.201	0.208	0.206	0.241	0.251	0.238	0.188	0.193	0.192	0.236	0.240	0.233	0.188	0.187	0.197	0.189	0.188	0.190	0.225	0.226	0.221	0.210	0.210	0.212	0.181	0.178	0.179	0.223	0.222	0.122	0.127	0.123	0.120	0.126	0.129	0.127
2:56:43	0.207	0.212	0.220	0.203	0.208	0.219	0.190	0.197	0.208	0.221	0.241	0.247	0.184	0.198	0.205	0.230	0.261	0.258	0.205	0.205	0.200	0.244	0.257	0.257	0.168	0.189	0.197	0.209	0.190	0.195	0.222	0.237	0.235	0.204	0.217	0.223	0.170	0.189	0.181	0.214	0.233	0.237	0.123	0.122	0.123	0.126	0.125	0.135	0.223	0.225	0.216	0.217	0.221	0.222	0.198	0.207	0.196	0.234	0.238	0.242	0.208	0.217	0.215	0.254	0.261	0.248	0.195	0.199	0.199	0.251	0.250	0.243	0.194	0.194	0.201	0.196	0.193	0.193	0.234	0.235	0.230	0.216	0.219	0.217	0.184	0.180	0.184	0.233	0.231	0.122	0.127	0.123	0.120	0.126	0.129	0.127
3:06:43	0.215	0.221	0.229	0.209	0.215	0.221	0.194	0.205	0.213	0.230	0.250	0.257	0.190	0.208	0.215	0.240	0.273	0.270	0.210	0.210	0.208	0.255	0.268	0.271	0.173	0.198	0.203	0.209	0.196	0.201	0.233	0.245	0.247	0.212	0.227	0.232	0.176	0.194	0.187	0.224	0.241	0.247	0.124	0.122	0.124	0.127	0.125	0.135	0.230	0.234	0.225	0.225	0.232	0.232	0.208	0.215	0.201	0.244	0.249	0.258	0.216	0.224	0.223	0.268	0.271	0.258	0.200	0.208	0.207	0.257	0.260	0.253	0.202	0.200	0.209	0.202	0.201	0.199	0.244	0.244	0.239	0.225	0.228	0.225	0.188	0.189	0.191	0.242	0.238	0.122	0.127	0.123	0.120	0.126	0.129	0.127
3:16:43	0.225	0.232	0.238	0.220	0.223	0.233	0.201	0.212	0.220	0.239	0.259	0.266	0.195	0.217	0.224	0.248	0.284	0.283	0.209	0.219	0.216	0.269	0.280	0.282	0.179	0.206	0.211	0.200	0.210	0.207	0.242	0.257	0.259	0.220	0.237	0.241	0.182	0.201	0.194	0.234	0.253	0.260	0.123	0.121	0.123	0.126	0.125	0.135	0.241	0.244	0.234	0.235	0.241	0.242	0.214	0.220	0.208	0.255	0.259	0.259	0.225	0.231	0.231	0.280	0.281	0.267	0.208	0.214	0.216	0.275	0.272	0.261	0.210	0.208	0.217	0.210	0.208	0.205	0.255	0.256	0.249	0.234	0.236	0.235	0.194	0.194	0.196	0.253	0.248	0.122	0.127	0.123	0.120	0.126	0.129	0.127
3:26:43	0.235	0.242	0.249	0.229	0.233	0.241	0.208	0.218	0.228	0.249	0.270	0.275	0.201	0.225	0.234	0.262	0.299	0.299	0.216	0.229	0.224	0.281	0.295	0.294	0.186	0.215	0.220	0.205	0.211	0.217	0.253	0.266	0.268	0.230	0.247	0.251	0.187	0.208	0.202	0.245	0.262	0.269	0.124	0.121	0.124	0.126	0.125	0.135	0.249	0.257	0.243	0.246	0.252	0.252	0.221	0.228	0.216	0.268	0.269	0.272	0.232	0.240	0.239	0.292	0.293	0.279	0.214	0.222	0.222	0.281	0.283	0.274	0.214	0.212	0.227	0.220	0.216	0.212	0.267	0.267	0.260	0.242	0.245	0.242	0.200	0.202	0.203	0.263	0.258	0.122	0.127	0.123	0.120	0.126	0.129	0.127
3:36:43	0.246	0.254	0.260	0.239	0.245	0.248	0.217	0.226	0.235	0.261	0.283	0.289	0.209	0.235	0.246	0.275	0.315	0.316	0.222	0.237	0.231	0.300	0.310	0.310	0.195	0.223	0.230	0.210	0.219	0.224	0.263	0.279	0.279	0.241	0.259	0.263	0.195	0.216	0.209	0.255	0.275	0.280	0.123	0.121	0.124	0.126	0.125	0.135	0.261	0.267	0.254	0.258	0.262	0.263	0.230	0.236	0.224	0.280	0.283	0.283	0.240	0.249	0.249	0.307	0.305	0.290	0.224	0.230	0.230	0.292	0.294	0.285	0.220	0.223	0.233	0.225	0.226	0.220	0.275	0.276	0.272	0.251	0.255	0.252	0.206	0.208	0.208	0.273	0.271	0.122	0.127	0.123	0.120	0.126	0.129	0.127
3:46:43	0.258	0.267	0.276	0.250	0.257	0.262	0.224	0.235	0.245	0.273	0.298	0.303	0.216	0.246	0.256	0.289	0.334	0.333	0.233	0.247	0.242	0.312	0.324	0.323	0.202	0.233	0.239	0.222	0.231	0.234	0.273	0.292	0.292	0.252	0.270	0.273	0.203	0.223	0.218	0.266	0.285	0.292	0.124	0.122	0.124	0.126	0.125	0.135	0.273	0.278	0.264	0.270	0.274	0.275	0.240	0.245	0.234	0.292	0.295	0.301	0.251	0.261	0.263	0.323	0.319	0.303	0.233	0.240	0.239	0.307	0.305	0.298	0.228	0.231	0.244	0.235	0.232	0.229	0.288	0.287	0.283	0.263	0.265	0.262	0.212	0.225	0.217	0.286	0.280	0.122	0.127	0.123	0.120	0.126	0.129	0.127
3:56:43	0.270	0.282	0.290	0.265	0.271	0.272	0.232	0.244	0.255	0.286	0.313	0.317	0.224	0.257	0.271	0.300	0.351	0.347	0.240	0.256	0.254	0.326	0.344	0.341	0.208	0.241	0.247	0.228	0.238	0.243	0.286	0.306	0.307	0.263	0.280	0.284	0.211	0.233	0.228	0.279	0.298	0.309	0.123	0.121	0.124	0.126	0.125	0.135	0.286	0.290	0.275	0.280	0.285	0.287	0.250	0.256	0.244	0.305	0.308	0.312	0.261	0.270	0.272	0.341	0.333	0.318	0.242	0.250	0.250	0.324	0.320	0.310	0.239	0.239	0.252	0.243	0.242	0.236	0.299	0.300	0.294	0.272	0.276	0.276	0.220	0.225	0.227	0.298	0.294	0.122	0.127	0.123	0.120	0.126	0.128	0.127
4:06:43	0.285	0.297	0.308	0.279	0.287	0.286	0.244	0.257	0.265	0.303	0.329	0.331	0.234	0.269	0.285	0.316	0.366	0.364	0.251	0.267	0.265	0.343	0.361	0.361	0.217	0.252	0.258	0.237	0.247	0.254	0.301	0.322	0.323	0.274	0.295	0.294	0.219	0.243	0.237	0.295	0.314	0.320	0.122	0.121	0.124	0.125	0.125	0.135	0.299	0.302	0.287	0.292	0.300	0.299	0.262	0.267	0.254	0.317	0.321	0.326	0.273	0.281	0.281	0.358	0.345	0.331	0.253	0.261	0.260	0.341	0.336	0.310	0.249	0.251	0.264	0.252	0.252	0.249	0.313	0.314	0.308	0.285	0.286	0.288	0.224	0.234	0.236	0.310	0.305	0.122	0.127	0.122	0.120	0.126	0.129	0.127
4:16:43	0.299	0.314	0.324	0.293	0.304	0.300	0.256	0.267	0.279	0.318	0.349	0.351	0.243	0.283	0.293	0.332	0.382	0.379	0.261	0.279	0.276	0.357	0.378	0.382	0.226	0.265	0.270	0.246	0.258	0.265	0.314	0.338	0.339	0.287	0.309	0.307	0.228	0.252	0.247	0.309	0.329	0.334	0.124	0.121	0.124	0.126	0.125	0.135	0.312	0.316	0.300	0.308	0.312	0.314	0.275	0.276	0.267	0.334	0.335	0.341	0.286	0.292	0.293	0.378	0.361	0.350	0.263	0.271	0.272	0.358	0.355	0.318	0.260	0.264	0.275	0.263	0.262	0.258	0.327	0.328	0.323	0.296	0.298	0.301	0.235	0.243	0.246	0.325	0.320	0.122	0.127	0.122	0.120	0.126	0.129	0.127
4:26:43	0.316	0.333	0.344	0.309	0.318	0.316	0.268	0.282	0.293	0.337	0.368	0.371	0.250	0.298	0.306	0.348	0.402	0.402	0.273	0.292	0.289	0.371	0.398	0.399	0.234	0.281	0.283	0.259	0.271	0.277	0.330	0.355	0.360	0.300	0.322	0.323	0.237	0.260	0.256	0.326	0.343	0.349	0.123	0.122	0.124	0.126	0.125	0.135	0.327	0.326	0.315	0.321	0.329	0.328	0.286	0.286	0.276	0.353	0.351	0.358	0.300	0.304	0.303	0.405	0.377	0.366	0.276	0.284	0.285	0.377	0.375	0.326	0.273	0.279	0.284	0.275	0.270	0.268	0.340	0.344	0.338	0.310	0.312	0.317	0.246	0.256	0.256	0.340	0.335	0.122	0.127	0.122	0.120	0.126	0.129	0.127
4:36:43	0.331	0.350	0.359	0.322	0.333	0.326	0.281	0.297	0.307	0.352	0.384	0.388	0.260	0.311	0.324	0.366	0.423	0.428	0.286	0.306	0.305	0.388	0.418	0.417	0.246	0.294	0.295	0.272	0.284	0.289	0.348	0.367	0.377	0.317	0.341	0.339	0.245	0.271	0.267	0.339	0.361	0.364	0.123	0.121	0.123	0.126	0.125	0.135	0.345	0.343	0.330	0.335	0.346	0.347	0.299	0.300	0.288	0.372	0.371	0.378	0.311	0.316	0.315	0.424	0.392	0.386	0.286	0.296	0.296	0.403	0.393	0.340	0.285	0.287	0.297	0.284	0.283	0.280	0.358	0.360	0.359	0.323	0.326	0.330	0.260	0.266	0.268	0.360	0.353	0.122	0.127	0.122	0.120	0.126	0.128	0.127
4:46:43	0.350	0.359	0.376	0.333	0.349	0.343	0.298	0.313	0.325	0.367	0.402	0.404	0.272	0.329	0.337	0.386	0.444	0.453	0.299	0.321	0.321	0.406	0.441	0.438	0.257	0.305	0.310	0.285	0.298	0.303	0.367	0.383	0.393	0.333	0.356	0.356	0.255	0.280	0.277	0.358	0.377	0.383	0.122	0.122	0.124	0.126	0.125	0.135	0.363	0.358	0.342	0.356	0.363	0.364	0.313	0.312	0.299	0.388	0.391	0.395	0.326	0.331	0.327	0.461	0.408	0.404	0.299	0.310	0.309	0.415	0.411	0.349	0.298	0.300	0.308	0.298	0.293	0.292	0.372	0.373	0.378	0.341	0.346	0.335	0.278	0.279	0.276	0.409	0.372	0.122	0.127	0.122	0.120	0.126	0.129	0.127
4:56:43	0.365	0.377	0.394	0.349	0.363	0.358	0.312	0.330	0.341	0.385	0.417	0.422	0.285	0.344	0.349	0.410	0.468	0.477	0.312	0.339	0.338	0.426	0.460	0.460	0.270	0.317	0.328	0.295	0.313	0.319	0.383	0.398	0.411	0.350	0.372	0.372	0.270	0.293	0.286	0.372	0.399	0.401	0.124	0.121	0.124	0.126	0.125	0.135	0.384	0.374	0.358	0.375	0.379	0.381	0.327	0.327	0.317	0.406	0.409	0.416	0.342	0.347	0.348	0.492	0.430	0.422	0.311	0.323	0.323	0.443	0.433	0.365	0.309	0.314	0.321	0.311	0.306	0.303	0.390	0.391	0.388	0.359	0.364	0.346	0.287	0.300	0.289	0.436	0.385	0.122	0.127	0.122	0.120	0.126	0.129	0.127
5:06:43	0.383	0.396	0.412	0.366	0.384	0.382	0.325	0.346	0.356	0.401	0.435	0.439	0.297	0.357	0.371	0.429	0.488	0.498	0.330	0.355	0.354	0.447	0.480	0.482	0.280	0.331	0.341	0.312	0.329	0.335	0.403	0.417	0.436	0.368	0.390	0.391	0.285	0.306	0.300	0.391	0.414	0.421	0.124	0.121	0.123	0.126	0.125	0.135	0.399	0.393	0.375	0.389	0.397	0.392	0.343	0.342	0.331	0.420	0.429	0.436	0.360	0.362	0.374	0.532	0.452	0.444	0.325	0.339	0.337	0.454	0.452	0.395	0.326	0.330	0.337	0.319	0.318	0.317	0.421	0.413	0.405	0.378	0.381	0.377	0.291	0.304	0.300	0.472	0.400	0.122	0.126	0.122	0.120	0.126	0.128	0.127
5:16:43	0.400	0.411	0.434	0.385	0.400	0.402	0.340	0.358	0.371	0.420	0.454	0.460	0.309	0.375	0.372	0.450	0.514	0.520	0.347	0.372	0.371	0.469	0.505	0.504	0.294	0.346	0.359	0.325	0.346	0.348	0.421	0.440	0.457	0.383	0.408	0.406	0.300	0.323	0.316	0.411	0.434	0.440	0.122	0.121	0.124	0.125	0.125	0.135	0.415	0.415	0.396	0.405	0.412	0.409	0.363	0.358	0.351	0.441	0.451	0.457	0.376	0.382	0.406	0.571	0.483	0.463	0.342	0.358	0.352	0.475	0.474	0.437	0.343	0.349	0.356	0.337	0.330	0.334	0.452	0.424	0.423	0.395	0.400	0.392	0.290	0.316	0.317	0.498	0.417	0.122	0.126	0.122	0.120	0.126	0.128	0.127
5:26:43	0.417	0.429	0.455	0.407	0.425	0.425	0.357	0.378	0.390	0.442	0.483	0.487	0.327	0.394	0.392	0.472	0.536	0.543	0.361	0.391	0.388	0.497	0.523	0.530	0.306	0.363	0.376	0.341	0.360	0.368	0.445	0.464	0.478	0.404	0.428	0.426	0.316	0.336	0.334	0.428	0.452	0.463	0.123	0.122	0.124	0.126	0.125	0.135	0.430	0.438	0.410	0.421	0.428	0.426	0.382	0.373	0.371	0.458	0.476	0.475	0.394	0.409	0.437	0.611	0.536	0.483	0.356	0.373	0.368	0.506	0.500	0.485	0.363	0.363	0.382	0.360	0.348	0.350	0.502	0.473	0.439	0.414	0.419	0.413	0.296	0.333	0.335	0.532	0.442	0.122	0.126	0.122	0.120	0.126	0.128	0.127
5:36:43	0.438	0.454	0.476	0.433	0.448	0.449	0.375	0.397	0.407	0.466	0.507	0.512	0.345	0.417	0.423	0.491	0.554	0.565	0.378	0.410	0.408	0.530	0.545	0.554	0.321	0.381	0.393	0.359	0.381	0.385	0.466	0.490	0.505	0.425	0.449	0.448	0.328	0.351	0.347	0.451	0.472	0.483	0.124	0.121	0.123	0.125	0.125	0.135	0.449	0.462	0.433	0.447	0.450	0.447	0.403	0.389	0.383	0.478	0.496	0.500	0.413	0.437	0.458	0.648	0.587	0.511	0.372	0.387	0.383	0.538	0.526	0.509	0.379	0.381	0.407	0.395	0.364	0.364	0.564	0.505	0.476	0.426	0.437	0.433	0.303	0.350	0.353	0.567	0.474	0.122	0.126	0.123	0.119	0.126	0.128	0.127
5:46:43	0.467	0.480	0.501	0.463	0.472	0.471	0.396	0.415	0.431	0.491	0.531	0.540	0.364	0.443	0.456	0.516	0.580	0.590	0.395	0.429	0.430	0.547	0.568	0.580	0.335	0.407	0.408	0.373	0.397	0.406	0.490	0.515	0.525	0.444	0.473	0.468	0.346	0.368	0.367	0.473	0.499	0.507	0.123	0.121	0.124	0.125	0.125	0.135	0.477	0.497	0.460	0.477	0.477	0.468	0.420	0.403	0.400	0.515	0.513	0.525	0.436	0.474	0.494	0.695	0.620	0.543	0.391	0.400	0.395	0.558	0.550	0.541	0.397	0.401	0.443	0.426	0.380	0.379	0.591	0.531	0.511	0.445	0.460	0.456	0.316	0.372	0.370	0.604	0.501	0.122	0.126	0.122	0.120	0.126	0.128	0.127
5:56:43	0.486	0.504	0.527	0.482	0.492	0.491	0.420	0.436	0.450	0.514	0.548	0.559	0.380	0.466	0.480	0.539	0.602	0.612	0.416	0.446	0.451	0.571	0.594	0.609	0.349	0.428	0.427	0.392	0.417	0.423	0.512	0.537	0.546	0.463	0.492	0.490	0.361	0.383	0.380	0.495	0.518	0.529	0.123	0.121	0.123	0.125	0.125	0.135	0.502	0.525	0.481	0.506	0.502	0.490	0.442	0.417	0.413	0.572	0.541	0.550	0.461	0.517	0.530	0.732	0.678	0.597	0.407	0.417	0.433	0.583	0.568	0.580	0.417	0.419	0.478	0.463	0.398	0.395	0.646	0.590	0.592	0.468	0.477	0.478	0.322	0.396	0.389	0.631	0.572	0.122	0.126	0.122	0.119	0.126	0.129	0.127
6:06:43	0.516	0.534	0.550	0.505	0.514	0.515	0.444	0.460	0.477	0.535	0.572	0.590	0.400	0.491	0.503	0.563	0.627	0.641	0.437	0.468	0.471	0.596	0.617	0.634	0.366	0.453	0.453	0.414	0.437	0.446	0.532	0.563	0.568	0.485	0.512	0.512	0.378	0.403	0.401	0.518	0.545	0.557	0.122	0.121	0.123	0.125	0.125	0.135	0.542	0.560	0.514	0.539	0.545	0.521	0.463	0.443	0.432	0.620	0.567	0.574	0.502	0.550	0.566	0.762	0.727	0.652	0.425	0.437	0.482	0.616	0.604	0.599	0.437	0.437	0.511	0.499	0.427	0.419	0.681	0.645	0.642	0.514	0.502	0.500	0.335	0.427	0.405	0.674	0.611	0.122	0.126	0.122	0.120	0.126	0.128	0.127
6:16:43	0.540	0.556	0.580	0.525	0.534	0.539	0.463	0.481	0.501	0.556	0.596	0.608	0.420	0.513	0.523	0.585	0.652	0.666	0.458	0.491	0.493	0.615	0.641	0.657	0.380	0.471	0.475	0.431	0.458	0.464	0.554	0.586	0.591	0.508	0.535	0.539	0.394	0.418	0.416	0.542	0.569	0.581	0.123	0.121	0.123	0.126	0.125	0.135	0.579	0.591	0.549	0.567	0.581	0.555	0.484	0.471	0.454	0.666	0.615	0.604	0.553	0.585	0.594	0.808	0.770	0.710	0.450	0.474	0.524	0.637	0.676	0.632	0.457	0.457	0.556	0.536	0.448	0.455	0.722	0.693	0.689	0.543	0.529	0.523	0.353	0.471	0.442	0.710	0.667	0.122	0.126	0.122	0.120	0.126	0.128	0.127
6:26:43	0.564	0.587	0.605	0.547	0.556	0.560	0.482	0.505	0.521	0.580	0.623	0.631	0.437	0.535	0.543	0.609	0.675	0.687	0.477	0.511	0.512	0.643	0.662	0.684	0.402	0.494	0.499	0.454	0.480	0.487	0.577	0.608	0.615	0.527	0.558	0.564	0.410	0.438	0.439	0.568	0.594	0.613	0.122	0.121	0.123	0.125	0.125	0.135	0.629	0.626	0.582	0.610	0.616	0.593	0.507	0.500	0.473	0.699	0.664	0.630	0.600	0.624	0.628	0.854	0.814	0.746	0.486	0.516	0.554	0.671	0.708	0.652	0.480	0.479	0.593	0.558	0.467	0.485	0.759	0.738	0.733	0.614	0.546	0.545	0.370	0.484	0.489	0.744	0.696	0.121	0.126	0.122	0.120	0.126	0.128	0.126
6:36:43	0.586	0.614	0.627	0.575	0.585	0.585	0.507	0.521	0.541	0.604	0.642	0.654	0.458	0.556	0.567	0.634	0.700	0.707	0.498	0.535	0.533	0.665	0.688	0.710	0.425	0.515	0.525	0.476	0.502	0.510	0.603	0.635	0.643	0.548	0.584	0.589	0.425	0.457	0.462	0.593	0.625	0.640	0.123	0.121	0.123	0.125	0.125	0.135	0.673	0.663	0.612	0.672	0.656	0.640	0.531	0.531	0.504	0.760	0.724	0.655	0.629	0.668	0.669	0.903	0.851	0.794	0.517	0.535	0.600	0.692	0.751	0.671	0.503	0.503	0.635	0.589	0.480	0.531	0.806	0.788	0.789	0.676	0.573	0.575	0.396	0.469	0.508	0.791	0.748	0.122	0.126	0.122	0.120	0.126	0.128	0.127
6:46:43	0.608	0.638	0.649	0.599	0.608	0.609	0.531	0.543	0.564	0.627	0.664	0.676	0.477	0.577	0.591	0.656	0.714	0.723	0.520	0.551	0.553	0.685	0.707	0.735	0.451	0.537	0.548	0.501	0.524	0.529	0.623	0.658	0.671	0.569	0.612	0.616	0.447	0.481	0.484	0.616	0.657	0.670	0.122	0.121	0.123	0.125	0.125	0.135	0.707	0.699	0.653	0.720	0.711	0.696	0.559	0.567	0.545	0.812	0.789	0.682	0.658	0.712	0.705	0.950	0.896	0.834	0.564	0.577	0.634	0.719	0.812	0.693	0.526	0.532	0.671	0.622	0.527	0.598	0.850	0.828	0.829	0.739	0.652	0.597	0.428	0.548	0.556	0.843	0.795	0.121	0.126	0.122	0.119	0.126	0.128	0.127
6:56:43	0.636	0.663	0.675	0.622	0.632	0.630	0.550	0.566	0.584	0.648	0.689	0.696	0.494	0.601	0.610	0.677	0.727	0.737	0.538	0.572	0.574	0.709	0.725	0.754	0.479	0.558	0.572	0.524	0.544	0.548	0.647	0.689	0.694	0.596	0.641	0.640	0.469	0.502	0.509	0.646	0.687	0.708	0.122	0.121	0.123	0.125	0.125	0.135	0.744	0.744	0.688	0.767	0.744	0.744	0.585	0.610	0.589	0.859	0.840	0.710	0.677	0.749	0.745	0.985	0.935	0.869	0.606	0.630	0.670	0.747	0.855	0.718	0.551	0.555	0.703	0.665	0.562	0.648	0.893	0.872	0.880	0.810	0.748	0.625	0.478	0.614	0.599	0.893	0.847	0.122	0.126	0.122	0.119	0.126	0.128	0.127
7:06:43	0.658	0.687	0.695	0.646	0.657	0.648	0.576	0.588	0.604	0.673	0.708	0.716	0.508	0.622	0.632	0.694	0.741	0.748	0.566	0.595	0.598	0.727	0.740	0.776	0.502	0.584	0.596	0.549	0.569	0.575	0.674	0.712	0.725	0.619	0.666	0.666	0.495	0.528	0.537	0.672	0.725	0.736	0.122	0.121	0.123	0.126	0.124	0.135	0.777	0.777	0.730	0.808	0.786	0.790	0.610	0.656	0.631	0.900	0.878	0.732	0.725	0.792	0.791	1.022	0.964	0.905	0.651	0.677	0.703	0.771	0.887	0.748	0.576	0.600	0.734	0.705	0.607	0.707	0.936	0.912	0.917	0.855	0.815	0.655	0.545	0.671	0.644	0.944	0.891	0.121	0.126	0.122	0.119	0.126	0.128	0.126
7:16:43	0.677	0.705	0.710	0.668	0.675	0.670	0.597	0.611	0.629	0.689	0.725	0.735	0.518	0.644	0.651	0.711	0.750	0.761	0.586	0.619	0.620	0.743	0.752	0.789	0.530	0.607	0.622	0.569	0.595	0.601	0.695	0.732	0.750	0.651	0.694	0.687	0.520	0.550	0.558	0.703	0.748	0.775	0.123	0.121	0.123	0.125	0.124	0.135	0.805	0.800	0.755	0.853	0.817	0.833	0.638	0.692	0.678	0.937	0.932	0.758	0.755	0.819	0.825	1.044	0.998	0.940	0.712	0.731	0.737	0.793	0.931	0.771	0.600	0.648	0.774	0.747	0.662	0.754	0.969	0.960	0.961	0.890	0.899	0.679	0.570	0.705	0.662	0.975	0.932	0.121	0.126	0.122	0.119	0.126	0.128	0.127
7:26:43	0.696	0.722	0.733	0.686	0.695	0.685	0.619	0.636	0.653	0.705	0.737	0.746	0.530	0.666	0.666	0.727	0.764	0.773	0.610	0.641	0.642	0.751	0.763	0.806	0.547	0.629	0.646	0.597	0.618	0.625	0.717	0.763	0.780	0.677	0.723	0.708	0.543	0.577	0.585	0.727	0.786	0.804	0.122	0.121	0.123	0.125	0.125	0.135	0.836	0.848	0.807	0.898	0.854	0.877	0.668	0.733	0.720	0.966	0.957	0.781	0.803	0.854	0.864	1.067	1.029	0.968	0.753	0.765	0.780	0.814	0.951	0.791	0.626	0.642	0.810	0.776	0.728	0.784	1.012	0.999	0.997	0.928	0.923	0.705	0.602	0.740	0.706	1.000	0.963	0.122	0.126	0.122	0.120	0.126	0.128	0.127
7:36:43	0.714	0.733	0.741	0.705	0.711	0.698	0.642	0.658	0.675	0.720	0.748	0.760	0.541	0.681	0.677	0.737	0.776	0.779	0.631	0.662	0.664	0.760	0.771	0.820	0.563	0.650	0.669	0.618	0.641	0.652	0.738	0.793	0.792	0.699	0.742	0.727	0.565	0.597	0.607	0.761	0.821	0.819	0.123	0.121	0.123	0.125	0.125	0.135	0.866	0.878	0.839	0.936	0.891	0.916	0.693	0.780	0.765	0.996	0.983	0.800	0.841	0.875	0.906	1.105	1.051	0.993	0.802	0.809	0.824	0.827	0.995	0.811	0.652	0.748	0.853	0.823	0.783	0.836	1.042	1.022	1.024	0.966	0.962	0.730	0.629	0.610	0.776	1.030	0.984	0.122	0.126	0.122	0.119	0.126	0.128	0.126
7:46:43	0.730	0.753	0.749	0.718	0.730	0.710	0.664	0.677	0.694	0.733	0.762	0.768	0.550	0.702	0.691	0.747	0.791	0.788	0.649	0.682	0.687	0.775	0.782	0.828	0.576	0.669	0.691	0.644	0.669	0.676	0.752	0.828	0.806	0.726	0.775	0.743	0.588	0.624	0.631	0.798	0.864	0.848	0.123	0.121	0.123	0.125	0.124	0.135	0.881	0.912	0.885	0.979	0.925	0.931	0.723	0.815	0.810	1.020	0.999	0.819	0.878	0.912	0.930	1.117	1.085	1.012	0.846	0.844	0.858	0.841	1.010	0.826	0.681	0.781	0.889	0.861	0.791	0.889	1.082	1.054	1.058	1.001	0.967	0.756	0.654	0.751	0.810	1.049	1.018	0.122	0.126	0.122	0.119	0.126	0.128	0.127
7:56:43	0.743	0.761	0.758	0.731	0.738	0.723	0.684	0.696	0.712	0.741	0.770	0.779	0.558	0.713	0.702	0.756	0.798	0.796	0.672	0.698	0.703	0.782	0.791	0.841	0.591	0.687	0.709	0.666	0.691	0.704	0.772	0.853	0.828	0.752	0.802	0.756	0.605	0.646	0.651	0.833	0.902	0.872	0.123	0.121	0.123	0.125	0.124	0.135	0.917	0.944	0.914	1.007	0.949	0.962	0.748	0.861	0.848	1.044	1.042	0.832	0.899	0.940	0.954	1.149	1.105	1.036	0.896	0.889	0.905	0.856	1.047	0.840	0.704	0.831	0.913	0.898	0.822	0.921	1.100	1.082	1.091	1.034	1.021	0.777	0.683	0.841	0.849	1.080	1.048	0.121	0.126	0.122	0.119	0.126	0.128	0.126
8:06:43	0.750	0.773	0.766	0.748	0.750	0.734	0.700	0.710	0.725	0.751	0.777	0.786	0.570	0.726	0.712	0.766	0.808	0.805	0.694	0.712	0.720	0.790	0.797	0.849	0.604	0.705	0.726	0.684	0.714	0.732	0.788	0.870	0.843	0.779	0.825	0.766	0.626	0.662	0.676	0.875	0.933	0.896	0.123	0.121	0.123	0.125	0.125	0.135	0.947	0.973	0.946	1.042	0.976	0.978	0.772	0.901	0.895	1.058	1.059	0.846	0.925	0.977	0.991	1.166	1.130	1.058	0.934	0.928	0.947	0.868	1.065	0.855	0.729	0.838	0.940	0.941	0.870	0.962	1.132	1.107	1.118	1.068	1.039	0.799	0.706	0.862	0.886	1.094	1.075	0.122	0.126	0.123	0.120	0.126	0.128	0.126
8:16:43	0.764	0.781	0.770	0.755	0.756	0.744	0.713	0.721	0.734	0.758	0.782	0.795	0.577	0.735	0.722	0.775	0.825	0.811	0.712	0.725	0.730	0.806	0.807	0.856	0.613	0.715	0.740	0.702	0.730	0.747	0.804	0.894	0.859	0.807	0.849	0.778	0.643	0.680	0.690	0.896	0.969	0.922	0.122	0.121	0.123	0.125	0.124	0.135	0.976	0.991	0.965	1.067	1.001	1.011	0.795	0.933	0.931	1.085	1.079	0.857	0.957	1.009	1.015	1.182	1.151	1.077	0.970	0.954	0.976	0.878	1.086	0.869	0.751	0.910	0.991	0.970	0.923	0.983	1.147	1.124	1.136	1.090	1.072	0.818	0.730	0.721	0.930	1.112	1.089	0.122	0.126	0.122	0.119	0.126	0.128	0.127
8:26:43	0.770	0.788	0.776	0.762	0.765	0.753	0.727	0.733	0.745	0.764	0.792	0.801	0.584	0.747	0.728	0.784	0.833	0.818	0.723	0.737	0.741	0.817	0.814	0.865	0.622	0.729	0.755	0.720	0.751	0.776	0.821	0.906	0.904	0.836	0.887	0.789	0.656	0.696	0.710	0.940	1.008	0.948	0.122	0.121	0.123	0.125	0.124	0.135	0.996	1.020	0.996	1.106	1.024	1.033	0.815	0.978	0.963	1.106	1.106	0.867	0.985	1.031	1.037	1.204	1.178	1.094	0.999	0.996	1.007	0.887	1.107	0.880	0.773	0.949	1.025	1.002	0.963	1.017	1.166	1.138	1.148	1.113	1.089	0.835	0.753	0.926	0.945	1.137	1.109	0.121	0.126	0.122	0.119	0.126	0.128	0.126
8:36:43	0.776	0.797	0.784	0.772	0.772	0.761	0.737	0.745	0.756	0.773	0.801	0.810	0.587	0.754	0.736	0.790	0.840	0.824	0.733	0.748	0.751	0.827	0.822	0.871	0.633	0.739	0.767	0.732	0.756	0.809	0.839	0.910	0.911	0.858	0.905	0.799	0.669	0.707	0.730	0.956	1.016	0.974	0.122	0.120	0.123	0.125	0.124	0.135	1.002	1.031	1.021	1.137	1.038	1.054	0.834	0.988	0.986	1.112	1.107	0.873	1.021	1.048	1.059	1.214	1.185	1.105	1.018	1.008	1.031	0.895	1.121	0.889	0.790	0.986	1.052	1.031	0.996	1.047	1.176	1.151	1.162	1.122	1.098	0.847	0.778	0.982	0.974	1.157	1.124	0.121	0.126	0.122	0.119	0.126	0.128	0.126
8:46:43	0.779	0.800	0.788	0.781	0.777	0.767	0.746	0.752	0.764	0.780	0.806	0.815	0.595	0.766	0.744	0.799	0.856	0.831	0.746	0.757	0.757	0.825	0.830	0.877	0.641	0.749	0.775	0.745	0.772	0.845	0.862	0.942	0.940	0.873	0.919	0.810	0.682	0.722	0.748	0.980	1.046	0.992	0.123	0.121	0.123	0.125	0.124	0.135	1.038	1.052	1.043	1.157	1.055	1.085	0.850	1.017	1.015	1.127	1.122	0.884	1.023	1.064	1.079	1.229	1.195	1.132	1.032	1.033	1.055	0.903	1.135	0.896	0.805	1.034	1.083	1.060	1.027	1.072	1.193	1.161	1.172	1.145	1.129	0.863	0.794	1.012	0.986	1.174	1.138	0.121	0.126	0.122	0.119	0.126	0.128	0.126
8:56:43	0.781	0.806	0.798	0.789	0.779	0.777	0.757	0.762	0.774	0.785	0.811	0.821	0.604	0.773	0.747	0.805	0.862	0.837	0.758	0.766	0.767	0.829	0.838	0.886	0.651	0.756	0.786	0.758	0.789	0.862	0.881	0.955	0.945	0.891	0.942	0.819	0.695	0.732	0.764	0.999	1.059	1.011	0.123	0.121	0.123	0.125	0.124	0.135	1.050	1.063	1.066	1.181	1.081	1.092	0.860	1.035	1.038	1.134	1.130	0.891	1.048	1.085	1.098	1.248	1.220	1.148	1.064	1.057	1.068	0.909	1.151	0.903	0.817	1.076	1.101	1.087	1.048	1.101	1.206	1.186	1.193	1.154	1.148	0.873	0.810	1.031	0.981	1.199	1.156	0.122	0.126	0.122	0.119	0.126	0.128	0.126
9:06:43	0.786	0.811	0.804	0.792	0.785	0.782	0.764	0.768	0.780	0.790	0.811	0.822	0.611	0.778	0.756	0.810	0.873	0.837	0.765	0.776	0.775	0.840	0.839	0.889	0.657	0.765	0.799	0.767	0.812	0.878	0.898	0.963	0.956	0.906	0.948	0.825	0.704	0.740	0.777	1.021	1.071	1.031	0.123	0.121	0.123	0.125	0.124	0.135	1.066	1.084	1.093	1.201	1.101	1.116	0.874	1.059	1.060	1.156	1.149	0.900	1.067	1.100	1.108	1.255	1.231	1.163	1.085	1.075	1.091	0.918	1.155	0.911	0.833	1.101	1.130	1.102	1.067	1.117	1.215	1.195	1.208	1.167	1.167	0.884	0.823	1.052	0.993	1.206	1.165	0.122	0.126	0.122	0.119	0.126	0.128	0.126
9:16:43	0.789	0.818	0.806	0.796	0.787	0.787	0.772	0.773	0.788	0.798	0.819	0.830	0.613	0.790	0.762	0.814	0.875	0.844	0.776	0.783	0.784	0.833	0.846	0.894	0.663	0.770	0.808	0.774	0.835	0.881	0.900	0.972	0.958	0.923	0.954	0.835	0.715	0.749	0.795	1.022	1.083	1.034	0.122	0.120	0.122	0.125	0.124	0.135	1.080	1.095	1.091	1.220	1.124	1.125	0.883	1.077	1.079	1.157	1.156	0.901	1.083	1.119	1.118	1.265	1.237	1.178	1.094	1.089	1.103	0.925	1.159	0.918	0.845	1.125	1.136	1.110	1.088	1.137	1.222	1.205	1.217	1.176	1.177	0.893	0.832	0.948	0.998	1.212	1.168	0.122	0.126	0.122	0.119	0.126	0.128	0.126
9:26:43	0.791	0.813	0.812	0.795	0.789	0.794	0.777	0.776	0.792	0.804	0.822	0.828	0.617	0.791	0.768	0.819	0.888	0.849	0.788	0.796	0.788	0.840	0.851	0.899	0.665	0.774	0.825	0.781	0.854	0.902	0.928	0.988	0.984	0.946	0.974	0.839	0.720	0.756	0.808	1.058	1.094	1.049	0.124	0.120	0.123	0.125	0.124	0.135	1.101	1.124	1.113	1.252	1.136	1.142	0.897	1.094	1.097	1.184	1.175	0.911	1.097	1.125	1.138	1.279	1.255	1.183	1.109	1.102	1.121	0.933	1.178	0.922	0.856	1.139	1.159	1.135	1.100	1.152	1.252	1.221	1.226	1.209	1.188	0.900	0.847	0.986	1.010	1.229	1.184	0.122	0.126	0.122	0.119	0.126	0.128	0.126
9:36:43	0.791	0.813	0.819	0.800	0.796	0.799	0.782	0.783	0.796	0.807	0.825	0.837	0.623	0.798	0.773	0.823	0.894	0.851	0.800	0.801	0.800	0.857	0.856	0.903	0.676	0.780	0.851	0.790	0.896	0.917	0.936	0.984	0.995	0.953	0.984	0.847	0.732	0.764	0.830	1.059	1.096	1.064	0.123	0.120	0.123	0.125	0.124	0.134	1.111	1.134	1.127	1.270	1.155	1.162	0.907	1.103	1.113	1.188	1.182	0.914	1.109	1.134	1.159	1.285	1.264	1.202	1.129	1.122	1.143	0.939	1.186	0.928	0.862	1.152	1.171	1.146	1.105	1.172	1.264	1.220	1.242	1.222	1.197	0.909	0.852	1.072	1.058	1.242	1.195	0.122	0.126	0.122	0.119	0.126	0.128	0.126
9:46:43	0.792	0.807	0.815	0.797	0.797	0.805	0.789	0.785	0.803	0.811	0.829	0.839	0.622	0.803	0.775	0.823	0.909	0.855	0.813	0.811	0.807	0.868	0.863	0.906	0.679	0.782	0.862	0.795	0.937	0.948	0.953	1.003	1.020	0.970	0.995	0.849	0.733	0.773	0.855	1.080	1.110	1.070	0.122	0.120	0.123	0.125	0.124	0.135	1.133	1.155	1.144	1.287	1.169	1.175	0.917	1.128	1.133	1.201	1.204	0.920	1.123	1.148	1.169	1.297	1.282	1.209	1.146	1.145	1.159	0.946	1.215	0.934	0.873	1.181	1.197	1.164	1.123	1.189	1.274	1.235	1.256	1.242	1.210	0.915	0.862	1.105	1.081	1.267	1.193	0.121	0.125	0.121	0.119	0.126	0.128	0.126
9:56:43	0.797	0.802	0.821	0.800	0.800	0.809	0.791	0.791	0.810	0.814	0.832	0.846	0.630	0.809	0.778	0.828	0.915	0.858	0.819	0.818	0.815	0.882	0.864	0.912	0.688	0.792	0.871	0.806	0.941	0.956	0.960	1.025	1.016	0.978	1.010	0.855	0.746	0.783	0.885	1.082	1.125	1.093	0.122	0.120	0.122	0.125	0.124	0.135	1.146	1.170	1.157	1.302	1.189	1.184	0.925	1.131	1.141	1.205	1.206	0.925	1.114	1.160	1.184	1.314	1.303	1.218	1.158	1.153	1.170	0.951	1.215	0.938	0.881	1.192	1.201	1.178	1.145	1.210	1.279	1.245	1.258	1.238	1.213	0.921	0.871	1.123	1.081	1.271	1.208	0.121	0.126	0.121	0.119	0.126	0.128	0.126
10:06:43	0.800	0.801	0.821	0.798	0.802	0.814	0.799	0.793	0.811	0.812	0.831	0.848	0.634	0.814	0.785	0.832	0.919	0.857	0.830	0.827	0.818	0.875	0.869	0.917	0.690	0.799	0.888	0.809	0.953	0.981	0.977	1.044	1.040	0.994	1.016	0.859	0.750	0.783	0.910	1.104	1.129	1.080	0.122	0.120	0.123	0.125	0.124	0.134	1.162	1.180	1.177	1.325	1.204	1.206	0.936	1.142	1.149	1.218	1.221	0.929	1.129	1.174	1.184	1.317	1.290	1.241	1.168	1.149	1.182	0.959	1.230	0.941	0.889	1.201	1.217	1.199	1.162	1.224	1.299	1.252	1.274	1.256	1.229	0.929	0.884	1.152	1.115	1.271	1.225	0.122	0.125	0.121	0.119	0.126	0.128	0.126
10:16:43	0.804	0.801	0.823	0.804	0.803	0.820	0.803	0.796	0.817	0.816	0.836	0.851	0.637	0.818	0.788	0.833	0.929	0.861	0.841	0.835	0.825	0.872	0.880	0.919	0.698	0.802	0.921	0.813	0.972	0.999	0.979	1.055	1.046	1.010	1.039	0.862	0.757	0.791	0.937	1.114	1.145	1.097	0.122	0.120	0.122	0.124	0.124	0.135	1.175	1.196	1.186	1.339	1.209	1.225	0.942	1.171	1.176	1.228	1.241	0.935	1.144	1.177	1.208	1.323	1.312	1.249	1.187	1.166	1.200	0.965	1.244	0.951	0.895	1.213	1.229	1.223	1.176	1.244	1.308	1.258	1.287	1.272	1.237	0.934	0.893	1.152	1.115	1.286	1.236	0.121	0.125	0.121	0.119	0.126	0.128	0.126
10:26:43	0.807	0.800	0.829	0.801	0.809	0.824	0.806	0.799	0.820	0.820	0.844	0.850	0.640	0.822	0.792	0.845	0.937	0.867	0.846	0.845	0.830	0.882	0.882	0.924	0.699	0.805	0.942	0.821	0.988	1.010	0.991	1.073	1.050	1.021	1.043	0.870	0.763	0.796	0.962	1.134	1.150	1.112	0.123	0.120	0.123	0.124	0.124	0.135	1.185	1.209	1.203	1.357	1.218	1.242	0.948	1.182	1.192	1.236	1.246	0.941	1.157	1.183	1.215	1.326	1.311	1.254	1.198	1.172	1.210	0.969	1.243	0.947	0.903	1.230	1.247	1.224	1.188	1.251	1.327	1.275	1.287	1.276	1.248	0.940	0.900	1.180	1.050	1.295	1.251	0.122	0.125	0.121	0.119	0.126	0.128	0.126
10:36:43	0.805	0.804	0.830	0.805	0.814	0.827	0.809	0.800	0.821	0.822	0.846	0.854	0.643	0.826	0.798	0.856	0.942	0.865	0.863	0.845	0.836	0.885	0.884	0.927	0.705	0.811	0.959	0.821	1.001	1.024	0.994	1.082	1.051	1.034	1.054	0.873	0.771	0.799	0.979	1.129	1.165	1.125	0.122	0.120	0.123	0.124	0.124	0.134	1.188	1.207	1.207	1.353	1.227	1.248	0.955	1.197	1.197	1.244	1.257	0.946	1.156	1.200	1.232	1.335	1.319	1.262	1.208	1.190	1.206	0.974	1.256	0.957	0.910	1.249	1.251	1.228	1.194	1.274	1.332	1.283	1.297	1.290	1.254	0.946	0.907	1.183	1.062	1.310	1.255	0.122	0.125	0.121	0.119	0.126	0.128	0.126
10:46:43	0.813	0.802	0.833	0.809	0.815	0.832	0.813	0.809	0.827	0.827	0.848	0.858	0.644	0.831	0.805	0.870	0.956	0.871	0.866	0.855	0.844	0.897	0.891	0.930	0.710	0.813	0.983	0.835	1.011	1.035	1.019	1.097	1.069	1.053	1.071	0.876	0.773	0.805	1.003	1.149	1.178	1.133	0.122	0.121	0.123	0.125	0.124	0.135	1.202	1.214	1.217	1.367	1.246	1.259	0.958	1.211	1.209	1.255	1.270	0.953	1.166	1.212	1.239	1.345	1.326	1.270	1.211	1.196	1.225	0.977	1.266	0.957	0.912	1.268	1.258	1.259	1.207	1.282	1.341	1.293	1.323	1.299	1.273	0.953	0.912	1.105	1.067	1.312	1.275	0.122	0.125	0.122	0.119	0.126	0.128	0.126
10:56:43	0.814	0.808	0.837	0.810	0.820	0.836	0.814	0.810	0.829	0.825	0.853	0.861	0.645	0.836	0.805	0.890	0.959	0.871	0.875	0.858	0.847	0.916	0.891	0.935	0.714	0.818	0.997	0.846	1.016	1.037	1.023	1.103	1.088	1.061	1.084	0.880	0.778	0.813	1.005	1.147	1.181	1.142	0.122	0.121	0.126	0.125	0.124	0.135	1.212	1.215	1.222	1.371	1.248	1.268	0.961	1.218	1.215	1.251	1.279	0.957	1.175	1.214	1.239	1.339	1.325	1.287	1.226	1.201	1.238	0.980	1.277	0.966	0.919	1.279	1.268	1.258	1.215	1.287	1.352	1.296	1.323	1.300	1.275	0.958	0.917	1.153	1.099	1.313	1.277	0.122	0.125	0.122	0.119	0.126	0.128	0.126
11:06:43	0.816	0.809	0.841	0.811	0.818	0.839	0.820	0.816	0.829	0.830	0.852	0.865	0.648	0.839	0.810	0.890	0.969	0.878	0.880	0.871	0.853	0.906	0.895	0.937	0.718	0.822	1.017	0.850	1.029	1.050	1.035	1.113	1.097	1.073	1.091	0.882	0.781	0.817	1.014	1.156	1.194	1.147	0.122	0.120	0.123	0.125	0.124	0.134	1.222	1.213	1.235	1.385	1.260	1.277	0.966	1.232	1.222	1.261	1.288	0.959	1.190	1.223	1.246	1.350	1.332	1.285	1.241	1.210	1.250	0.982	1.282	0.966	0.923	1.285	1.283	1.265	1.228	1.298	1.361	1.300	1.328	1.316	1.289	0.958	0.923	1.084	1.106	1.333	1.280	0.122	0.125	0.122	0.119	0.126	0.128	0.126
11:16:43	0.822	0.810	0.845	0.812	0.823	0.843	0.823	0.816	0.832	0.832	0.857	0.867	0.653	0.839	0.811	0.893	0.981	0.900	0.890	0.874	0.858	0.910	0.903	0.939	0.721	0.824	1.026	0.876	1.032	1.055	1.037	1.116	1.104	1.078	1.100	0.886	0.785	0.821	1.019	1.163	1.200	1.149	0.123	0.121	0.123	0.125	0.124	0.135	1.222	1.238	1.246	1.388	1.264	1.280	0.970	1.235	1.229	1.265	1.285	0.975	1.196	1.218	1.242	1.353	1.331	1.277	1.244	1.230	1.251	0.985	1.278	0.977	0.928	1.294	1.295	1.277	1.257	1.307	1.357	1.317	1.327	1.323	1.294	0.964	0.927	1.182	1.161	1.333	1.275	0.122	0.125	0.121	0.119	0.126	0.128	0.127
11:26:43	0.825	0.812	0.849	0.819	0.828	0.844	0.829	0.819	0.836	0.836	0.857	0.871	0.659	0.841	0.815	0.902	0.974	0.906	0.895	0.886	0.861	0.909	0.903	0.941	0.730	0.830	1.034	0.893	1.034	1.060	1.044	1.122	1.099	1.088	1.102	0.894	0.791	0.827	1.029	1.166	1.211	1.139	0.122	0.120	0.122	0.125	0.124	0.135	1.224	1.244	1.248	1.387	1.265	1.273	0.972	1.237	1.243	1.273	1.291	0.968	1.194	1.225	1.264	1.362	1.337	1.297	1.258	1.233	1.254	0.986	1.269	0.975	0.932	1.290	1.303	1.278	1.235	1.321	1.369	1.316	1.342	1.322	1.294	0.968	0.926	1.105	1.150	1.356	1.277	0.122	0.125	0.122	0.119	0.126	0.128	0.126
11:36:43	0.825	0.812	0.851	0.814	0.829	0.848	0.832	0.821	0.841	0.839	0.859	0.875	0.655	0.849	0.816	0.913	0.978	0.889	0.902	0.888	0.869	0.915	0.908	0.945	0.731	0.832	1.043	0.917	1.044	1.071	1.055	1.132	1.120	1.096	1.123	0.892	0.793	0.831	1.047	1.175	1.215	1.141	0.122	0.120	0.123	0.125	0.124	0.135	1.230	1.250	1.254	1.401	1.272	1.293	0.968	1.257	1.244	1.280	1.305	0.972	1.205	1.231	1.266	1.370	1.335	1.297	1.265	1.252	1.260	0.989	1.279	0.977	0.937	1.293	1.312	1.286	1.270	1.334	1.377	1.327	1.346	1.340	1.306	0.973	0.936	1.083	1.190	1.341	1.290	0.122	0.125	0.121	0.119	0.126	0.128	0.126
11:46:43	0.825	0.813	0.856	0.819	0.829	0.850	0.832	0.825	0.842	0.840	0.860	0.876	0.660	0.847	0.821	0.911	0.977	0.889	0.912	0.889	0.875	0.923	0.909	0.946	0.734	0.835	1.054	0.915	1.052	1.067	1.047	1.131	1.122	1.100	1.120	0.898	0.797	0.835	1.057	1.175	1.214	1.151	0.122	0.121	0.123	0.124	0.124	0.134	1.229	1.258	1.264	1.403	1.285	1.301	0.975	1.263	1.257	1.288	1.321	0.976	1.211	1.239	1.275	1.382	1.339	1.311	1.273	1.254	1.266	0.992	1.301	0.982	0.942	1.310	1.319	1.297	1.285	1.334	1.382	1.331	1.358	1.344	1.318	0.975	0.947	1.074	1.184	1.346	1.281	0.122	0.125	0.122	0.119	0.126	0.128	0.126
11:56:43	0.828	0.817	0.854	0.823	0.833	0.853	0.840	0.826	0.845	0.843	0.864	0.884	0.658	0.851	0.822	0.905	0.972	0.894	0.920	0.894	0.877	0.916	0.910	0.947	0.738	0.841	1.052	0.937	1.054	1.071	1.053	1.140	1.130	1.111	1.120	0.900	0.802	0.839	1.059	1.179	1.218	1.152	0.122	0.121	0.123	0.124	0.124	0.135	1.236	1.253	1.283	1.411	1.288	1.305	0.978	1.273	1.258	1.285	1.311	0.978	1.225	1.244	1.279	1.382	1.339	1.314	1.274	1.259	1.267	0.996	1.288	0.981	0.946	1.321	1.320	1.290	1.292	1.339	1.392	1.333	1.360	1.346	1.317	0.978	0.965	1.080	1.182	1.346	1.291	0.122	0.125	0.121	0.119	0.126	0.128	0.126
12:06:43	0.826	0.814	0.853	0.823	0.832	0.856	0.842	0.831	0.850	0.843	0.867	0.883	0.659	0.852	0.820	0.916	0.980	0.916	0.928	0.902	0.890	0.925	0.915	0.947	0.737	0.840	1.063	0.977	1.062	1.088	1.062	1.145	1.137	1.123	1.142	0.902	0.803	0.849	1.060	1.186	1.213	1.162	0.122	0.120	0.123	0.125	0.124	0.135	1.239	1.262	1.274	1.411	1.288	1.302	0.980	1.284	1.274	1.295	1.317	0.984	1.229	1.256	1.294	1.393	1.346	1.307	1.283	1.272	1.289	0.998	1.304	0.982	0.950	1.338	1.336	1.308	1.306	1.345	1.390	1.337	1.366	1.350	1.325	0.984	0.956	1.173	1.199	1.353	1.288	0.122	0.126	0.122	0.119	0.126	0.128	0.126
12:16:43	0.830	0.823	0.854	0.826	0.836	0.855	0.844	0.830	0.852	0.846	0.864	0.886	0.661	0.854	0.825	0.912	0.970	0.905	0.926	0.903	0.886	0.884	0.910	0.949	0.744	0.843	1.063	0.955	1.062	1.085	1.053	1.151	1.138	1.122	1.137	0.909	0.808	0.848	1.065	1.192	1.219	1.155	0.123	0.120	0.123	0.124	0.124	0.135	1.248	1.264	1.282	1.420	1.300	1.313	0.985	1.281	1.289	1.290	1.315	0.986	1.236	1.257	1.282	1.397	1.351	1.308	1.282	1.273	1.276	0.999	1.291	0.994	0.955	1.338	1.333	1.317	1.297	1.347	1.393	1.336	1.367	1.348	1.327	0.987	1.043	1.127	1.183	1.354	1.297	0.122	0.125	0.121	0.119	0.126	0.128	0.126
12:26:43	0.831	0.820	0.855	0.825	0.838	0.856	0.846	0.834	0.857	0.848	0.869	0.888	0.660	0.855	0.827	0.919	0.967	0.886	0.934	0.916	0.893	0.924	0.918	0.947	0.745	0.846	1.076	0.971	1.076	1.100	1.074	1.156	1.139	1.137	1.161	0.909	0.807	0.852	1.084	1.192	1.220	1.168	0.122	0.120	0.123	0.124	0.124	0.135	1.251	1.273	1.274	1.422	1.302	1.321	0.986	1.288	1.292	1.298	1.332	0.991	1.252	1.247	1.296	1.399	1.353	1.319	1.285	1.283	1.293	1.000	1.299	0.992	0.956	1.340	1.343	1.320	1.321	1.364	1.402	1.346	1.372	1.359	1.342	0.989	1.063	1.112	1.165	1.367	1.316	0.122	0.125	0.121	0.119	0.126	0.128	0.126
12:36:43	0.833	0.821	0.859	0.828	0.838	0.859	0.850	0.832	0.857	0.848	0.870	0.884	0.664	0.859	0.824	0.917	0.950	0.888	0.932	0.917	0.894	0.927	0.915	0.948	0.750	0.847	1.079	0.964	1.084	1.095	1.076	1.152	1.131	1.135	1.151	0.914	0.812	0.854	1.077	1.190	1.217	1.159	0.122	0.120	0.123	0.124	0.124	0.135	1.255	1.280	1.282	1.418	1.307	1.321	0.990	1.295	1.290	1.300	1.328	0.991	1.239	1.257	1.295	1.384	1.357	1.321	1.307	1.285	1.286	1.002	1.299	0.991	0.960	1.354	1.337	1.329	1.331	1.369	1.400	1.355	1.376	1.357	1.344	0.991	1.083	1.099	1.221	1.369	1.307	0.122	0.125	0.121	0.119	0.126	0.128	0.126
12:46:43	0.837	0.826	0.857	0.829	0.838	0.858	0.851	0.837	0.862	0.849	0.870	0.881	0.665	0.872	0.829	0.921	0.961	0.888	0.943	0.919	0.900	0.924	0.911	0.945	0.748	0.850	1.101	0.993	1.093	1.108	1.086	1.162	1.136	1.143	1.171	0.911	0.814	0.860	1.090	1.200	1.216	1.157	0.122	0.120	0.123	0.124	0.124	0.135	1.261	1.280	1.292	1.423	1.318	1.337	0.993	1.317	1.310	1.305	1.339	0.994	1.259	1.266	1.304	1.373	1.358	1.314	1.304	1.298	1.298	1.003	1.314	0.995	0.964	1.355	1.347	1.342	1.337	1.371	1.418	1.356	1.379	1.362	1.354	0.998	1.100	1.111	1.220	1.367	1.319	0.122	0.125	0.122	0.119	0.126	0.128	0.126
12:56:43	0.833	0.825	0.859	0.830	0.839	0.860	0.854	0.836	0.861	0.851	0.870	0.882	0.661	0.874	0.828	0.919	0.956	0.878	0.952	0.923	0.901	0.922	0.907	0.946	0.754	0.850	1.104	1.016	1.096	1.119	1.094	1.168	1.149	1.151	1.178	0.913	0.818	0.869	1.096	1.212	1.216	1.166	0.122	0.120	0.123	0.124	0.124	0.134	1.262	1.282	1.291	1.425	1.314	1.332	0.993	1.317	1.306	1.303	1.344	0.995	1.252	1.259	1.311	1.375	1.363	1.326	1.313	1.303	1.310	1.003	1.309	0.994	0.968	1.362	1.355	1.340	1.344	1.374	1.414	1.363	1.369	1.366	1.346	1.000	1.104	1.097	1.246	1.372	1.309	0.122	0.125	0.121	0.119	0.126	0.128	0.126
13:06:43	0.831	0.826	0.860	0.829	0.843	0.858	0.859	0.839	0.861	0.851	0.869	0.879	0.661	0.870	0.828	0.913	0.940	0.870	0.951	0.921	0.899	0.920	0.901	0.945	0.757	0.851	1.086	0.999	1.098	1.113	1.080	1.147	1.139	1.143	1.169	0.912	0.818	0.863	1.086	1.200	1.212	1.162	0.121	0.120	0.122	0.124	0.124	0.134	1.263	1.286	1.290	1.434	1.322	1.332	0.997	1.331	1.298	1.301	1.330	1.000	1.253	1.273	1.313	1.380	1.349	1.326	1.313	1.295	1.311	1.001	1.309	0.992	0.970	1.365	1.356	1.340	1.345	1.381	1.414	1.359	1.369	1.361	1.357	1.002	1.115	1.104	1.243	1.366	1.301	0.122	0.125	0.121	0.119	0.125	0.128	0.126
13:16:43	0.832	0.830	0.861	0.835	0.843	0.856	0.865	0.844	0.866	0.853	0.870	0.879	0.658	0.872	0.825	0.902	0.930	0.871	0.947	0.922	0.899	0.924	0.900	0.946	0.755	0.856	1.099	0.984	1.095	1.113	1.065	1.151	1.128	1.137	1.151	0.912	0.820	0.864	1.083	1.196	1.204	1.152	0.122	0.120	0.122	0.124	0.124	0.135	1.254	1.280	1.299	1.435	1.329	1.323	0.999	1.329	1.307	1.298	1.330	0.999	1.258	1.280	1.314	1.382	1.353	1.317	1.317	1.304	1.315	0.998	1.289	0.992	0.973	1.360	1.353	1.348	1.336	1.385	1.410	1.364	1.370	1.356	1.349	1.006	1.133	1.129	1.226	1.362	1.315	0.122	0.125	0.122	0.119	0.126	0.128	0.126
13:26:43	0.829	0.828	0.861	0.833	0.839	0.855	0.865	0.844	0.869	0.853	0.869	0.882	0.657	0.873	0.825	0.907	0.930	0.869	0.953	0.931	0.904	0.905	0.906	0.947	0.759	0.856	1.112	1.015	1.097	1.131	1.066	1.141	1.132	1.150	1.162	0.912	0.821	0.869	1.095	1.202	1.202	1.152	0.121	0.120	0.122	0.124	0.124	0.135	1.260	1.287	1.294	1.436	1.321	1.322	1.003	1.321	1.324	1.302	1.333	0.997	1.252	1.278	1.317	1.062	1.356	1.320	1.323	1.314	1.307	1.000	1.288	0.997	0.973	1.367	1.363	1.348	1.336	1.391	1.409	1.354	1.376	1.368	1.348	1.008	1.131	1.123	1.229	1.365	1.317	0.122	0.125	0.121	0.119	0.126	0.128	0.126
13:36:43	0.837	0.829	0.859	0.833	0.839	0.852	0.866	0.844	0.867	0.849	0.869	0.885	0.663	0.871	0.825	0.900	0.920	0.862	0.957	0.934	0.907	0.909	0.898	0.946	0.764	0.854	1.107	1.005	1.104	1.119	1.061	1.139	1.118	1.147	1.149	0.910	0.820	0.870	1.085	1.192	1.204	1.148	0.122	0.120	0.123	0.124	0.124	0.135	1.262	1.286	1.300	1.437	1.314	1.332	1.005	1.333	1.312	1.298	1.316	0.998	1.264	1.288	1.321	1.188	1.350	1.329	1.327	1.311	1.312	0.997	1.279	0.993	0.977	1.368	1.361	1.346	1.336	1.378	1.421	1.346	1.373	1.365	1.338	1.008	1.158	1.135	1.234	1.375	1.301	0.122	0.125	0.121	0.119	0.126	0.128	0.126
13:46:43	0.831	0.823	0.856	0.831	0.832	0.853	0.863	0.845	0.866	0.849	0.865	0.883	0.654	0.867	0.818	0.894	0.917	0.866	0.962	0.931	0.906	0.910	0.900	0.948	0.765	0.852	1.106	1.021	1.103	1.125	1.061	1.142	1.116	1.146	1.148	0.907	0.822	0.873	1.102	1.189	1.188	1.133	0.122	0.120	0.122	0.124	0.124	0.134	1.265	1.261	1.297	1.439	1.322	1.333	1.006	1.322	1.308	1.296	1.321	0.997	1.261	1.263	1.319	1.072	1.350	1.327	1.319	1.317	1.308	0.996	1.284	0.985	0.975	1.371	1.368	1.350	1.319	1.388	1.407	1.354	1.378	1.367	1.344	1.007	1.155	1.272	1.242	1.363	1.314	0.122	0.125	0.122	0.119	0.126	0.128	0.126
13:56:43	0.830	0.821	0.857	0.828	0.837	0.847	0.869	0.846	0.865	0.845	0.867	0.886	0.651	0.865	0.813	0.893	0.911	0.868	0.958	0.928	0.903	0.896	0.891	0.948	0.766	0.852	1.105	1.024	1.107	1.123	1.051	1.129	1.099	1.149	1.146	0.907	0.820	0.872	1.090	1.180	1.180	1.127	0.122	0.120	0.122	0.124	0.124	0.135	1.253	1.271	1.290	1.429	1.313	1.329	1.008	1.330	1.319	1.302	1.331	0.997	1.259	1.265	1.323	1.192	1.351	1.316	1.323	1.312	1.310	0.994	1.279	0.984	0.976	1.377	1.367	1.357	1.326	1.389	1.404	1.342	1.381	1.368	1.341	1.009	1.167	1.305	1.254	1.361	1.306	0.122	0.125	0.121	0.119	0.126	0.128	0.126
14:06:43	0.830	0.824	0.856	0.830	0.838	0.846	0.866	0.844	0.868	0.846	0.869	0.885	0.650	0.859	0.816	0.884	0.914	0.872	0.958	0.924	0.897	0.900	0.891	0.951	0.764	0.852	1.096	1.009	1.102	1.120	1.048	1.130	1.081	1.137	1.138	0.910	0.819	0.875	1.091	1.167	1.165	1.123	0.122	0.120	0.122	0.124	0.124	0.134	1.252	1.277	1.300	1.429	1.295	1.331	1.008	1.327	1.315	1.321	1.325	0.994	1.260	1.266	1.313	1.136	1.336	1.315	1.332	1.313	1.315	0.992	1.278	0.984	0.978	1.384	1.373	1.362	1.344	1.396	1.403	1.342	1.360	1.361	1.336	1.011	1.165	1.302	1.256	1.358	1.297	0.122	0.125	0.121	0.119	0.126	0.128	0.126
14:16:43	0.836	0.829	0.860	0.832	0.839	0.846	0.870	0.846	0.868	0.850	0.871	0.893	0.648	0.849	0.810	0.872	0.904	0.875	0.954	0.917	0.890	0.894	0.887	0.952	0.767	0.852	1.082	1.012	1.092	1.113	1.023	1.100	1.049	1.118	1.113	0.912	0.822	0.860	1.078	1.161	1.157	1.120	0.121	0.120	0.123	0.124	0.124	0.135	1.244	1.276	1.296	1.430	1.300	1.306	1.009	1.325	1.322	1.306	1.312	0.994	1.262	1.272	1.314	1.266	1.334	1.298	1.322	1.315	1.315	0.992	1.255	0.982	0.978	1.369	1.369	1.356	1.342	1.396	1.394	1.348	1.350	1.358	1.319	1.010	1.190	1.294	1.260	1.354	1.296	0.122	0.125	0.121	0.119	0.126	0.128	0.126
14:26:43	0.830	0.826	0.861	0.830	0.832	0.841	0.868	0.845	0.870	0.851	0.874	0.895	0.648	0.860	0.805	0.882	0.913	0.872	0.952	0.918	0.896	0.894	0.891	0.955	0.761	0.849	1.086	1.025	1.100	1.121	1.035	1.115	1.064	1.134	1.120	0.919	0.819	0.867	1.092	1.166	1.158	1.110	0.122	0.120	0.122	0.124	0.124	0.134	1.243	1.269	1.301	1.425	1.306	1.320	1.008	1.327	1.325	1.315	1.311	0.994	1.259	1.269	1.295	1.324	1.329	1.306	1.328	1.328	1.321	0.990	1.248	0.980	0.977	1.376	1.372	1.362	1.347	1.395	1.384	1.344	1.343	1.351	1.325	1.010	1.172	1.292	1.271	1.348	1.294	0.122	0.125	0.121	0.119	0.126	0.128	0.126
14:36:43	0.830	0.827	0.865	0.834	0.832	0.842	0.870	0.846	0.868	0.856	0.874	0.899	0.648	0.842	0.805	0.874	0.907	0.875	0.942	0.913	0.889	0.891	0.890	0.956	0.761	0.848	1.068	1.000	1.089	1.114	1.022	1.092	1.044	1.117	1.103	0.912	0.818	0.856	1.067	1.152	1.147	1.119	0.122	0.120	0.122	0.124	0.124	0.134	1.238	1.265	1.323	1.420	1.300	1.317	1.008	1.323	1.323	1.317	1.311	0.993	1.254	1.268	1.302	1.337	1.327	1.303	1.331	1.323	1.326	0.988	1.225	0.973	0.975	1.381	1.363	1.357	1.364	1.390	1.381	1.334	1.336	1.358	1.318	1.008	1.185	1.298	1.264	1.343	1.291	0.122	0.125	0.121	0.119	0.126	0.128	0.126
14:46:43	0.832	0.832	0.868	0.831	0.836	0.839	0.871	0.845	0.872	0.856	0.873	0.899	0.648	0.848	0.805	0.873	0.908	0.875	0.936	0.910	0.889	0.905	0.889	0.960	0.759	0.846	1.066	1.011	1.083	1.103	1.012	1.089	1.048	1.116	1.099	0.914	0.816	0.860	1.072	1.152	1.149	1.107	0.121	0.120	0.122	0.124	0.124	0.135	1.233	1.255	1.319	1.418	1.294	1.312	1.006	1.315	1.312	1.319	1.293	0.992	1.250	1.258	1.314	1.332	1.325	1.296	1.328	1.313	1.312	0.988	1.224	0.976	0.976	1.374	1.359	1.361	1.354	1.391	1.373	1.329	1.322	1.348	1.301	1.007	1.183	1.298	1.277	1.335	1.280	0.122	0.125	0.121	0.119	0.126	0.128	0.126
14:56:43	0.831	0.832	0.872	0.832	0.837	0.837	0.868	0.848	0.870	0.857	0.874	0.900	0.648	0.844	0.805	0.871	0.900	0.876	0.929	0.904	0.878	0.914	0.889	0.958	0.755	0.848	1.059	0.977	1.071	1.095	1.010	1.089	1.031	1.102	1.085	0.913	0.813	0.844	1.057	1.144	1.146	1.103	0.122	0.120	0.122	0.124	0.124	0.134	1.223	1.254	1.310	1.418	1.287	1.305	1.004	1.309	1.313	1.313	1.285	0.992	1.246	1.259	1.290	1.327	1.309	1.301	1.323	1.322	1.316	0.986	1.215	0.976	0.972	1.371	1.350	1.350	1.357	1.391	1.368	1.323	1.314	1.339	1.289	1.008	1.196	1.298	1.265	1.336	1.269	0.122	0.126	0.121	0.119	0.126	0.128	0.126
15:06:43	0.834	0.832	0.874	0.839	0.839	0.833	0.868	0.847	0.871	0.859	0.874	0.898	0.651	0.835	0.805	0.862	0.897	0.876	0.914	0.893	0.876	0.904	0.884	0.958	0.752	0.847	1.033	0.954	1.053	1.079	0.998	1.065	1.022	1.083	1.057	0.916	0.813	0.843	1.041	1.139	1.136	1.092	0.121	0.120	0.122	0.124	0.123	0.134	1.222	1.244	1.291	1.392	1.278	1.285	1.002	1.301	1.296	1.290	1.271	0.991	1.232	1.261	1.288	1.321	1.318	1.288	1.308	1.315	1.312	0.985	1.202	0.981	0.971	1.357	1.351	1.350	1.335	1.376	1.352	1.308	1.308	1.319	1.270	1.009	1.202	1.274	1.262	1.325	1.256	0.122	0.125	0.121	0.119	0.126	0.128	0.126
15:16:43	0.834	0.838	0.873	0.841	0.846	0.832	0.869	0.849	0.871	0.861	0.876	0.901	0.650	0.834	0.805	0.860	0.888	0.875	0.907	0.894	0.879	0.896	0.887	0.959	0.752	0.849	1.023	0.939	1.033	1.076	0.987	1.037	1.001	1.067	1.052	0.915	0.808	0.840	1.032	1.122	1.139	1.079	0.122	0.120	0.122	0.124	0.123	0.135	1.205	1.231	1.267	1.379	1.263	1.278	1.000	1.282	1.296	1.279	1.256	0.991	1.219	1.253	1.275	1.323	1.313	1.286	1.290	1.299	1.308	0.984	1.190	0.983	0.972	1.348	1.331	1.346	1.329	1.375	1.344	1.309	1.290	1.316	1.253	1.007	1.206	1.188	1.266	1.310	1.242	0.122	0.125	0.121	0.119	0.126	0.128	0.126
15:26:43	0.833	0.838	0.870	0.833	0.841	0.835	0.869	0.849	0.874	0.862	0.878	0.903	0.650	0.841	0.803	0.871	0.895	0.873	0.918	0.899	0.891	0.907	0.890	0.959	0.750	0.847	1.027	0.959	1.052	1.083	1.016	1.068	1.037	1.085	1.068	0.912	0.814	0.842	1.050	1.133	1.150	1.103	0.122	0.120	0.122	0.124	0.124	0.134	1.204	1.236	1.277	1.379	1.259	1.284	1.004	1.295	1.299	1.293	1.268	0.992	1.232	1.256	1.275	1.328	1.313	1.295	1.296	1.298	1.297	0.984	1.211	0.978	0.974	1.363	1.330	1.333	1.332	1.379	1.346	1.320	1.303	1.330	1.261	1.005	1.206	1.152	1.270	1.307	1.245	0.122	0.125	0.121	0.119	0.126	0.128	0.126
15:36:43	0.833	0.836	0.869	0.838	0.841	0.837	0.867	0.847	0.873	0.862	0.879	0.906	0.649	0.841	0.804	0.868	0.899	0.879	0.907	0.889	0.888	0.897	0.888	0.955	0.751	0.847	1.015	0.943	1.048	1.071	1.008	1.046	1.024	1.081	1.062	0.913	0.811	0.837	1.036	1.131	1.145	1.093	0.121	0.120	0.122	0.124	0.124	0.134	1.207	1.233	1.276	1.381	1.264	1.280	1.000	1.288	1.281	1.288	1.263	0.993	1.226	1.260	1.266	1.322	1.307	1.284	1.294	1.298	1.293	0.983	1.206	0.974	0.976	1.354	1.321	1.337	1.329	1.365	1.341	1.316	1.322	1.331	1.249	1.003	1.206	1.139	1.257	1.303	1.236	0.122	0.125	0.121	0.119	0.126	0.128	0.126
15:46:43	0.835	0.835	0.869	0.838	0.841	0.836	0.869	0.848	0.873	0.860	0.876	0.904	0.649	0.842	0.803	0.872	0.896	0.876	0.908	0.891	0.892	0.897	0.888	0.956	0.747	0.846	1.023	0.951	1.046	1.070	1.018	1.047	1.030	1.083	1.066	0.911	0.809	0.839	1.038	1.132	1.144	1.092	0.121	0.120	0.122	0.124	0.123	0.134	1.212	1.234	1.272	1.372	1.261	1.286	0.998	1.292	1.282	1.285	1.262	0.993	1.228	1.254	1.269	1.236	1.306	1.281	1.278	1.299	1.282	0.983	1.206	0.970	0.981	1.347	1.318	1.323	1.324	1.359	1.336	1.313	1.306	1.329	1.255	1.002	1.198	1.196	1.240	1.298	1.243	0.122	0.125	0.121	0.119	0.126	0.128	0.126
15:56:43	0.834	0.836	0.872	0.844	0.845	0.832	0.870	0.849	0.872	0.861	0.878	0.905	0.644	0.840	0.803	0.862	0.886	0.875	0.900	0.889	0.890	0.897	0.886	0.958	0.749	0.844	1.011	0.929	1.025	1.061	0.990	1.045	1.013	1.067	1.053	0.915	0.804	0.839	1.018	1.130	1.137	1.087	0.122	0.120	0.122	0.124	0.124	0.135	1.199	1.227	1.261	1.363	1.252	1.277	0.998	1.286	1.277	1.288	1.266	0.995	1.222	1.254	1.269	1.042	1.300	1.269	1.284	1.295	1.276	0.985	1.194	0.970	0.984	1.346	1.311	1.324	1.318	1.357	1.338	1.306	1.320	1.326	1.252	1.002	1.204	1.212	1.246	1.307	1.228	0.123	0.125	0.121	0.119	0.126	0.128	0.126
16:06:43	0.834	0.836	0.873	0.837	0.843	0.830	0.871	0.854	0.875	0.861	0.875	0.901	0.646	0.845	0.803	0.862	0.891	0.872	0.903	0.891	0.894	0.894	0.888	0.958	0.745	0.845	1.005	0.927	1.024	1.060	1.005	1.039	1.020	1.064	1.058	0.912	0.806	0.838	1.021	1.122	1.141	1.087	0.122	0.120	0.122	0.124	0.123	0.134	1.190	1.220	1.267	1.356	1.255	1.275	0.992	1.294	1.274	1.284	1.265	0.996	1.213	1.244	1.264	1.057	1.302	1.271	1.276	1.291	1.284	0.983	1.190	0.970	0.988	1.324	1.311	1.326	1.308	1.352	1.332	1.309	1.309	1.328	1.243	1.002	1.204	1.132	1.239	1.298	1.228	0.122	0.125	0.121	0.119	0.126	0.128	0.126
16:16:43	0.832	0.836	0.872	0.843	0.846	0.829	0.874	0.856	0.878	0.862	0.879	0.904	0.643	0.841	0.803	0.857	0.889	0.875	0.898	0.890	0.890	0.900	0.886	0.957	0.746	0.844	0.993	0.919	1.021	1.054	0.984	1.032	1.004	1.053	1.052	0.919	0.801	0.838	1.013	1.129	1.136	1.073	0.121	0.120	0.122	0.124	0.124	0.135	1.184	1.212	1.256	1.353	1.235	1.263	0.995	1.281	1.272	1.282	1.253	0.998	1.217	1.232	1.260	1.040	1.306	1.255	1.274	1.276	1.272	0.984	1.195	0.971	0.990	1.334	1.301	1.321	1.310	1.347	1.334	1.306	1.313	1.318	1.255	1.002	1.193	1.196	1.231	1.297	1.223	0.122	0.125	0.121	0.119	0.126	0.128	0.126
16:26:43	0.837	0.836	0.867	0.834	0.839	0.830	0.870	0.856	0.876	0.859	0.876	0.900	0.646	0.842	0.801	0.868	0.894	0.874	0.908	0.895	0.895	0.905	0.887	0.957	0.745	0.843	1.017	0.959	1.023	1.061	1.009	1.060	1.022	1.079	1.059	0.912	0.805	0.838	1.032	1.137	1.150	1.088	0.121	0.120	0.122	0.124	0.123	0.134	1.186	1.215	1.269	1.357	1.239	1.284	0.994	1.295	1.281	1.282	1.257	0.996	1.210	1.241	1.269	1.154	1.288	1.267	1.271	1.286	1.274	0.981	1.200	0.968	0.990	1.330	1.307	1.312	1.315	1.338	1.338	1.314	1.311	1.323	1.253	1.000	1.186	1.127	1.211	1.302	1.228	0.122	0.125	0.121	0.119	0.126	0.128	0.126
16:36:43	0.836	0.837	0.869	0.843	0.840	0.831	0.874	0.857	0.876	0.861	0.875	0.900	0.647	0.842	0.803	0.862	0.888	0.872	0.899	0.892	0.892	0.905	0.887	0.957	0.745	0.845	0.989	0.927	1.017	1.054	0.989	1.043	1.011	1.055	1.050	0.913	0.803	0.838	1.018	1.134	1.154	1.074	0.121	0.120	0.122	0.124	0.123	0.134	1.178	1.216	1.261	1.353	1.222	1.271	0.992	1.283	1.274	1.270	1.248	0.997	1.214	1.236	1.263	1.162	1.301	1.251	1.273	1.279	1.281	0.981	1.197	0.969	0.991	1.316	1.306	1.308	1.313	1.340	1.330	1.308	1.303	1.312	1.245	0.999	1.185	1.075	1.231	1.303	1.222	0.123	0.125	0.122	0.119	0.126	0.128	0.126
16:46:43	0.840	0.835	0.869	0.840	0.841	0.833	0.878	0.862	0.883	0.865	0.882	0.905	0.644	0.842	0.802	0.864	0.881	0.874	0.893	0.885	0.888	0.898	0.889	0.956	0.746	0.842	0.983	0.909	1.001	1.034	0.987	1.030	1.004	1.040	1.036	0.911	0.808	0.838	1.005	1.117	1.146	1.074	0.121	0.120	0.122	0.124	0.124	0.134	1.166	1.207	1.252	1.345	1.215	1.267	0.994	1.290	1.260	1.266	1.247	0.997	1.202	1.226	1.250	1.046	1.297	1.246	1.273	1.275	1.275	0.981	1.181	0.966	0.991	1.308	1.302	1.303	1.298	1.327	1.327	1.305	1.296	1.306	1.241	1.000	1.186	1.166	1.225	1.296	1.215	0.123	0.125	0.121	0.119	0.126	0.128	0.126
16:56:43	0.842	0.834	0.869	0.836	0.842	0.831	0.878	0.859	0.884	0.863	0.877	0.904	0.642	0.845	0.804	0.865	0.893	0.875	0.904	0.896	0.892	0.895	0.893	0.956	0.743	0.845	0.987	0.925	1.019	1.052	1.007	1.043	1.018	1.064	1.052	0.911	0.810	0.836	1.027	1.136	1.144	1.085	0.121	0.120	0.122	0.124	0.123	0.134	1.175	1.214	1.258	1.347	1.228	1.268	0.991	1.290	1.270	1.270	1.260	0.998	1.216	1.226	1.254	1.122	1.290	1.257	1.265	1.284	1.270	0.979	1.188	0.963	0.993	1.306	1.300	1.319	1.286	1.317	1.331	1.299	1.301	1.313	1.242	0.998	1.179	1.125	1.226	1.308	1.228	0.122	0.125	0.121	0.119	0.126	0.128	0.126
17:06:43	0.839	0.840	0.869	0.847	0.848	0.828	0.876	0.857	0.882	0.862	0.880	0.908	0.643	0.844	0.800	0.861	0.882	0.875	0.891	0.883	0.885	0.890	0.887	0.954	0.746	0.842	0.990	0.913	0.992	1.035	0.986	1.033	0.993	1.043	1.029	0.914	0.797	0.839	0.998	1.124	1.138	1.052	0.121	0.120	0.122	0.124	0.123	0.134	1.167	1.194	1.231	1.341	1.208	1.263	0.990	1.286	1.258	1.266	1.243	0.998	1.206	1.224	1.244	1.206	1.293	1.238	1.270	1.274	1.267	0.981	1.176	0.968	0.992	1.310	1.298	1.307	1.285	1.331	1.328	1.292	1.305	1.302	1.226	0.999	1.168	1.177	1.206	1.289	1.212	0.122	0.125	0.121	0.119	0.125	0.128	0.126
17:16:43	0.841	0.842	0.872	0.843	0.844	0.825	0.874	0.864	0.885	0.863	0.875	0.903	0.643	0.843	0.803	0.867	0.880	0.873	0.893	0.888	0.890	0.898	0.886	0.955	0.744	0.843	0.985	0.926	1.007	1.029	0.988	1.036	1.005	1.054	1.041	0.916	0.802	0.845	1.010	1.128	1.155	1.053	0.121	0.120	0.122	0.124	0.123	0.135	1.165	1.202	1.227	1.334	1.216	1.263	0.990	1.279	1.252	1.265	1.241	0.996	1.204	1.220	1.236	1.260	1.296	1.247	1.263	1.270	1.273	0.979	1.188	0.972	0.990	1.301	1.300	1.298	1.275	1.329	1.323	1.283	1.289	1.294	1.229	0.998	1.167	1.103	1.204	1.289	1.207	0.123	0.125	0.121	0.119	0.126	0.128	0.126
17:26:43	0.839	0.839	0.871	0.841	0.844	0.824	0.875	0.864	0.888	0.862	0.878	0.905	0.643	0.841	0.802	0.867	0.880	0.876	0.893	0.882	0.889	0.891	0.883	0.955	0.745	0.843	0.978	0.911	1.001	1.008	0.974	1.017	0.987	1.044	1.027	0.913	0.800	0.842	1.011	1.123	1.151	1.047	0.121	0.120	0.123	0.124	0.123	0.134	1.153	1.195	1.215	1.331	1.196	1.243	0.988	1.271	1.261	1.258	1.240	0.996	1.193	1.214	1.238	1.266	1.291	1.231	1.264	1.259	1.258	0.981	1.168	0.971	0.989	1.293	1.293	1.289	1.272	1.322	1.312	1.283	1.292	1.287	1.217	0.998	1.167	1.172	1.215	1.296	1.207	0.123	0.125	0.121	0.119	0.125	0.128	0.126
17:36:43	0.841	0.840	0.869	0.842	0.846	0.827	0.877	0.865	0.888	0.863	0.875	0.907	0.641	0.842	0.803	0.863	0.882	0.873	0.893	0.883	0.887	0.888	0.883	0.954	0.745	0.843	0.964	0.914	0.995	1.005	0.979	1.023	0.994	1.052	1.024	0.915	0.803	0.846	1.002	1.117	1.147	1.046	0.121	0.120	0.123	0.124	0.123	0.134	1.159	1.190	1.219	1.336	1.208	1.247	0.989	1.277	1.258	1.259	1.240	0.995	1.191	1.202	1.244	1.290	1.278	1.227	1.262	1.267	1.257	0.980	1.174	0.970	0.990	1.282	1.284	1.283	1.266	1.313	1.315	1.274	1.305	1.293	1.221	0.998	1.175	1.203	1.203	1.292	1.213	0.122	0.124	0.121	0.119	0.125	0.128	0.126
17:46:43	0.845	0.838	0.867	0.841	0.844	0.828	0.884	0.872	0.895	0.866	0.882	0.909	0.644	0.843	0.801	0.857	0.881	0.876	0.891	0.884	0.891	0.894	0.891	0.956	0.745	0.842	0.970	0.902	1.001	1.008	0.984	1.024	0.996	1.040	1.029	0.912	0.803	0.846	1.004	1.114	1.145	1.042	0.121	0.120	0.122	0.124	0.123	0.134	1.155	1.184	1.215	1.333	1.212	1.242	0.991	1.271	1.267	1.261	1.238	0.995	1.194	1.200	1.233	1.293	1.274	1.222	1.258	1.268	1.255	0.977	1.174	0.965	0.988	1.272	1.279	1.287	1.268	1.317	1.312	1.272	1.294	1.287	1.224	0.997	1.162	1.203	1.212	1.277	1.212	0.123	0.125	0.121	0.119	0.126	0.128	0.126
17:56:43	0.846	0.840	0.872	0.841	0.849	0.828	0.884	0.874	0.897	0.869	0.883	0.909	0.643	0.844	0.805	0.856	0.878	0.876	0.891	0.886	0.889	0.896	0.889	0.953	0.744	0.842	0.948	0.894	0.977	0.997	0.968	1.012	0.987	1.026	1.012	0.915	0.800	0.847	0.983	1.095	1.145	1.027	0.121	0.120	0.122	0.124	0.123	0.134	1.146	1.167	1.210	1.328	1.200	1.238	0.988	1.268	1.265	1.257	1.231	0.996	1.180	1.208	1.225	1.285	1.268	1.225	1.258	1.262	1.268	0.977	1.164	0.962	0.989	1.266	1.272	1.282	1.260	1.304	1.312	1.272	1.303	1.280	1.218	0.998	1.152	1.169	1.198	1.273	1.212	0.123	0.125	0.122	0.119	0.126	0.128	0.126
18:06:43	0.848	0.838	0.870	0.839	0.847	0.827	0.883	0.869	0.897	0.866	0.882	0.909	0.641	0.842	0.800	0.855	0.880	0.873	0.894	0.888	0.892	0.897	0.888	0.952	0.744	0.845	0.950	0.902	0.998	1.007	0.980	1.018	0.993	1.037	1.023	0.914	0.803	0.846	0.991	1.102	1.143	1.035	0.121	0.120	0.122	0.124	0.123	0.134	1.155	1.173	1.205	1.334	1.199	1.236	0.987	1.264	1.257	1.255	1.237	0.996	1.174	1.201	1.228	1.287	1.273	1.223	1.258	1.254	1.255	0.980	1.173	0.964	0.990	1.266	1.272	1.280	1.267	1.305	1.300	1.273	1.287	1.285	1.224	0.999	1.150	1.201	1.150	1.282	1.219	0.123	0.125	0.121	0.119	0.126	0.128	0.126
18:16:43	0.843	0.841	0.873	0.841	0.852	0.827	0.881	0.873	0.899	0.863	0.880	0.908	0.644	0.843	0.801	0.848	0.878	0.874	0.886	0.882	0.890	0.891	0.885	0.954	0.747	0.839	0.933	0.896	0.989	1.003	0.967	1.003	0.982	1.031	1.020	0.917	0.795	0.844	0.983	1.087	1.138	1.035	0.121	0.120	0.121	0.124	0.123	0.134	1.143	1.174	1.199	1.327	1.184	1.226	0.987	1.261	1.249	1.253	1.229	0.995	1.168	1.206	1.221	1.285	1.264	1.221	1.262	1.249	1.261	0.982	1.157	0.964	0.986	1.257	1.258	1.280	1.266	1.302	1.298	1.274	1.273	1.279	1.211	0.996	1.153	1.146	1.177	1.283	1.210	0.123	0.125	0.121	0.119	0.125	0.128	0.126
18:26:43	0.843	0.835	0.868	0.834	0.843	0.825	0.876	0.870	0.892	0.866	0.878	0.903	0.640	0.844	0.797	0.854	0.884	0.874	0.902	0.889	0.892	0.897	0.888	0.955	0.744	0.844	0.957	0.938	1.009	1.021	0.984	1.029	0.987	1.053	1.018	0.916	0.805	0.847	1.007	1.112	1.142	1.048	0.121	0.120	0.122	0.124	0.123	0.134	1.154	1.186	1.214	1.335	1.197	1.238	0.984	1.263	1.259	1.261	1.238	0.996	1.183	1.208	1.224	1.284	1.273	1.236	1.261	1.260	1.262	0.979	1.167	0.965	0.986	1.264	1.264	1.276	1.274	1.312	1.297	1.280	1.292	1.288	1.218	0.999	1.159	1.169	1.157	1.293	1.213	0.123	0.125	0.121	0.119	0.125	0.128	0.126
18:36:43	0.844	0.839	0.869	0.842	0.846	0.824	0.877	0.869	0.891	0.862	0.876	0.903	0.642	0.845	0.800	0.854	0.887	0.875	0.896	0.888	0.892	0.883	0.887	0.954	0.746	0.842	0.953	0.914	1.010	1.028	0.982	1.028	0.996	1.051	1.036	0.916	0.796	0.846	1.012	1.111	1.141	1.051	0.121	0.119	0.122	0.124	0.123	0.134	1.141	1.191	1.208	1.333	1.206	1.243	0.987	1.271	1.268	1.254	1.241	0.994	1.184	1.209	1.236	1.286	1.287	1.234	1.265	1.264	1.259	0.979	1.161	0.965	0.986	1.253	1.273	1.281	1.262	1.315	1.306	1.276	1.291	1.280	1.223	0.998	1.151	1.188	1.200	1.297	1.209	0.123	0.125	0.121	0.119	0.125	0.128	0.126
18:46:43	0.846	0.838	0.868	0.838	0.849	0.824	0.879	0.875	0.893	0.863	0.878	0.903	0.640	0.843	0.802	0.852	0.882	0.873	0.894	0.883	0.890	0.893	0.886	0.954	0.745	0.843	0.961	0.905	0.998	1.012	0.987	1.018	0.991	1.027	1.021	0.915	0.803	0.845	1.004	1.101	1.143	1.044	0.121	0.119	0.121	0.124	0.123	0.134	1.147	1.173	1.207	1.323	1.194	1.241	0.987	1.268	1.268	1.254	1.241	0.997	1.169	1.205	1.226	1.285	1.284	1.226	1.265	1.260	1.256	0.979	1.157	0.965	0.985	1.241	1.272	1.272	1.254	1.306	1.298	1.268	1.288	1.282	1.223	0.996	1.158	1.187	1.161	1.280	1.206	0.123	0.124	0.121	0.119	0.125	0.127	0.126
18:56:43	0.845	0.839	0.867	0.842	0.847	0.825	0.880	0.878	0.897	0.868	0.879	0.903	0.641	0.844	0.803	0.852	0.874	0.873	0.887	0.880	0.887	0.883	0.885	0.954	0.745	0.842	0.934	0.903	0.982	1.007	0.981	1.012	0.985	1.025	1.012	0.916	0.803	0.846	1.000	1.101	1.133	1.029	0.121	0.120	0.122	0.124	0.123	0.134	1.147	1.171	1.204	1.327	1.194	1.231	0.985	1.256	1.250	1.253	1.233	0.994	1.168	1.191	1.215	1.282	1.271	1.212	1.252	1.260	1.244	0.981	1.149	0.963	0.986	1.227	1.258	1.264	1.251	1.299	1.291	1.262	1.295	1.278	1.214	0.995	1.156	1.179	1.194	1.277	1.198	0.123	0.125	0.121	0.119	0.125	0.127	0.126
19:06:43	0.845	0.838	0.869	0.848	0.851	0.824	0.884	0.879	0.900	0.868	0.881	0.906	0.642	0.842	0.800	0.850	0.872	0.875	0.885	0.878	0.888	0.887	0.883	0.955	0.745	0.839	0.922	0.890	0.974	0.995	0.963	1.001	0.972	1.013	0.991	0.917	0.795	0.844	0.984	1.089	1.137	1.017	0.121	0.119	0.121	0.124	0.123	0.134	1.131	1.167	1.193	1.314	1.180	1.222	0.986	1.249	1.248	1.248	1.226	0.996	1.162	1.179	1.215	1.276	1.264	1.203	1.242	1.253	1.236	0.979	1.140	0.962	0.986	1.219	1.257	1.264	1.255	1.293	1.287	1.268	1.277	1.270	1.202	0.997	1.158	1.165	1.176	1.280	1.194	0.123	0.125	0.121	0.119	0.126	0.128	0.126
19:16:43	0.842	0.836	0.867	0.848	0.849	0.824	0.883	0.881	0.899	0.870	0.881	0.904	0.641	0.842	0.801	0.851	0.874	0.873	0.890	0.884	0.887	0.891	0.882	0.955	0.745	0.841	0.926	0.906	0.967	0.998	0.954	1.008	0.966	1.008	0.990	0.917	0.799	0.849	0.991	1.091	1.149	1.019	0.121	0.120	0.122	0.124	0.123	0.134	1.130	1.173	1.194	1.315	1.175	1.215	0.985	1.242	1.246	1.245	1.228	0.993	1.155	1.169	1.213	1.265	1.262	1.209	1.233	1.245	1.239	0.980	1.139	0.966	0.985	1.208	1.250	1.259	1.248	1.291	1.287	1.258	1.259	1.262	1.207	0.995	1.166	1.083	1.148	1.276	1.198	0.123	0.125	0.121	0.119	0.125	0.127	0.126
19:26:43	0.844	0.836	0.869	0.851	0.851	0.822	0.886	0.881	0.898	0.871	0.881	0.905	0.640	0.841	0.800	0.853	0.873	0.870	0.888	0.877	0.889	0.887	0.883	0.953	0.743	0.842	0.913	0.896	0.964	0.979	0.955	0.995	0.966	1.011	1.001	0.918	0.799	0.846	0.995	1.090	1.138	1.011	0.121	0.120	0.122	0.123	0.123	0.134	1.124	1.156	1.188	1.314	1.179	1.214	0.984	1.231	1.246	1.240	1.222	0.995	1.153	1.174	1.218	1.274	1.252	1.200	1.242	1.239	1.233	0.979	1.146	0.967	0.984	1.212	1.244	1.263	1.243	1.294	1.278	1.259	1.268	1.255	1.196	0.995	1.162	1.122	1.183	1.290	1.195	0.122	0.125	0.121	0.119	0.125	0.127	0.126
19:36:43	0.843	0.833	0.870	0.847	0.850	0.822	0.880	0.879	0.898	0.865	0.878	0.904	0.639	0.842	0.799	0.848	0.874	0.871	0.887	0.877	0.886	0.889	0.880	0.952	0.746	0.839	0.922	0.890	0.972	0.984	0.956	0.998	0.972	1.015	1.005	0.918	0.798	0.846	0.997	1.091	1.141	1.020	0.121	0.119	0.122	0.123	0.123	0.134	1.127	1.164	1.196	1.313	1.185	1.218	0.984	1.226	1.239	1.243	1.221	0.996	1.156	1.178	1.213	1.262	1.260	1.200	1.234	1.239	1.237	0.980	1.143	0.971	0.984	1.220	1.249	1.263	1.242	1.285	1.282	1.255	1.262	1.260	1.197	0.996	1.158	1.170	1.195	1.292	1.203	0.123	0.125	0.121	0.119	0.125	0.127	0.126
19:46:43	0.849	0.833	0.868	0.843	0.843	0.824	0.882	0.884	0.896	0.871	0.883	0.904	0.640	0.843	0.801	0.855	0.877	0.872	0.892	0.885	0.890	0.889	0.885	0.955	0.742	0.841	0.936	0.898	0.990	0.992	0.965	1.002	0.979	1.033	1.003	0.914	0.801	0.847	1.007	1.105	1.142	1.028	0.121	0.120	0.123	0.124	0.123	0.134	1.139	1.168	1.207	1.320	1.182	1.227	0.984	1.228	1.245	1.252	1.227	0.993	1.163	1.190	1.216	1.277	1.262	1.206	1.239	1.246	1.240	0.977	1.145	0.970	0.984	1.225	1.259	1.266	1.256	1.294	1.280	1.263	1.273	1.273	1.208	0.995	1.155	1.175	1.173	1.290	1.202	0.123	0.125	0.121	0.119	0.125	0.128	0.126
19:56:43	0.845	0.834	0.867	0.849	0.847	0.822	0.881	0.883	0.897	0.870	0.878	0.902	0.640	0.843	0.798	0.848	0.873	0.873	0.888	0.882	0.886	0.887	0.883	0.953	0.742	0.841	0.918	0.890	0.971	0.987	0.965	0.998	0.974	1.011	0.992	0.914	0.800	0.851	0.997	1.085	1.138	1.025	0.121	0.119	0.124	0.124	0.123	0.134	1.126	1.164	1.193	1.321	1.180	1.214	0.981	1.230	1.242	1.241	1.220	0.994	1.155	1.182	1.220	1.279	1.258	1.203	1.231	1.241	1.230	0.979	1.135	0.967	0.984	1.203	1.247	1.258	1.254	1.287	1.283	1.255	1.263	1.261	1.206	0.995	1.151	1.190	1.167	1.281	1.194	0.123	0.125	0.121	0.119	0.125	0.127	0.126
20:06:43	0.848	0.832	0.871	0.849	0.853	0.825	0.889	0.886	0.903	0.873	0.889	0.910	0.637	0.847	0.798	0.852	0.872	0.877	0.886	0.882	0.891	0.885	0.886	0.953	0.744	0.845	0.910	0.879	0.965	0.973	0.958	0.993	0.959	1.003	0.992	0.913	0.797	0.847	0.992	1.085	1.135	1.003	0.121	0.119	0.121	0.124	0.123	0.133	1.115	1.161	1.188	1.315	1.173	1.213	0.983	1.221	1.236	1.242	1.210	0.995	1.150	1.171	1.212	1.266	1.247	1.205	1.226	1.235	1.226	0.978	1.121	0.962	0.983	1.198	1.242	1.259	1.239	1.281	1.278	1.248	1.265	1.248	1.184	0.994	1.147	1.074	1.178	1.276	1.188	0.123	0.124	0.121	0.119	0.125	0.127	0.126
20:16:43	0.848	0.833	0.869	0.847	0.850	0.824	0.884	0.885	0.900	0.870	0.881	0.905	0.641	0.842	0.801	0.848	0.875	0.874	0.889	0.882	0.884	0.891	0.880	0.952	0.743	0.846	0.916	0.875	0.962	0.976	0.957	1.010	0.961	1.013	0.992	0.914	0.800	0.851	0.999	1.081	1.142	1.019	0.121	0.119	0.121	0.124	0.123	0.134	1.121	1.154	1.198	1.312	1.167	1.217	0.982	1.227	1.237	1.239	1.211	0.995	1.147	1.176	1.216	1.265	1.257	1.203	1.224	1.237	1.229	0.976	1.134	0.962	0.985	1.179	1.244	1.252	1.243	1.276	1.280	1.248	1.262	1.255	1.190	0.993	1.153	1.146	1.192	1.279	1.192	0.123	0.125	0.121	0.119	0.125	0.128	0.126
0:00:00																																																																																																
0:00:00																																																																																																
0:00:00																																																																																																
0:00:00																																																																																																
0:00:00																																																																																																
0:00:00																																																																																																
0:00:00																																																																																																
0:00:00																																																																																																
0:00:00																																																																																																
0:00:00																																																																																																
0:00:00																																																																																																
0:00:00																																																																																																
0:00:00																																																																																																
0:00:00																																																																																																
0:00:00																																																																																																
0:00:00																																																																																																
0:00:00																																																																																																
0:00:00																																																																																																
0:00:00																																																																																																
0:00:00																																																																																																
0:00:00																																																																																																
0:00:00																																																																																																
0:00:00																																																																																																
0:00:00																																																																																																
0:00:00																																																																																																
0:00:00																																																																																																
0:00:00																																																																																																
0:00:00																																																																																																
0:00:00																																																																																																
0:00:00																																																																																																
0:00:00																																																																																																
0:00:00																																																																																																

