EGFP:488,507[2]

Kinetic read	A1	A2	A3	A4	A5	A6	A7	A8	A9	A10	A11	A12	B1	B2	B3	B4	B5	B6	B7	B8	B9	B10	B11	B12	C1	C2	C3	C4	C5	C6	C7	C8	C9	C10	C11	C12	D1	D2	D3	D4	D5	D6	D7	D8	D9	D10	D11	D12	E1	E2	E3	E4	E5	E6	E7	E8	E9	E10	E11	E12	F1	F2	F3	F4	F5	F6	F7	F8	F9	F10	F11	F12	G1	G2	G3	G4	G5	G6	G7	G8	G9	G10	G11	G12	H1	H2	H3	H4	H5	H6	H7	H8	H9	H10	H11	H12
0:09:17	1860	1860	1901	1849	1889	1848	1855	1990	1951	2024	1897	1944	1774	1961	1900	1881	1945	1834	1896	1967	1848	1938	1849	1807	1792	1892	1856	2017	1808	1890	2071	2028	2161	1908	1860	1901	1852	1849	1803	2121	2199	2220	1828	1881	1857	1886	1833	1837	1942	1893	1975	1841	2000	1985	1941	1891	1869	2066	2040	1992	2043	1993	1974	1922	1997	1988	2089	1953	2073	2013	2301	1950	1932	1855	1956	1866	2026	1891	2264	2267	2249	1982	1982	2012	1844	2004	1974	2195	2176	1422	1908	1898	1931	1382	1334	1359
0:19:17	1861	1810	1767	1808	1779	1793	2027	1905	1903	1933	1906	1992	1813	2031	1907	1779	1785	1913	1933	1911	1890	1871	1849	1846	1779	1826	1943	1950	1870	1910	2176	2214	2165	1890	1831	1906	1835	1853	1874	2199	2176	2189	1777	1758	1870	1937	1913	1837	1922	1881	1891	1976	1887	1891	1924	1971	1955	2005	2005	2191	2032	2112	2002	1929	1919	1964	2030	2003	1930	1879	1986	1956	1969	1830	1907	2043	1964	1963	2292	2257	2281	2008	1884	1995	2081	1976	1951	2177	2220	1359	1955	1923	2065	1364	1402	1398
0:29:17	1756	1899	1917	1847	1765	1734	1981	1824	1860	1877	2000	1935	1807	1985	1976	1903	1892	1850	2047	1907	1972	1847	1821	1856	1713	1789	1845	1839	1890	2084	2160	2236	2199	1951	2052	1988	1848	1860	1929	2133	2277	2246	1832	1913	1788	1830	1818	1934	1796	1857	1979	1837	1939	1864	1850	1871	1829	1856	1995	2063	2146	2055	2083	1899	1903	1935	1944	2035	1947	1933	2022	1989	1934	1922	2052	2067	1948	2031	2391	2532	2295	1811	2029	1901	1988	1968	2010	2318	2214	1358	1881	1789	2151	1402	1349	1274
0:39:17	1820	1808	1925	1908	1818	1891	1944	1998	1893	1935	2070	2144	1951	2125	2034	1802	1877	1830	1995	1979	2084	1886	1911	1939	1623	1844	1771	1830	1939	1957	2211	2323	2245	2077	1934	1867	1841	1798	1864	2353	2372	2238	1861	1748	1927	1804	1817	1858	1907	1847	1986	1910	1906	1862	1973	1955	1993	2142	2104	2128	2158	2110	2203	2035	1990	1949	2001	1984	1943	1978	2056	1980	1984	1901	1835	2019	2076	1977	2573	2543	2509	1983	1881	2104	1959	1924	1955	2317	2318	1368	1902	1977	2243	1273	1316	1434
0:49:17	1926	1833	1944	1909	1887	1858	1836	2004	1991	2056	1937	2078	1933	2009	2062	1728	1846	1887	2042	1970	1890	1746	1854	1942	1774	1883	1918	1917	1996	2020	2121	2261	2262	1977	1921	1878	1882	1867	1825	2246	2375	2230	1915	1955	1852	1872	1759	1950	1866	1930	1853	1881	1967	2035	2007	1930	1999	2126	2237	2159	2209	2333	2244	2023	1928	1940	2081	1935	1933	2074	1866	1972	1930	2003	2034	2118	2160	2069	2670	2631	2653	1985	1978	2025	2085	1944	1918	2341	2352	1475	1835	1882	2124	1364	1345	1382
0:59:17	1821	1776	2022	1800	1884	1819	1847	1914	1939	1977	1992	1946	1916	2102	2172	1845	1924	1781	1999	1919	2005	1900	1960	1886	1724	1923	1928	1823	1851	2056	2258	2453	2353	1957	1894	1887	1943	1940	1895	2192	2369	2328	1861	1869	1863	1771	1879	1840	1864	1947	1847	1962	1953	1975	1899	1828	2049	2267	2106	2171	2311	2482	2236	1972	1958	1988	2090	2083	2005	2060	2002	2003	1946	1990	2050	2236	2113	2158	2771	2914	2770	2064	2164	2080	2073	1970	2043	2418	2392	1444	1816	1835	2150	1335	1402	1339
1:09:17	1894	1951	1907	1875	1861	1879	1919	1940	1875	2062	2154	1969	1835	2095	2036	1907	1926	1989	2002	2043	2062	1891	2000	2015	1775	1911	1975	1924	1877	1837	2356	2503	2369	2042	1920	1969	1903	1965	1835	2485	2283	2287	1902	1798	1976	1816	1805	1788	1963	1961	1965	1923	1904	1961	1921	2058	1950	2322	2302	2137	2434	2374	2432	1975	1955	1916	2021	2059	2033	2027	2135	2002	2009	1954	2049	2208	2332	2217	3100	3059	3065	2010	2157	2112	2065	2020	2100	2495	2392	1332	1965	1833	1969	1419	1343	1386
1:19:17	1779	1829	1947	1917	1985	1843	1971	2031	1889	2062	2150	2078	2035	2094	2038	1856	2028	1870	2040	2046	2038	1991	1868	1895	1749	1793	1923	1802	1924	2084	2542	2435	2371	1974	2008	1947	1926	1967	1947	2367	2409	2340	1921	1979	1740	1818	1904	1876	1979	1848	2044	1969	1929	1996	1925	1908	1961	2379	2271	2382	2621	2547	2499	1949	1946	1907	2094	2002	2056	2046	2006	1950	2027	2034	2088	2292	2342	2291	3162	3306	2999	1997	2082	2149	2082	2014	2065	2535	2494	1436	1941	1918	1898	1389	1437	1336
1:29:17	1970	1859	1874	1874	1869	1876	1916	1944	1985	2070	1959	2154	1977	2081	2128	1860	1980	1908	1975	2129	1951	1958	2059	1954	1797	1957	1945	1937	1935	1963	2419	2527	2482	1993	2022	1972	1881	1926	1933	2322	2404	2474	1871	1843	1820	1825	1789	1879	1974	1977	1810	1951	1942	1977	2080	2008	1951	2504	2553	2281	2702	2455	2541	2049	2012	2009	2052	2030	2018	1999	2047	2029	2047	1951	1998	2350	2363	2390	3402	3488	3424	2076	2049	2239	2212	2032	2058	2506	2402	1413	1896	1882	1851	1403	1441	1393
1:39:17	1874	1899	1901	1809	1894	1959	1885	1997	2049	2073	2138	2085	1949	2079	2004	1931	1964	2016	1958	1953	2076	1938	1990	1941	1815	1983	1935	1836	1955	1940	2329	2646	2350	1991	1985	1940	1899	1947	1899	2483	2400	2426	1847	1928	1852	1902	1755	1878	2012	1889	1910	2019	2040	1992	1977	2073	1937	2540	2692	2500	2649	2698	2773	2065	2080	2006	2089	2141	2015	1982	2028	2097	1944	2052	2036	2451	2464	2516	3765	3470	3491	2135	2180	2130	2134	2103	2174	2585	2647	1424	1895	1919	2286	1410	1503	1419
1:49:17	1895	2021	1822	1872	1922	1966	1920	1961	1984	2055	2117	2142	2110	2120	2142	1915	2002	1887	2081	1990	2078	2003	2002	2097	1831	1857	2005	1899	1979	1936	2486	2619	2475	2022	1964	1984	1932	1996	2010	2399	2389	2568	1879	1774	2006	1789	1729	1879	1910	1958	2008	1978	2034	2018	1978	2005	1939	2692	2681	2704	2858	2837	2973	2071	2099	2083	2169	2125	2073	2052	1947	1983	2187	2079	2025	2622	2594	2653	3965	3911	3821	2015	2253	2268	2061	2094	2116	2596	2480	1351	1866	1872	1878	1404	1406	1326
1:59:17	1865	1906	1887	1779	1890	1942	1801	2019	1899	2147	2183	2108	2000	2213	2264	1995	1917	1934	2007	2110	2132	1979	1988	1977	1846	1925	2020	1882	1910	2075	2644	2625	2638	1891	2047	1978	2053	2044	1967	2331	2388	2461	1905	1921	1779	1771	1762	1970	1967	2136	2002	1900	2150	2068	1940	2081	2024	2766	2694	2838	2683	2969	2912	1994	2028	1998	2120	2194	2256	2048	2024	2040	2233	2080	2094	2676	2782	2777	4057	4077	4040	2232	2156	2255	2301	2158	2160	2793	2794	1365	1847	1819	1861	1345	1384	1389
2:09:17	2060	1863	1952	1917	1848	1894	2013	1993	1998	2153	2094	2205	2152	2216	2166	2008	1855	1961	2095	2047	2074	1952	2019	2134	1796	1913	1921	1931	1998	1946	2330	2598	2583	2078	1978	2050	1946	1919	2054	2483	2544	2454	1791	1809	1847	1920	1790	1905	1973	2007	2012	2176	2007	1968	2050	2104	2000	3027	2911	2874	3060	3065	3094	2132	2159	2034	2224	2211	2169	2218	2044	2094	2106	2074	2116	2714	2811	2894	4472	4387	4198	2210	2261	2374	2179	2148	2144	2774	2799	1335	1881	1823	1857	1398	1457	1461
2:19:17	1879	1845	1884	1877	2098	1898	1955	1990	1956	2119	2179	2169	2073	2232	2146	2056	1857	1919	2112	2153	1941	1959	1866	2028	1903	1945	2000	1958	1975	2062	2506	2654	2644	1980	1991	1966	2000	1906	2007	2452	2535	2497	1763	1910	1934	1915	1792	1840	2015	2035	2039	2157	2054	2184	2142	2008	1914	3068	3071	3076	3165	3162	3205	1969	2055	2182	2234	2146	2127	2063	1996	2194	2221	2090	2100	2735	2937	2955	4676	4756	4648	2231	2397	2416	2408	2155	2173	2851	2920	1340	1848	1788	1898	1346	1345	1382
2:29:17	1976	1838	2019	1850	1985	1887	1954	1954	1886	2179	2238	2136	2052	2267	2260	1950	2016	1968	2141	2147	2098	2017	1897	2029	1753	1806	1834	1892	1992	1975	2723	2709	2762	2040	2126	2110	1983	2116	2005	2619	2694	2700	1888	1802	1843	1841	1824	1917	1981	2030	2075	2112	2196	2164	1927	2065	2062	3415	3311	3216	3398	3400	3456	2144	2044	2040	2179	2264	2190	2183	2071	2033	2187	2054	2189	2971	3073	3166	5143	5213	4785	2361	2411	2381	2278	2275	2157	3085	3027	1373	1910	1930	1800	1380	1336	1331
2:39:17	1864	1901	1943	1898	1890	1921	1901	1991	1971	2161	2158	2167	2141	2310	2298	1972	2047	1951	2125	2159	2095	1964	1920	2047	1789	1938	2009	1979	1916	2149	2759	2775	2795	2071	2019	2049	1915	1979	2010	2432	2705	2742	1900	1764	2003	1807	1806	1862	2039	2081	2052	2166	2230	2047	2020	2008	2062	3257	3336	3225	3441	3602	3540	2101	2049	2109	2174	2233	2350	2168	1974	2128	2099	2082	2188	3211	3254	3028	5393	5331	5409	2380	2419	2485	2188	2246	2171	3192	3117	1273	1994	1900	1834	1398	1316	1402
2:49:17	1967	1880	1970	1887	1955	1896	1898	2054	2034	2201	2284	2249	2191	2301	2315	1922	2020	2011	2032	2117	2158	2013	1959	2106	1806	2063	2015	1934	2013	1979	2700	2699	2807	1990	2162	1984	1994	1997	2062	2669	2841	2784	1980	1834	1940	1885	1792	1880	2020	2092	2112	2231	2187	2277	2122	2090	2030	3563	3548	3620	3739	3750	3659	2209	2109	1894	2186	2209	2160	2107	2174	2128	2123	2338	2256	3296	3236	3352	5871	5853	5803	2560	2518	2693	2408	2314	2244	3323	3271	1362	1934	1895	2017	1305	1398	1281
2:59:17	1985	1936	2048	2017	1878	2006	2077	1931	1992	2209	2334	2265	2226	2371	2419	1968	1999	2058	2216	2214	2152	2072	2039	2075	1815	1924	1954	1946	2038	1992	2940	2843	2967	1927	2088	2027	1922	2044	2076	2764	2799	2732	1908	1890	1893	1812	1785	1907	2012	2135	2206	2287	2339	2273	2153	1993	2105	3914	3767	3743	3894	4031	4021	2043	2114	2220	2254	2422	2235	2208	2144	2069	2359	2198	2307	3469	3470	3339	6406	6188	6103	2539	2630	2662	2380	2357	2310	3530	3489	1393	1876	1989	1939	1412	1375	1458
3:09:17	2050	2001	1990	2057	1906	1864	2050	2186	2141	2278	2225	2261	2225	2420	2408	2049	2153	2097	2196	2204	2096	1963	1915	2013	1921	1890	2013	2033	1990	2133	2824	3016	2973	2036	2189	2246	2128	2043	2132	2779	2861	2874	1902	1892	1973	1828	1866	1905	2144	2108	2088	2376	2298	2347	2112	2217	2142	4121	4044	3901	4065	4241	4155	2241	2063	2321	2277	2284	2312	2168	2075	2208	2284	2222	2236	3702	3703	3611	6750	6680	6599	2715	2759	2790	2428	2340	2296	3703	3736	1327	1829	1939	1924	1504	1285	1370
3:19:17	2115	2029	2016	1957	1959	1940	1875	2139	2047	2343	2268	2252	2299	2519	2383	1979	2083	2014	2166	2278	2164	2019	1994	2094	1831	1964	2080	2047	2157	2101	2965	3157	3104	2049	2092	2223	2002	2179	2175	2934	3182	3020	1915	1912	1810	1807	1840	1897	2046	2184	2111	2351	2419	2366	2146	2234	2228	4144	4325	4127	4476	4598	4519	2234	2331	2162	2231	2316	2388	2142	2212	2233	2334	2413	2356	3949	3964	3852	7293	7247	6988	2766	2836	2694	2388	2405	2385	3725	3751	1363	1868	1958	1883	1403	1256	1332
3:29:17	2009	1972	2069	1996	2024	1907	2049	2016	2057	2209	2347	2404	2281	2580	2653	2092	2068	2116	2223	2303	2281	2079	1996	2163	1997	1972	2132	1960	2028	2110	3014	3113	3053	2102	2135	2244	2015	2195	2013	3032	3162	3305	1896	1835	2003	1904	1766	1884	2049	2233	2091	2489	2460	2320	2102	2139	2185	4466	4540	4414	4655	4730	4797	2215	2308	2186	2371	2345	2435	2167	2144	2188	2417	2345	2354	4209	4113	4231	7903	7589	7697	2710	2937	2908	2526	2453	2451	4082	4018	1364	1867	1936	1834	1384	1370	1326
3:39:17	2030	1990	2026	2015	1906	2043	2005	1996	2023	2325	2318	2297	2320	2656	2685	2025	2156	2132	2253	2273	2371	2098	2104	2033	1947	1979	2193	2120	2026	2115	3016	3197	3321	2025	2036	2214	2043	2172	2138	3163	3087	3064	1814	1914	1844	1883	1856	1866	2122	2118	2241	2507	2491	2603	2181	2236	2139	4852	4876	4692	4990	5088	5391	2201	2119	2194	2426	2539	2368	2271	2187	2292	2508	2433	2446	4492	4425	4087	8175	8495	8336	2930	3101	3083	2588	2541	2453	4209	4192	1402	1830	1867	1880	1350	1359	1484
3:49:17	2045	2003	1999	1942	2043	1991	1910	2135	2098	2371	2320	2374	2350	2708	2691	2018	2128	2198	2184	2381	2274	2070	2153	2203	1844	1958	2018	2012	2086	2166	3180	3249	3240	2080	2218	2246	1964	2206	2210	3132	3108	3299	1899	1773	1894	1812	1857	1915	2181	2182	2254	2604	2586	2493	2283	2164	2287	4909	5163	4831	5273	5293	5138	2241	2333	2230	2457	2456	2540	2263	2251	2381	2445	2407	2483	4642	4589	4590	8729	8739	8640	3075	3320	3029	2555	2593	2535	4172	4400	1309	1835	1849	1938	1443	1389	1364
3:59:17	2097	2033	2175	1996	2055	2066	2097	2118	2143	2352	2462	2445	2396	2742	2824	2056	2247	2203	2321	2447	2341	2085	2212	2162	1817	2016	2204	2086	2036	2158	3282	3271	3474	2211	2145	2277	2140	2197	2159	3129	3406	3442	1858	1874	1867	1977	1837	1756	2187	2282	2181	2539	2583	2542	2267	2285	2130	5191	5462	5181	5629	5636	5656	2416	2348	2200	2424	2659	2447	2337	2349	2295	2473	2540	2536	4978	4874	4879	9220	9084	9018	3217	3378	3373	2678	2517	2687	4352	4497	1352	1844	1875	1877	1350	1385	1392
4:09:17	2165	2065	2118	2027	2209	2096	2017	2045	2145	2406	2443	2444	2493	2806	2882	2129	2172	2163	2370	2379	2292	2086	2189	2261	1941	2025	2067	1994	2178	2236	3312	3493	3482	2242	2212	2212	2105	2140	2198	3424	3560	3531	1876	1858	1858	1792	1835	1798	2110	2150	2114	2608	2647	2560	2274	2322	2271	5607	5525	5393	5889	5982	6016	2342	2320	2369	2440	2502	2533	2356	2629	2287	2434	2637	2644	5249	5256	5026	9858	9617	9740	3397	3405	3303	2712	2761	2645	4648	4521	1356	1759	1806	1989	1413	1424	1462
4:19:17	1914	2119	2093	2224	2075	2050	2011	2122	2141	2469	2625	2495	2472	2912	2949	2152	2309	2420	2472	2552	2342	2152	2206	2220	2032	2071	2032	2212	2222	2115	3473	3739	3671	2214	2329	2322	2061	2238	2249	3483	3517	3702	1941	1851	1812	1854	1879	1882	2336	2290	2178	2567	2659	2565	2289	2260	2192	5892	6007	5878	6187	6242	6327	2349	2431	2420	2623	2599	2578	2324	2334	2339	2565	2786	2815	5503	5342	5386	10449	10389	10144	3645	3502	3584	2705	2688	2656	4850	4831	1323	1913	1994	1883	1321	1338	1362
4:29:17	2017	2200	2216	2223	2072	2066	2127	2194	2104	2509	2716	2703	2552	2788	2930	2202	2277	2200	2549	2646	2553	2463	2231	2323	1996	2033	2101	2277	2115	2157	3553	3643	3746	2251	2291	2210	2173	2108	2238	3730	3806	3678	1736	1828	1917	1792	1744	1804	2221	2329	2294	2742	2848	2790	2312	2296	2259	6403	6116	6009	6453	6497	6623	2455	2409	2363	2690	2623	2687	2481	2332	2539	2718	2716	2618	5777	5643	5657	11300	10687	11092	3678	3618	3748	2861	2867	2975	5014	5272	1323	1857	1898	1937	1459	1418	1379
4:39:17	2100	2093	2359	2157	2231	2154	2093	2113	2184	2624	2729	2561	2566	3119	3147	2262	2281	2316	2512	2726	2539	2297	2272	2318	2100	2164	2117	2077	2200	2202	3820	3879	3879	2368	2414	2435	2160	2212	2262	3768	3715	3987	1852	1802	1867	1846	1774	1814	2358	2258	2353	2808	2800	2892	2430	2496	2279	6667	6660	6314	6971	7025	7053	2480	2547	2445	2664	2802	2698	2445	2593	2415	2868	2872	2783	6023	5770	6035	12163	11667	11784	4008	3897	3965	2845	2792	2824	5669	5331	1343	1895	1837	1962	1329	1397	1428
4:49:17	2257	2297	2319	2143	2223	2142	2080	2225	2165	2731	2802	2666	2730	3090	3330	2352	2351	2458	2555	2540	2556	2327	2270	2396	2084	2127	2199	2156	2223	2293	3896	4058	3959	2443	2396	2455	2205	2238	2243	3764	3923	4081	1891	1846	1926	1831	1836	1831	2395	2497	2340	2879	2939	2864	2194	2347	2345	7037	6860	6669	7388	7397	7665	2574	2521	2521	2842	2875	2817	2513	2369	2524	2881	2926	2833	6456	6240	6128	13293	12890	12549	4071	4187	4052	2936	3114	3007	6159	5449	1296	1948	1835	1926	1434	1418	1409
4:59:17	2148	2234	2402	2124	2164	2299	2194	2264	2155	2809	2936	2778	2795	3116	3304	2363	2379	2311	2612	2640	2609	2418	2535	2289	2123	2213	2147	2188	2289	2289	4017	4504	4320	2534	2490	2414	2247	2285	2362	4108	4166	4431	1918	1868	1780	1796	1797	1897	2398	2347	2368	3022	2959	3036	2427	2304	2347	7380	7394	6959	7807	8038	8940	2628	2530	2517	2846	2931	2887	2678	2450	2478	3026	3053	3057	6793	6435	6584	14708	14393	13454	4043	4207	4143	3030	3054	2992	6695	5945	1459	2007	1877	1905	1408	1358	1428
5:09:17	2255	2343	2410	2375	2324	2282	2089	2231	2216	2943	2975	2849	2888	3222	3420	2281	2393	2462	2653	2816	2688	2283	2406	2344	2195	2385	2399	2191	2159	2385	4202	4516	4565	2698	2583	2613	2158	2531	2313	4029	4204	4498	1853	1765	1843	1779	1874	1856	2492	2529	2428	2964	3059	3158	2467	2418	2455	7726	7568	7431	8352	8473	10537	2674	2739	2673	2863	2978	2984	2678	2609	2626	2972	3090	3152	6862	6908	6808	18510	16362	14821	4442	4579	4391	3177	3128	3107	7320	6275	1371	1935	1958	1896	1405	1391	1403
5:19:17	2288	2290	2466	2238	2247	2323	2213	2349	2263	2827	3052	3026	2978	3321	3498	2415	2443	2406	2717	2773	2720	2431	2562	2438	2162	2344	2346	2234	2317	2477	4439	4830	4998	2539	2719	2812	2304	2332	2521	4322	4413	4699	1798	1907	1808	1762	1919	1975	2525	2469	2546	3237	3255	3167	2389	2510	2485	8180	8152	7920	8715	9599	11732	2746	2830	2624	2957	3116	2865	2700	2651	2662	3313	3360	3415	7806	7629	7079	20206	18096	15547	4692	4770	4780	3319	3282	3182	7941	6352	1326	1881	1921	1931	1413	1401	1380
5:29:17	2249	2525	2546	2524	2491	2335	2268	2280	2322	2753	3066	3042	3049	3562	3620	2434	2536	2549	2789	2843	2878	2378	2395	2562	2452	2417	2546	2297	2302	2494	4781	5051	5040	2724	2650	2837	2418	2422	2507	4590	4644	4849	1856	1870	1947	1902	1847	1872	2446	2645	2498	3320	3328	3305	2468	2499	2459	8986	8294	8114	9397	11145	12732	2745	2763	2716	3126	3161	3124	2688	2675	2779	3358	3292	3560	9258	8335	7588	23077	21551	18378	4960	4810	4920	3372	3395	3469	8585	6357	1368	1784	1819	1892	1404	1454	1473
5:39:17	2250	2446	2525	2304	2270	2477	2381	2478	2398	2834	3163	3088	3141	3691	3692	2388	2475	2592	2869	2880	2874	2525	2504	2554	2475	2684	2651	2304	2526	2445	4648	5485	5384	2806	2941	2910	2398	2441	2509	4667	4809	5534	1838	1733	1883	1879	1867	1792	2501	2612	2605	3610	3693	3445	2583	2644	2633	9560	8877	8349	9774	12781	13196	2860	2764	2749	3180	3150	3309	2759	2620	2850	3468	3494	3939	11223	8686	8045	26435	23150	21074	5173	5286	5165	3232	3474	3604	8939	7340	1355	2039	1821	1882	1364	1397	1366
5:49:17	2345	2414	2534	2368	2506	2477	2240	2452	2328	3249	3208	3123	3291	3738	3919	2448	2690	2574	2811	2882	2850	2554	2575	2628	2472	2671	2751	2268	2476	2571	5333	5597	5728	2803	2901	3064	2535	2534	2573	4956	5215	5436	2015	1847	1895	1883	1834	1920	2610	2682	2514	3717	3599	3712	2538	2485	2616	11157	9425	8981	10720	13395	14588	2767	2842	2777	3166	3393	3342	2890	2847	2776	3691	3708	4252	11652	9424	8565	27975	24338	23547	5370	5449	5438	3495	3589	3530	9512	7785	1403	1867	1935	1933	1385	1367	1414
5:59:17	2347	2538	2541	2292	2396	2384	2333	2422	2595	3207	3459	3231	3444	3896	3872	2611	2701	2615	2929	3057	3106	2562	2563	2591	2646	2701	2763	2434	2455	2453	5300	6069	6093	2985	3080	3053	2604	2627	2729	4974	5320	5976	1899	1806	1830	1861	1811	1858	2753	2727	2629	3724	3837	3684	2698	2730	2611	12689	10358	9226	12318	14891	15409	2844	3039	2927	3238	3526	3675	2895	2868	2780	3856	3807	4730	12594	10206	9465	30834	27395	27237	5761	5703	5520	3538	3755	3719	10022	9276	1373	1965	1920	1904	1343	1255	1398
6:09:17	2404	2431	2613	2380	2393	2419	2437	2491	2580	3311	3320	3359	3581	4219	4262	2480	2685	2529	3139	3160	3090	2486	2739	2723	2683	2833	2844	2358	2602	2483	5547	6180	5952	3060	3173	3215	2577	2733	2695	5320	5809	6309	1914	1867	1833	1768	1859	1916	2732	2633	2669	3875	4077	3862	2775	2825	2859	13460	10793	9835	13723	15843	16756	3102	3021	2809	3558	3656	3982	2818	2957	2947	4140	4192	5065	13992	11030	10141	32769	29713	29766	6485	5941	5807	3489	3906	3895	10363	10009	1360	1945	1919	1998	1415	1385	1408
6:19:17	2534	2591	2593	2547	2410	2501	2588	2486	2533	3293	3528	3217	3647	4168	4357	2590	2630	2585	3139	3218	3308	2571	2653	2624	2890	2937	3010	2484	2616	2733	5931	6521	6581	3077	3292	3285	2716	2699	2760	5350	6470	7072	1805	1837	1869	1741	1929	1880	2849	2824	2722	4060	4163	3970	2806	2938	2763	14976	13080	10048	15300	16733	17155	2916	2940	2888	3654	4006	4059	2939	3132	2946	4245	4454	5375	14619	11512	11377	35198	31794	31922	6894	6205	6174	3703	4110	3911	11014	11177	1321	1845	1853	1892	1453	1400	1325
6:29:17	2500	2605	2652	2440	2602	2505	2430	2523	2583	3696	3715	3543	3692	4343	4542	2661	2674	2743	3263	3360	3264	2739	2564	2775	2836	3081	3254	2563	2707	2582	6314	7097	6859	3376	3609	3633	2902	2853	2799	5706	6574	7435	1851	1888	1861	1888	1832	1920	2764	2835	2670	4033	4340	4093	2868	3003	2843	15939	15063	10744	16235	17723	18247	3160	3067	3100	3895	4066	4281	3174	2990	2958	4408	4692	5861	15185	11866	12545	37045	34652	34151	8021	7021	6311	3856	4427	4318	12076	11630	1320	1907	1876	1941	1400	1502	1383
6:39:17	2488	2507	2669	2529	2674	2656	2535	2524	2596	3606	4002	3769	3786	4471	4588	2610	2813	2742	3441	3380	3406	2667	2759	2755	3001	3339	3254	2564	2587	2735	6570	7731	7467	3572	3614	3598	2870	2957	3017	5762	7097	7338	1970	1855	1991	1830	1790	1894	2874	2962	2845	4402	4400	4268	3018	2864	2981	16927	16522	11048	18106	19547	19519	3009	3051	3144	4191	4178	4352	3003	2988	2993	4597	4953	5989	15917	12429	13788	39619	36299	37132	8571	7762	6463	4034	4488	4545	12789	12607	1348	2024	1933	1946	1401	1545	1325
6:49:17	2532	2469	2692	2609	2670	2576	2647	2632	2609	3815	4203	3735	3921	4539	4975	2687	2986	2934	3369	3645	3524	2744	2684	2819	3082	3310	3416	2566	2664	2713	6889	8244	8489	3635	3889	3708	2905	3159	2976	6361	7662	7887	1915	1860	1873	1899	1926	1827	2812	2973	2774	4543	4651	4666	2921	2902	3023	18792	17960	11549	19085	20131	20846	3010	3321	3090	4330	4458	4570	3000	3104	2988	4731	5184	6471	17343	14018	15738	42113	39705	39758	9425	8974	6885	4063	4536	4870	13599	12966	1332	1833	1955	1833	1349	1308	1374
6:59:17	2530	2624	2877	2567	2657	2710	2485	2706	2583	4020	4301	3999	3920	4814	4735	2723	3049	3004	3686	3641	3657	2747	2946	2822	3218	3450	3486	2781	2687	2916	7770	8498	8992	3785	4029	3955	2966	3089	3087	6741	7978	8260	1937	1849	1934	1920	1828	1845	2975	2852	2871	4666	4718	4705	2932	3163	3084	19772	19235	12189	19559	21428	21972	3186	3351	3101	4416	4572	4746	3071	3284	3078	4790	5644	6632	18157	15219	17317	44203	41828	43044	10133	9909	7142	4543	5417	4971	14563	14129	1350	1891	1993	1871	1456	1329	1420
7:09:17	2576	2811	2696	2740	2603	2729	2715	2831	2741	3885	4367	4190	4154	4884	5282	2819	3100	2941	3605	3905	3830	2860	2944	2976	3207	3545	3498	2728	2866	2905	7991	8736	9321	4330	4336	3955	3091	3155	3266	7211	8494	8657	1848	1947	1868	1930	1765	1880	2935	3007	2946	4852	4794	4816	2976	3067	3146	20645	20219	12539	20807	22616	23278	3206	3452	3253	4652	4634	4814	3130	3275	3118	5121	6313	7366	19675	16246	18395	47441	45035	44521	11066	11144	7435	4594	5291	5287	15643	15018	1346	1960	1981	1902	1431	1356	1439
7:19:17	2614	2788	2892	2641	2633	2608	2687	2883	2735	4418	4623	4314	4191	5099	5078	2789	3181	2996	3809	4122	4050	3042	3066	2977	3369	3581	3762	2813	2844	2943	8763	9703	9688	4477	4388	4223	3155	3354	3316	7864	8458	8899	1934	1841	1843	1821	1767	1884	3185	2979	3002	4941	4938	5082	3143	3351	3174	21905	22193	12583	22265	24058	24480	3189	3532	3385	4851	5007	4993	3192	3664	3122	5333	6587	7545	20835	17409	20271	49484	46954	46713	11644	11888	7857	4801	5850	5513	16079	15945	1301	1855	1919	1843	1347	1417	1493
7:29:17	2680	2828	2951	2782	2752	2790	2656	2793	2834	4414	4663	4586	4284	5070	5384	2866	3347	3149	3871	4331	4376	3110	3050	3013	3526	3711	3908	2731	2883	3171	9409	10247	10563	4717	4563	4278	3332	3349	3366	7839	8885	9522	1910	1826	1818	1775	1793	1914	3081	3057	2976	4965	5164	5420	3171	3387	3301	22132	22000	13011	23643	25461	25141	3393	3597	3362	4929	5096	5325	3350	3486	3272	5631	6923	7909	21573	19581	21329	52704	49298	49310	12327	12612	8164	4967	6426	5986	17034	16422	1347	1948	1832	1879	1306	1333	1444
7:39:17	2779	2948	3123	2785	2900	2824	2708	2816	2825	4482	4832	4621	4283	5318	5302	3009	3231	3341	4190	4322	4333	3109	3202	3125	3614	3926	4085	2914	3091	3095	9784	11174	10628	4765	4876	4244	3499	3434	3461	8415	9404	9838	1875	1804	1902	1889	1833	1815	3345	3104	2993	5330	5508	5470	3179	3450	3327	22486	22677	13244	24248	25920	27145	3507	3585	3715	5295	5356	5428	3187	3729	3286	5880	7209	8519	23072	20848	21973	53985	50334	50851	13196	13205	8145	5080	5926	6394	17319	16938	1407	1924	1880	1997	1394	1435	1409
7:49:17	2731	2852	3054	2923	2906	2832	2833	2948	2876	4737	4883	4739	4414	5230	5504	2959	3510	3251	4248	4555	4603	3246	3072	3346	3523	3975	3965	2892	3056	3037	10032	11687	10980	5207	5134	4503	3520	3569	3511	8891	10021	10080	1893	1828	1918	1856	1820	1803	3262	3275	3092	5683	5531	5488	3220	3367	3367	23116	22856	13379	26137	26221	27493	3681	3767	3771	5440	5525	5554	3417	3819	3408	6078	7981	8597	24172	21021	24388	56066	51795	51585	13974	13309	8446	5398	6329	6549	17941	17074	1336	2056	1893	1830	1457	1388	1349
7:59:17	2914	2916	3122	2963	2987	2935	2848	2912	2944	4889	5119	5056	4329	5570	5566	2999	3386	3252	4721	5032	4777	3143	3161	3190	3677	4213	4296	2919	3123	3182	10251	11894	11586	5274	5416	4756	3521	3690	3586	9246	10816	10326	1979	1880	1920	1851	1873	1874	3376	3288	3088	5678	5594	5782	3228	3551	3474	23198	23792	13439	26568	27267	27978	3707	4022	3793	5773	5783	5872	3612	4007	3244	6361	8313	9015	24946	22155	24950	57094	52546	52852	14024	13855	8875	5480	7172	6945	18222	18120	1308	1903	2003	1891	1401	1410	1421
8:09:17	2983	3184	3317	2983	3048	2997	2938	2980	2995	4843	5048	4792	4590	5382	5669	3124	3664	3316	4656	5042	4781	3301	3271	3242	3801	4254	4265	2997	3305	3434	10530	11997	11569	5578	5656	4685	3558	3752	3705	9875	10956	10486	1893	1887	1766	1924	1798	1907	3343	3325	3470	5877	5716	5942	3313	3696	3517	23514	24296	13363	26351	27917	28882	3773	4004	3775	5858	5725	6054	3382	3929	3562	6306	8774	9638	25881	23468	26083	60437	55302	54878	14504	14228	8835	5660	7528	7412	18545	18676	1350	1934	1892	1956	1472	1385	1447
8:19:17	2997	3065	3251	2985	3031	3098	2928	3141	3111	5100	5257	5157	4533	5636	5613	3170	3614	3397	4839	5132	5131	3369	3334	3445	3900	4199	4624	3199	3284	3644	11148	12854	11805	5870	5998	4895	3813	3844	3671	10283	11665	10999	1949	1869	1869	1803	1884	1896	3451	3490	3361	5891	6010	5854	3379	3650	3728	24098	25189	13415	27940	28648	29622	3917	4127	3896	6224	6243	6246	3726	3948	3492	6664	9161	9778	27042	24725	26631	63634	57187	55963	14635	14377	8935	5821	6379	7964	19118	19051	1351	1927	1926	2012	1487	1364	1394
8:29:17	2966	3171	3461	3049	3110	3214	2955	3180	3152	5132	5123	5113	4529	5744	5648	3272	3690	3461	4863	5416	4969	3478	3444	3365	3933	4276	4898	3150	3590	3644	11279	12529	12551	6074	5948	4827	3693	3781	4020	10429	12435	11092	1909	1883	1829	1843	1863	1899	3533	3539	3462	6260	5941	6262	3639	3654	3787	24487	25799	13329	28929	28965	30610	3980	4156	4158	6270	6280	6609	3782	4058	3566	6844	9983	10482	27746	25533	27297	64200	57630	57724	15068	14778	9018	5897	8055	8004	19146	19750	1366	1908	1859	1915	1308	1372	1437
8:39:17	3015	3145	3332	3106	3193	3176	3098	3135	3466	5189	5501	5284	4494	5744	5618	3286	3683	3541	5094	5420	5457	3623	3522	3453	4131	4326	4980	3115	3653	3558	11698	12422	12508	6101	6371	4918	3840	3971	3993	10945	12654	11563	1830	1817	1963	1823	1713	1874	3668	3576	3542	6778	6361	6530	3448	3836	3859	25157	25135	13221	30076	29387	31278	3902	4202	4016	6437	6393	6721	3742	4353	3702	6980	9586	10613	28204	27138	28345	64233	59261	58592	15196	14592	9013	5833	8312	8335	20202	20151	1398	1870	1825	1958	1456	1349	1360
8:49:17	2975	3320	3438	3197	3182	3342	3157	3261	3246	5271	5551	5217	4654	5765	5765	3335	3705	3430	5325	5609	5500	3450	3522	3477	3985	4404	4876	3187	3626	3694	12011	13104	12887	6208	6604	5150	3960	4120	4303	10835	13103	11667	1886	1877	1919	1799	1842	1876	3577	3653	3769	6965	6395	6473	3529	4108	4133	24859	25748	13360	30315	30731	32224	4123	4183	4103	6572	6629	7115	3824	4154	3847	6837	10116	11087	28935	27140	29035	65850	59101	59315	16022	15510	9053	6019	8693	8381	20794	20360	1396	1954	1862	1961	1366	1381	1488
8:59:17	3203	3421	3478	3374	3317	3288	3212	3434	3279	5523	5604	5350	4508	5910	5861	3357	3718	3474	5527	6029	5660	3596	3404	3637	4231	4454	5081	3292	3716	3847	12585	13112	13012	6515	6594	5021	3967	4075	4335	11100	13123	11746	1856	1824	1871	1925	1828	1931	3802	3730	3748	7115	6438	6717	3818	4050	4145	25345	26020	13166	31459	31049	32465	4019	4393	4063	6797	6815	7050	3915	4265	3699	6957	10257	11213	30487	27838	30014	65926	60946	61172	15526	15706	9223	6112	9048	8570	21592	20582	1386	1891	1931	1914	1399	1290	1420
9:09:17	3223	3251	3492	3252	3340	3152	3115	3355	3319	5435	5696	5553	4657	5901	5931	3383	3911	3428	5594	5753	5598	3617	3609	3606	4333	4560	5346	3398	3801	3944	12604	13385	13394	6352	6449	5051	3954	4051	4555	11398	13213	12466	1785	1850	1921	1889	1743	1767	3577	3893	3728	7440	6344	6931	3646	4153	4270	26366	26457	12998	31793	31453	32588	4158	4320	4124	7027	7128	7202	3952	4405	3915	6964	10438	11693	30349	28446	30593	68009	60839	61909	15809	15873	9080	6084	8949	8898	22139	20727	1372	1902	1992	1914	1357	1392	1357
9:19:17	3254	3299	3721	3364	3294	3273	3281	3406	3411	5506	5708	5428	4663	5738	5822	3229	3842	3546	5758	5882	5459	3679	3499	3543	4115	4468	5367	3532	3807	3878	12559	13416	13151	6613	6545	5125	4043	4244	4656	11527	13294	12443	1862	1917	1848	1892	1818	1819	3840	3834	3742	7368	6611	6793	3723	4345	4292	25885	26589	13483	33050	32806	33046	4117	4605	4356	6970	6938	7143	3975	4363	3828	6995	10963	11971	31211	28879	31468	68111	61493	61136	15814	16201	9220	6131	8022	8714	22362	20491	1250	1812	1988	2023	1445	1384	1396
9:29:17	3271	3435	3430	3277	3350	3415	3374	3462	3463	5698	5773	5643	4604	5985	5951	3470	3892	3632	6007	6126	5602	3577	3648	3591	4325	4593	5533	3314	4056	4159	12867	13696	13369	6626	6849	5301	4103	4480	4869	11879	13386	12660	1864	1861	1912	1813	1791	1847	3709	3901	3864	7816	6723	6907	3862	4428	4357	27204	26868	13258	32384	32862	33469	4151	4629	4473	7047	7164	7331	4038	4399	3778	7111	11490	12057	31520	29166	32026	67735	62027	62519	16459	16125	9291	6320	8976	8749	22187	21358	1363	1900	1954	1843	1366	1418	1432
9:39:17	3159	3573	3665	3467	3445	3305	3510	3561	3728	5701	6044	5738	4597	5882	6138	3445	3975	3617	5990	6223	5894	3695	3592	3716	4369	4492	5880	3459	4123	4181	12893	13843	13719	6711	6900	5395	4037	4326	4774	12035	13668	12712	1901	1802	1872	1880	1883	1783	3951	3908	3939	7737	6966	7058	3919	4499	4485	27080	27290	13172	32989	32511	33820	4235	4564	4454	7250	7166	7700	4119	4668	4003	7145	11946	12219	32307	30454	32666	69886	61404	63206	16874	16634	9192	6443	9172	9048	22510	21288	1451	1799	1963	1960	1329	1392	1392
9:49:17	3395	3610	3606	3362	3491	3362	3403	3600	3522	5667	5926	5971	4718	5883	5766	3488	4040	3500	6139	6203	5877	3784	3687	3606	4322	4661	5952	3534	4267	4090	13002	14043	13702	7034	6830	5339	4227	4527	5185	12178	13886	12501	1866	1872	1767	1767	1807	1955	3973	4032	3850	8098	6798	7228	4027	4490	4514	27392	28109	13526	33707	33533	34809	4300	4566	4421	7448	7530	7440	4054	4498	3882	7011	12251	12637	32103	30238	33205	70004	62156	64364	17399	17059	9130	6454	9157	9393	22865	21683	1349	1805	1867	1860	1328	1419	1390
9:59:17	3422	3789	3619	3581	3524	3333	3565	3617	3565	5884	5983	5792	4943	5907	6020	3585	3948	3548	6238	6316	6096	3691	3832	3772	4300	4665	5799	3519	4116	4322	13243	14348	13849	6792	6875	5249	4308	4411	5210	12490	14234	12461	1931	1826	1924	1901	1743	1920	3910	3923	4183	8131	7195	6925	4189	4543	4565	26900	27626	13375	32739	33733	35330	4426	4697	4662	7429	7650	7652	4018	4754	3999	6960	12900	12673	32792	30734	33332	70204	63516	65011	17133	16840	9325	6394	8996	9608	24059	21863	1343	1913	1859	1917	1312	1399	1455
10:09:17	3461	3602	3823	3447	3621	3459	3562	3790	3556	5823	6095	5840	4812	6104	6065	3603	3928	3762	6352	6481	6474	3717	3811	3705	4340	4686	6107	3460	4137	4161	13460	14245	13994	6945	6941	5613	4476	4443	5408	12564	14243	12832	1819	1848	1950	1870	1817	1896	4030	4014	4023	8308	7316	7229	3991	4469	4686	27446	28071	13362	32616	34048	34536	4500	4811	4638	7544	7414	7995	4109	4880	4077	7252	12529	13018	32638	32066	33776	73406	63654	65819	17588	17142	9076	6276	9843	10056	24164	22495	1337	1920	1913	1928	1414	1334	1328
10:19:17	3502	3690	3556	3573	3702	3425	3722	3660	3840	6110	6193	5951	4895	6139	6006	3579	4084	3815	6607	6787	6173	3618	3836	3758	4420	4738	6533	3624	4246	4441	13335	14430	14084	7239	7024	5293	4381	4477	5664	12918	14412	12833	1910	1900	1788	1862	1857	1797	4205	4039	4093	8670	7115	7593	4139	4858	4471	28518	28969	13495	33843	34517	35211	4233	4843	4844	7649	7675	8130	4214	4899	3987	7285	12626	13168	33683	31640	35893	74098	62553	66643	18263	17013	9352	6363	9738	10057	24103	22098	1334	1962	1839	1845	1315	1396	1451
10:29:17	3477	3670	3715	3549	3648	3538	3733	3817	3759	6093	6430	6145	4913	6097	6025	3658	4056	3574	6363	6614	6400	3874	3744	3799	4454	4616	6962	3798	4230	4412	13499	14507	14133	7234	7227	5310	4454	4554	5610	13166	14374	13162	1868	1851	1896	1903	1882	1815	4224	4180	4131	8503	7299	7782	4249	4833	4698	28243	28933	13430	33592	33938	36083	4422	4923	4631	7765	7790	8241	4105	4936	4151	7207	13049	12769	33588	31478	34853	75307	63379	66124	18341	17790	9261	6464	9876	9570	23667	22851	1276	1874	1862	1937	1394	1387	1497
10:39:17	3430	3736	3803	3585	3673	3546	3697	3807	3709	5864	6072	6100	4960	6188	5962	3712	4117	3790	6301	6624	6421	3784	3884	3899	4610	4841	6942	3677	4387	4506	13158	14781	14252	7465	7508	5592	4364	4382	5692	13370	14589	13384	1932	1779	1880	1842	1906	1900	4169	4163	4001	8287	7469	7358	4254	4861	4752	28579	29454	13370	32801	34764	37970	4462	4730	4780	7725	7709	8508	4135	4811	4113	7378	12726	13134	33915	32110	36302	75108	63817	66501	18564	17599	9365	6363	9917	9870	24390	22885	1387	1904	1869	1960	1400	1402	1440
10:49:17	3503	3750	3581	3663	3673	3659	3637	3922	3903	6083	6289	6180	4958	6286	6166	3808	4070	3710	6684	6819	6563	3939	3912	3723	4447	4727	7181	3768	4416	4454	13842	14674	14667	7428	7203	5515	4344	4584	5937	13084	14433	13340	1830	1980	1883	1800	1790	1877	4099	4157	4321	8470	7314	7643	4243	4980	4969	28978	30284	13216	33949	34465	36927	4607	4816	4887	7868	7799	8497	4329	4943	4137	7287	13242	13238	35226	32275	36666	78571	64718	69561	18455	18161	9433	6605	8915	9820	24717	23539	1333	1919	1935	1807	1363	1417	1349
10:59:17	3473	3631	3753	3751	3570	3610	3707	3936	3729	5999	6165	6211	4839	6284	6006	3906	4129	3864	6647	6904	6441	3963	4007	3947	4460	4792	7294	3915	4449	4575	13561	14982	15146	7475	7355	5535	4395	4572	5926	13461	14617	13046	1961	1921	1841	1783	1785	1792	4130	4177	4172	8728	7253	7771	4344	4877	4934	28554	30391	13185	34130	35258	37929	4412	4874	4893	7903	7899	8483	4269	4925	4200	7324	13514	13085	35048	32520	35909	77912	65211	69428	18880	18273	9357	6602	10067	9945	24445	24112	1378	1908	1825	1956	1421	1312	1463
11:09:17	3537	3923	3850	3692	3719	3466	3948	3679	3781	6349	6346	6278	5142	6439	6137	3640	4246	3740	6895	6735	6761	3873	3908	3786	4621	4739	7451	3955	4362	4424	13491	14877	14830	7630	7697	5371	4414	4668	6048	13188	14786	13796	1913	1856	1909	1835	1825	1890	4161	4307	4343	9004	7415	7803	4246	5037	4958	29120	30825	13408	34713	35159	36965	4367	4970	4669	8054	7858	8368	4256	5118	4154	7387	13689	13451	34754	33444	37018	79508	65913	70230	19191	18319	9155	6613	9041	10001	25206	23677	1368	1904	1969	1898	1386	1361	1448
11:19:17	3657	3723	3887	3760	3888	3575	3873	3976	3979	6271	6402	6196	4841	6651	6023	3930	4228	4003	6826	6968	6622	3983	3900	3839	4488	4869	7482	4004	4487	4414	13336	15081	14978	7628	7782	5547	4435	4464	6013	13627	14430	13632	1893	1783	1892	1794	1865	2031	4288	4335	4183	8792	7555	7664	4346	4908	5190	28780	30904	13564	34681	35096	37534	4416	5114	4804	8035	7985	8524	4491	4949	4165	7507	13299	13918	35404	35203	36710	77609	68633	70941	18901	18364	9369	6666	10312	10693	25757	23510	1408	1804	1968	1913	1412	1345	1438
11:29:17	3553	3859	3800	3915	3772	3630	4024	3925	3933	6085	6217	6182	5141	6611	6126	3928	4179	3754	6923	6933	6704	3836	4017	3878	4405	4676	7552	4064	4538	4642	13835	14818	14693	7625	7585	5655	4494	4730	6048	13478	14899	13513	1828	1845	1870	1893	1748	1871	4272	4362	4289	8513	7659	7793	4409	4857	5005	28935	30733	13228	34619	35047	38269	4555	4714	4837	8001	8105	8622	4298	5010	4123	7411	13719	13996	34880	33573	37914	79181	66892	70686	18874	18048	9452	6750	9319	10308	25655	23253	1385	1942	1790	1926	1382	1349	1324
11:39:17	3589	3768	3752	3849	3908	3618	3893	3877	4081	6200	6259	6140	4970	6532	6225	3870	4178	3734	6814	6977	6675	4023	4021	3871	4522	4903	7504	4300	4660	4697	13752	15179	14886	7522	7446	5642	4526	4611	6278	13503	14844	12940	1967	1856	1902	1719	1855	1956	4263	4351	4374	8792	7450	7922	4278	4958	4820	29233	30713	13431	34805	35043	37575	4478	4853	5000	8311	8136	8494	4248	5219	4135	7559	13869	13952	36042	35022	37645	79751	66685	72174	20052	18193	9396	6736	9236	10788	25513	23437	1276	1883	1909	1855	1382	1419	1419
11:49:17	3599	3809	3873	3811	3700	3589	3850	4036	4003	6377	6342	6284	4750	6572	6115	3909	4248	3888	6963	7099	6572	4074	3821	3850	4644	5051	7797	4003	4514	4744	13824	15134	15287	7745	7627	5608	4663	4504	6328	13495	15175	13360	1966	1778	1870	1823	1817	1929	4437	4338	4300	8755	7449	8028	4239	4986	5048	28742	32358	13831	34999	35127	38197	4632	5017	4854	8036	8160	8628	4284	5096	4250	7210	14210	13977	36605	35725	37819	79685	68944	73756	19694	18756	9424	6865	9280	10678	25669	23556	1392	1918	2006	1976	1371	1439	1288
11:59:17	3701	3812	3886	3901	3769	3633	3947	3912	3973	6381	6687	6141	5007	6704	6162	3997	4180	3838	7317	6922	6685	4023	3947	4003	4531	4825	7433	4300	4765	4681	13843	15206	14973	7726	7738	5674	4648	4762	6230	13279	14815	13189	1972	1870	1914	1869	1836	1842	4207	4480	4405	8841	7479	8150	4593	4811	4968	28959	31206	13470	36233	35236	38866	4811	4917	4918	8260	8351	8869	4392	5152	4097	7476	14510	14405	35174	35594	37604	80806	66690	73985	19411	18918	9491	7307	9032	10980	25462	23034	1355	1909	1925	1921	1413	1427	1351
12:09:17	3574	3955	3936	3739	3769	3589	3988	3994	4014	6469	6226	6253	4942	6973	6277	3911	4134	3850	7153	7017	6869	4100	3892	3822	4481	5005	7895	4270	4644	4561	13908	15198	15153	7843	7675	5687	4586	4683	6286	13727	14364	13184	1922	1753	1899	1829	1865	1877	4202	4467	4408	9265	7264	8006	4508	5058	5167	29205	31035	13444	36094	36215	38195	4594	4793	5038	8117	8060	8870	4427	5324	4232	7526	14432	14167	37308	36555	38515	79611	66210	74663	19738	19146	9270	7160	9963	11110	25660	23136	1374	1924	1983	1986	1346	1408	1379
12:19:17	3627	3899	4053	3915	3798	3792	3804	3972	3936	6333	6601	6165	5027	6824	6041	3993	4043	3791	6963	7222	6848	3934	3902	3948	4669	4952	7741	4266	4589	4669	13539	15197	15073	7588	7613	5748	4721	4695	6295	13674	14527	12728	1845	1836	1964	1840	1777	1846	4403	4546	4323	9051	7781	8081	4406	5200	5128	28880	30508	13692	36152	35578	38769	4517	4868	4879	8144	8337	8643	4436	4888	4331	7713	14559	14244	37263	35184	38377	78657	66594	74139	19629	19089	9544	7576	9570	10880	25432	23068	1314	1864	1858	1809	1382	1438	1368
12:29:17	3563	3880	3971	3902	3938	3740	3988	4164	3920	6448	6667	6096	4852	7167	6139	3845	4174	3800	7115	7062	6908	3913	3921	3855	4604	4865	7768	4530	4730	4770	13773	15118	14582	7905	7765	5596	4442	4744	6351	13415	13949	12897	1891	1806	1791	1837	1835	1890	4399	4350	4341	9092	7510	8051	4464	5082	5112	28387	31374	13362	36380	34947	39286	4565	4781	4862	8398	8409	8964	4490	5098	4290	7347	14900	14080	36525	36809	38714	79592	65775	73485	19674	19380	9466	7553	9337	10548	25793	24371	1439	1837	1983	1966	1391	1413	1381
12:39:17	3721	3814	3973	3799	3922	3602	3913	4200	4030	6262	6384	6173	4959	7351	6116	3832	4146	3790	7053	7070	6931	4013	3958	4030	4605	4918	7670	4292	4739	4784	13787	14697	14395	7897	7916	5697	4573	4810	6521	13437	14249	12801	1805	1820	1888	1870	1756	1822	4239	4662	4410	8979	7871	8025	4613	5273	5189	28362	31111	13485	36627	34473	39132	4450	4839	4879	8403	8415	8715	4251	4871	4375	7272	14919	13918	37758	36366	38545	80066	67035	73324	19534	19417	9557	7865	9220	10791	25596	23456	1405	1875	1854	1833	1438	1393	1376
12:49:17	3541	3847	3885	3781	3752	3709	4077	4215	4076	6443	6358	6055	4912	7498	6156	3896	4063	3710	7325	7343	6642	3866	3906	3898	4724	4887	7883	4422	4714	4883	13681	14644	14103	8025	7928	5612	4541	4736	6461	13143	14073	12139	1947	1896	1811	1882	1926	1856	4451	4488	4375	8919	7658	8135	4635	5255	5353	28429	32434	13054	36438	36129	39894	4468	4803	4862	8385	8615	8818	4248	4853	4326	7384	14828	14605	38763	36611	39713	79824	67150	73870	19315	19830	9392	8029	9440	11284	25107	23595	1440	1914	1906	1980	1465	1351	1397
12:59:17	3576	3896	3861	3703	3965	3706	4027	4133	4099	6313	6333	6018	4810	7696	6035	3797	3933	3822	7280	7142	7118	3936	3896	3844	4541	4829	8018	4326	4574	4659	13710	14093	13570	8196	7976	5728	4591	4844	6527	12995	13427	12045	1952	1761	1864	1824	1872	1792	4284	4498	4386	9006	7754	7960	4641	5432	5236	27457	31488	13411	37066	34345	39346	4348	4840	4856	8580	8773	8815	4288	5133	4258	7621	15219	14018	37760	36714	39217	78446	65643	70744	19308	18735	9437	7948	9056	11678	25339	22787	1358	1910	1976	1938	1405	1366	1377
13:09:17	3752	3774	3924	3843	3905	3768	3950	4154	4114	6078	6124	5827	4665	7565	6063	3838	3939	3837	7070	7123	6928	3938	3851	3834	4609	4784	7648	4323	4780	4627	13553	13813	13408	7683	7754	5880	4810	4869	6421	13143	13528	11860	1913	1906	1838	1882	1785	1843	4291	4371	4316	8888	7661	7976	4537	5371	5268	27449	30475	13182	35878	35013	40279	4517	4639	4800	8548	8335	8558	4399	4922	4307	7425	14665	14515	37349	36604	39928	77049	63638	68996	19576	19417	9485	8004	9145	11601	24580	22237	1356	1983	1868	1881	1440	1417	1455
13:19:17	3668	3866	3880	3601	3800	3586	3911	4125	4100	5982	5890	5870	4738	7431	5883	3922	3906	3613	7062	7210	6862	3816	3789	3743	4634	4884	7884	4517	4707	4730	13149	13144	13357	7808	7498	5542	4711	4737	6609	12264	12969	11364	1928	1810	1793	1912	1814	1991	4306	4268	4271	8643	7723	7903	4669	5360	5350	25909	29747	13060	36036	35476	40491	4368	4659	4556	8502	8291	8739	4424	4653	4281	7217	14757	14330	37528	36601	39205	74643	62889	69052	18686	18469	9339	8179	8872	11344	23423	22058	1294	1887	1983	1925	1449	1345	1307
13:29:17	3654	3756	3900	3739	3912	3778	4092	4002	4060	5937	5899	5674	4845	7505	5833	3822	3903	3743	7093	6993	6588	3992	3765	3898	4749	4945	7568	4487	4558	4700	12478	13200	12630	7655	7365	5373	4505	4703	6342	12049	12469	11282	1778	1845	1768	1857	1860	1901	4177	4315	4322	8648	7399	7398	4729	5315	5284	25305	28984	12624	34621	34312	39185	4392	4429	4520	8518	8541	8592	4191	4587	4318	7482	15043	14620	38101	35394	39348	73511	59647	66872	18264	18275	9318	8193	8973	11233	23599	21289	1370	1984	1967	1923	1363	1457	1465
13:39:17	3592	3867	3936	3753	3873	3566	3948	4140	4139	5743	5759	5616	4486	7425	5658	3838	3899	3752	6995	6784	6433	3795	3790	3708	4360	4835	7558	4431	4716	4812	12287	13030	12311	7699	7239	5343	4569	4646	6404	12196	12305	11217	1912	1867	1846	1939	2016	1881	4188	4200	4239	8610	7196	7399	4712	5403	5359	24906	27737	12457	35277	34220	38336	4106	4523	4578	8486	8522	8523	4367	4461	4085	7370	15069	14096	37406	34755	37780	71555	57388	66970	18462	18111	9325	8312	9735	11021	22841	20546	1362	1847	1903	1919	1322	1419	1386
13:49:17	3659	3695	3928	3694	3658	3749	3943	4040	4191	5760	5776	5474	4536	6902	5526	3774	3897	3659	7014	6831	6434	3806	3739	3923	4458	4713	7624	4415	4436	4597	11711	12366	12079	7470	6788	5422	4612	4808	6351	11463	11990	10647	1877	1819	1740	1958	1774	1838	4353	4166	4189	8506	6998	7261	4646	5286	5129	24684	27071	11865	34277	32226	36953	4252	4559	4557	8348	8520	8557	4285	4556	4305	7333	14497	14286	37078	33666	38615	70053	56537	64387	18068	17507	9012	8340	10323	11043	21380	19866	1381	1816	1968	1839	1380	1366	1353
13:59:17	3561	3720	3998	3676	3721	3670	3993	4063	3954	5696	5616	5431	4505	6956	5606	3726	3882	3663	6740	6630	6464	3848	3678	3983	4510	4849	7270	4372	4500	4612	11618	12735	11505	7232	6903	5092	4473	4816	6100	11530	11752	10832	1857	1806	1836	1957	1858	1863	4207	4056	4456	8080	6957	7173	4706	5047	5054	23852	26916	11725	33548	31516	36458	4239	4476	4389	7900	8368	8545	4492	4371	4078	7060	14504	14189	37194	33632	37496	67212	54261	62409	17415	16981	8905	8668	10403	11015	21256	19938	1362	1882	1939	1971	1381	1355	1333
14:09:17	3723	3758	3896	3661	3780	3582	4046	3983	4012	5780	5463	5267	4441	6807	5534	3731	4006	3609	6663	6704	6398	3792	3711	3995	4363	4806	7175	4443	4605	4556	11089	12151	11274	7424	6955	5237	4590	4729	6170	10998	11292	10493	1928	1885	1994	1882	1886	1964	4094	3994	4048	8045	6724	7153	4555	5039	5106	23649	26153	11762	31601	30666	34867	4211	4394	4387	8271	8200	8040	4270	4454	4219	7229	14050	13605	36245	34272	37524	66057	52587	60507	17359	16252	8764	8496	10985	10987	20522	18872	1422	1949	1914	1993	1423	1377	1461
14:19:17	3611	3637	3734	3818	3746	3661	3829	3997	4011	5410	5384	5185	4682	6628	5590	3683	3888	3558	6882	6353	6092	3714	3683	3965	4408	4654	7099	4230	4473	4591	10917	11524	10687	7059	6568	5249	4679	4632	5976	10889	11249	10037	1847	1884	1925	1919	1818	1984	4097	4132	4203	7817	6632	6836	4531	5076	5021	22535	25018	11409	31919	29635	34719	4100	4399	4232	7874	8131	8014	4191	4385	4048	7271	13893	13380	35359	33060	36986	63535	52225	57034	16868	16236	8852	8554	10399	10959	20351	18625	1327	1898	1965	1920	1518	1444	1408
14:29:17	3607	3606	3774	3761	3675	3685	3896	4055	3906	5319	5396	5014	4354	6679	5556	3800	3764	3698	6528	6355	6186	3952	3829	3926	4363	4739	6959	4346	4414	4485	10677	11135	10645	6890	6453	5228	4309	4380	5701	10727	10978	10321	1896	1904	1926	1771	1903	1942	4099	4039	4015	7670	6717	6755	4422	4977	4891	22404	24725	11541	29706	29501	31760	4137	4313	4278	7694	7882	7929	4121	4320	4136	6834	13881	13292	34177	32004	35619	60590	51417	55414	16295	15546	8561	8228	10533	10824	19595	17831	1342	1921	1940	1915	1399	1377	1427
14:39:17	3628	3858	3791	3446	3741	3608	3727	3989	3919	5289	5279	5093	4429	6566	5435	3674	3822	3504	6613	6297	5888	3676	3689	3840	4442	4642	6707	4243	4452	4458	10360	10854	10596	6931	6343	5023	4432	4575	5794	10215	10476	9672	1890	1735	1853	1762	1982	1813	4180	4115	4252	7424	6437	6798	4422	4878	4950	21797	24473	11005	28822	28719	32305	4115	4363	4256	7650	7654	7920	4240	4353	4171	7045	13350	12526	32819	32914	35028	58899	49388	53998	16259	15329	8154	8105	10082	10707	19422	17181	1278	1947	1899	1930	1311	1291	1368
14:49:17	3499	3529	3797	3740	3655	3586	3907	4032	3899	5195	5163	5111	4366	6216	5398	3737	3825	3502	6424	6164	5906	3720	3805	3841	4319	4647	6805	4140	4508	4342	9732	10929	10173	6701	6280	4954	4440	4524	5556	10236	10488	9660	1961	1793	1855	1779	1933	1946	3956	4157	3895	7299	6347	6797	4294	4720	4883	21554	23260	10877	28473	27888	31253	4048	4320	4417	7628	7505	7565	4212	4313	4136	7067	13155	11980	32338	30890	34085	56329	47711	51336	15622	14266	8083	8065	9702	10413	18503	16852	1431	1876	1974	1929	1390	1505	1421
14:59:17	3392	3588	3961	3692	3683	3784	3805	3769	3924	5189	5245	5057	4469	6126	5368	3642	3799	3662	6120	5924	5827	3747	3646	3782	4285	4716	6433	4167	4391	4555	9949	10533	10047	6645	6395	5015	4460	4689	5405	9819	10501	9498	1954	1823	1855	1833	1822	1946	4059	3925	3959	7283	6200	6800	4436	4834	4731	21247	22666	10694	28218	27466	29552	4139	4167	4296	7569	7233	7516	4492	4419	4114	6934	12804	12047	31523	30337	33262	54210	46230	50516	14891	13636	8306	8111	9643	9864	17872	16448	1368	1850	1881	1922	1458	1466	1404
15:09:17	3478	3610	3834	3645	3804	3792	3785	3776	3959	5073	5131	4916	4441	6057	5457	3678	3691	3530	6182	5909	5672	3734	3619	3834	4261	4339	6464	4048	4355	4406	9472	10426	9767	6500	6212	4799	4248	4433	5346	9806	10274	9533	1994	1827	1847	1891	1879	1868	3905	3905	3825	7271	6226	6332	4310	4602	4832	20365	22241	10946	27132	26601	27869	4109	4299	4277	7282	7140	7468	4205	4223	4270	6740	12280	11711	30904	28680	31505	53055	43880	47932	14497	13325	8154	7886	9413	9672	17050	15631	1349	1956	1855	1893	1439	1484	1419
15:19:17	3459	3650	3784	3478	3610	3745	3745	3956	3897	4960	5179	4639	4497	5889	5443	3594	3826	3715	6044	5827	5623	3614	3598	3938	4409	4449	6256	3925	4283	4274	9272	9997	9422	6268	5870	4835	4517	4464	5356	9445	10160	9178	1801	1777	1896	1818	1797	1903	3974	3850	4047	6909	5997	6317	4128	4636	4821	19789	21102	10934	26526	25323	27357	4144	4139	4277	7052	7095	7680	4249	4282	4145	6668	12459	11279	29962	28039	31882	50524	43238	45858	13868	12713	7998	8002	7816	9993	16616	15285	1432	1908	1871	1829	1372	1330	1356
15:29:17	3531	3550	3753	3635	3512	3607	3666	3788	3879	4869	5041	4997	4427	5695	5320	3551	3852	3605	6080	5707	5556	3862	3748	3918	4230	4530	6312	4032	4263	4319	9302	10285	9366	6322	5816	5031	4414	4473	5524	9358	9990	9271	1905	1775	1908	1840	1854	1946	3963	3914	3925	6727	5960	6384	4374	4507	4728	19787	21488	10601	25774	25883	26617	4171	4107	4278	6634	6792	7145	4215	4265	4142	6628	12207	10802	28397	27646	30535	49662	43094	47323	14456	12746	7928	7514	8117	9848	16302	14804	1313	1932	1843	1934	1393	1368	1406
15:39:17	3471	3597	3698	3691	3656	3750	3834	3821	3879	4938	4972	4840	4389	5578	5450	3656	3721	3714	5868	5690	5331	3742	3653	3884	4307	4343	6181	4093	4155	4286	9259	9765	9305	6342	6081	4928	4344	4505	5369	9019	10008	9135	1875	1862	1879	1890	1752	1865	3813	3735	4078	6648	6032	6212	4186	4476	4542	19643	20952	10585	24831	25335	25539	4131	4160	4163	6660	6731	7025	4150	4350	4126	6386	11647	10467	28201	27146	29846	49104	41995	48143	14050	12473	7976	7795	7739	9327	16464	14648	1434	2054	1891	1852	1349	1454	1379
15:49:17	3463	3789	3872	3669	3673	3653	3752	3818	3714	4770	4798	4917	4512	5629	5358	3668	3581	3605	5771	5802	5428	3709	3668	3827	4223	4464	6096	3937	4281	4313	9447	9679	9221	6256	5974	4982	4232	4333	5143	9102	9923	8854	1905	1841	1893	1940	1917	1840	3886	3839	3799	6478	5866	6205	4313	4516	4611	19404	21035	10534	24679	25340	24682	4195	4123	4110	6762	6727	6948	4175	4335	4103	6489	11283	10569	26642	26273	28234	47774	41800	45824	13541	12938	7837	7644	8027	9048	15589	14919	1346	1807	1964	1880	1413	1311	1375
15:59:17	3550	3587	3816	3597	3740	3606	3842	3825	3890	4727	4926	4973	4542	5143	5336	3659	3825	3740	5674	5750	5387	3755	3634	3898	4276	4343	6131	4056	4256	4295	8828	9531	9179	6210	5823	4998	4223	4304	5146	9007	9718	8917	1845	1764	1874	1827	1807	1836	3828	3904	3884	6431	5910	6113	4321	4426	4467	19134	20549	10641	24290	24650	25111	3986	4322	4123	6459	6700	6828	4182	4245	4149	6561	11154	10511	26602	25287	27866	47958	41538	46426	13503	12221	7827	7490	8537	8962	15839	14382	1346	1806	1854	1952	1345	1426	1336
16:09:17	3398	3681	3865	3541	3768	3713	3827	3815	3650	4703	4988	5130	4476	5077	5168	3762	3749	3681	5939	5486	5444	3769	3592	3827	4313	4508	5952	3864	4065	4351	9033	9634	9408	6029	6023	5006	4319	4434	5091	9111	9943	8887	1909	1845	1826	1902	1858	1918	3981	3871	3903	6316	5676	6195	4210	4480	4469	19035	20599	10348	24153	24292	24956	4148	4129	4153	6538	6450	6555	4308	4154	4269	6506	10737	10219	26421	24774	27524	47175	39712	45797	13653	11736	7810	7444	7373	8925	15731	14243	1348	1924	1864	1970	1450	1409	1315
16:19:17	3322	3584	3687	3651	3651	3625	3821	3799	3750	4862	4924	4815	4459	5209	5265	3605	3628	3729	5693	5413	5240	3650	3749	3962	4262	4240	5888	4018	4121	4294	9035	9510	9224	5961	5847	4873	4503	4212	5022	9082	9547	8947	1791	1839	1876	1833	1774	1841	3777	3839	3647	6343	5705	6088	4242	4588	4486	18803	20252	10510	23587	23580	24227	4189	4174	4198	6360	6453	6536	4138	4313	4290	6348	10864	9996	25991	24557	26492	47056	39793	44880	13473	12038	7544	7264	8148	8861	15376	14276	1375	1857	1873	1857	1470	1362	1387
16:29:17	3477	3657	3792	3565	3752	3534	3608	3820	3740	4995	5068	4755	4438	5261	5385	3569	3785	3610	5773	5762	5254	3730	3560	3716	4154	4301	5945	3901	4193	4144	8924	9342	9073	6220	5827	4818	4162	4389	5031	9041	9455	8807	1893	1902	1891	1866	1817	1939	3910	3829	3721	6293	5707	6078	4132	4534	4454	18548	20469	10286	23074	23090	24431	3972	4047	4057	6424	6413	6604	4231	4209	4192	6444	10889	10083	25117	24353	25208	46044	40159	44747	13437	12009	7704	7170	7371	8725	15194	13799	1361	1831	1872	1901	1407	1418	1449
16:39:17	3483	3745	3715	3533	3436	3642	3684	3722	3645	4803	5080	4850	4343	5356	5143	3623	3755	3848	5621	5658	5218	3622	3707	3828	4437	4373	5758	3990	4153	4185	8920	9510	9026	6103	5852	4807	4108	4137	5159	9059	9777	8792	1787	1859	1942	1881	1875	1842	3664	3746	3738	6252	5745	5928	4166	4436	4534	18616	19984	9979	22878	22629	23921	4081	4087	4308	6386	6177	6497	4228	4257	3993	6293	10157	9504	24875	24949	25856	46092	39766	44731	13206	11741	7831	7102	7024	8317	15234	13756	1353	1921	1918	1988	1319	1382	1435
16:49:17	3549	3586	3841	3498	3625	3591	3811	3687	3661	4674	4869	4825	4374	5332	5321	3725	3784	3795	5492	5308	5234	3741	3784	3715	4203	4385	5660	3949	4134	4295	8837	9380	8934	5986	5662	4811	4194	4155	4875	8879	9475	8809	1932	1851	1872	1903	1766	1826	3834	3782	3769	6154	5514	5856	4193	4469	4557	18217	20131	10071	22323	22951	23757	4126	4111	4167	6118	6196	6430	4229	4092	4237	6526	10051	9665	24603	23255	24842	44254	39177	42925	12922	11620	7680	6973	7539	8541	15193	13730	1328	1854	1976	1894	1485	1410	1289
16:59:17	3394	3667	3598	3617	3590	3410	3789	3666	3933	4846	4862	4741	4330	5208	5225	3672	3797	3810	5604	5514	5234	3601	3597	3668	4264	4321	5928	3856	4032	4275	8586	9306	8805	5956	5643	4739	4252	4372	4980	8655	9389	8626	1875	1958	1842	1895	1789	1834	3733	3780	3813	6180	5757	5915	4214	4445	4294	18442	20017	10056	22598	22229	23563	4108	3906	4014	6173	6322	6378	4131	4097	4131	6292	9931	9821	24655	22486	24524	45166	38738	43733	12977	11457	7721	6986	7200	8158	14939	13744	1367	1856	1966	1924	1397	1387	1400
17:09:17	3302	3647	3945	3656	3660	3455	3763	3781	3719	4841	4989	4745	4286	5132	5221	3727	3775	3641	5658	5595	5229	3728	3656	3909	4186	4453	5698	3863	3988	4120	8613	9144	8649	5770	5589	4770	4259	4188	4974	8728	9319	8448	1913	1915	1803	1840	1849	1948	3828	3774	3872	5947	5551	5753	4194	4385	4437	18292	19138	9889	22024	21764	22300	3957	4037	4119	6144	6316	6657	4165	4144	4039	6197	9648	9633	23904	22869	24100	44319	38720	43816	12700	11185	7776	7148	7284	8086	14418	13374	1323	1903	1870	1877	1412	1331	1369
17:19:17	3404	3614	3787	3581	3513	3661	3637	3833	3749	4786	4818	4985	4495	5212	5245	3767	3804	3740	5489	5462	5427	3789	3600	3841	4287	4325	5851	3981	3930	4109	8617	8996	8804	5934	5667	4707	4165	4140	4951	8869	9536	8209	1981	1825	1846	2013	1740	1874	3738	3787	3751	6109	5378	5905	4046	4310	4426	17931	19384	10115	22821	22090	22133	3958	3960	4002	6152	6158	6348	4015	4106	4118	6480	9475	9525	23189	21632	24388	43894	37125	41319	12420	11108	7722	6792	6915	8183	14560	13408	1382	1901	1944	1807	1413	1409	1348
17:29:17	3461	3544	3880	3598	3650	3517	3495	3813	3703	4791	4816	4678	4329	5132	5313	3659	3730	3684	5374	5288	5004	3594	3678	3828	4097	4310	5756	3873	4030	4092	8585	8959	8829	6012	5594	4818	4134	4096	4895	8494	9544	8347	1838	1857	1820	1845	1903	1925	3828	3818	3879	6207	5526	5863	4178	4441	4295	18145	19455	9961	21303	21129	22028	3946	3909	4249	6053	5847	6009	4242	4192	4168	6390	9482	9493	23249	21430	23840	42513	36825	41748	12243	10919	7490	6926	7267	7974	14335	12915	1350	1998	1967	1862	1387	1390	1419
17:39:17	3475	3525	3809	3652	3641	3770	3539	3836	3839	4641	4931	4754	4466	5216	5215	3636	3770	3731	5460	5576	5021	3814	3611	3847	4023	4311	5711	3989	4191	4148	8631	9182	8571	5811	5534	4952	4284	4248	4833	8501	9296	8387	1888	1894	1846	1779	1917	1850	3798	3882	3778	6022	5488	5691	4332	4416	4297	17681	18795	10309	21229	20951	22288	3959	4060	4097	6077	6038	6238	4249	4001	4042	6245	9501	8732	23502	21425	22890	43023	36636	42634	12104	11051	7719	6992	7150	7941	14371	13208	1426	1794	1928	1993	1332	1527	1381
17:49:17	3497	3609	3697	3654	3496	3576	3768	3885	3574	4687	4721	4782	4328	5199	5079	3660	3983	3624	5306	5479	5180	3595	3530	3877	4201	4316	5699	3963	3982	4184	8522	8681	8663	5845	5687	4881	4049	4196	4954	8504	9021	8148	1807	1809	1760	1924	1733	1921	3855	3833	3620	6101	5519	5760	4296	4328	4175	17972	19012	10175	21373	21341	22213	3890	4090	3951	5981	6168	6213	4085	4102	4159	6401	9446	9392	23014	21334	23416	42285	36246	42647	12228	10966	7671	6817	6933	8226	13864	13217	1411	2016	1844	1902	1310	1425	1440
17:59:17	3577	3622	3807	3700	3512	3531	3755	3583	3629	4847	4918	4752	4344	5067	5331	3535	3587	3770	5139	5264	5004	3795	3604	3670	4085	4252	5453	3747	4102	4152	8425	8751	8576	5565	5536	4806	4167	4308	4734	8389	9031	8127	1877	1870	1889	1905	1804	1898	3747	3619	3773	5987	5442	5718	4104	4182	4496	17442	18969	9994	20537	21294	21550	4079	4034	4059	5681	5884	6204	4138	4025	4165	6429	9056	9036	22889	21076	22542	42375	35764	42771	11968	10900	7576	6863	7352	7801	14178	12843	1455	1958	1823	1929	1387	1384	1480
18:09:17	3457	3587	3821	3536	3495	3659	3682	3879	3741	4828	4951	4867	4331	5195	5141	3600	3597	3752	5406	5217	5224	3813	3571	3765	4176	4287	5525	3944	3996	3902	8417	8723	8359	5744	5525	4716	4062	4110	4786	8366	9059	7967	1986	1898	1865	1845	1842	1897	3701	3790	3777	5831	5405	5650	4232	4370	4300	17742	19030	10151	20196	21083	21333	4060	4031	4062	6134	5875	6093	4100	4176	4086	6186	9214	9102	22559	20980	22343	41237	35683	41381	11927	10674	7507	6695	6677	7486	13668	13106	1363	1802	1872	1928	1359	1461	1362
18:19:17	3504	3758	3698	3542	3555	3534	3749	3648	3652	4636	4939	4856	4295	5252	5294	3748	3760	3579	5203	5347	5110	3655	3608	4012	4252	4371	5448	3768	3889	4199	8487	8781	8294	5766	5532	4808	4192	4284	4822	8267	9237	7961	1833	1824	1798	1977	1817	1910	4040	3771	3852	5885	5302	5762	4209	4300	4239	17515	18587	10014	19876	20546	21306	4057	3797	4032	5729	5895	6215	4181	4146	4155	6282	8980	8866	22748	20927	22368	40316	35499	40105	11882	10682	7490	6633	6868	7158	13491	12668	1337	1873	1862	1856	1355	1439	1364
18:29:17	3631	3585	3780	3413	3587	3584	3708	3784	3815	4689	4873	4688	4294	5231	5048	3726	3619	3768	5282	5517	5150	3748	3612	3818	4182	4251	5457	3895	4044	4132	8477	8822	8697	5850	5486	4887	4164	4120	4666	8691	9016	8206	1955	1871	1885	1850	1932	1836	3648	3738	3814	6099	5608	5712	4136	4307	4252	17649	18624	10052	20743	20904	21090	3969	3935	4006	5878	5914	6151	4105	4238	4106	6106	9156	8845	22388	21048	22009	40164	34732	41730	11893	10651	7638	6583	6969	7573	14010	13267	1331	1972	1935	2065	1416	1457	1383
18:39:17	3463	3578	3625	3650	3798	3546	3596	3552	3739	4689	4817	4789	4385	5134	5041	3704	3707	3753	5579	5360	5252	3630	3578	3930	4217	4179	5482	3887	3867	4084	8226	9010	8844	5964	5607	4890	4212	4062	4628	8396	9138	8111	1924	1854	1896	1949	1893	1858	3750	3898	3678	6150	5580	5763	4135	4248	4382	17993	18611	10267	20209	20924	21543	3989	4075	4249	5821	6039	5983	4235	4149	4362	6146	8722	8760	22701	20646	22407	41143	35458	41023	11751	10921	7427	6777	6836	7663	14198	13024	1322	2014	1846	1917	1363	1439	1415
18:49:17	3509	3638	3862	3428	3618	3659	3604	3917	3722	4750	4713	4898	4518	5131	5250	3655	3671	3774	5314	5354	5004	3807	3658	3941	4113	4447	5401	3947	4157	4077	8659	8570	8474	5708	5519	4776	4147	4126	4745	8530	9194	7926	1935	1882	1806	1859	1824	1875	3599	3762	3741	5681	5420	5554	4241	4347	4297	17253	19156	9981	20127	21005	21220	3974	4014	3892	5896	6204	6091	4117	4200	4078	6119	8872	9141	22158	20288	22021	39748	35558	41174	11655	11036	7728	6518	6907	7603	13989	12885	1334	1951	1897	1903	1359	1332	1378
18:59:17	3497	3647	3970	3600	3535	3537	3654	3525	3874	4652	4865	4788	4430	4988	5302	3575	3554	3780	5405	5160	4979	3707	3540	3758	4116	4295	5373	3745	3977	3905	8447	9030	8503	5837	5681	4900	4043	4129	4571	8504	8994	7852	1959	1855	1842	1833	1821	1836	3846	3624	3864	5809	5311	5699	3993	4415	4214	17290	19141	10249	20165	20128	20705	3968	4136	4176	5857	6072	6109	4160	4149	4048	6235	8799	8767	22054	20448	21542	39790	34158	41950	11724	10445	7739	6615	6611	7470	13554	12734	1235	1852	1982	1853	1419	1438	1441
19:09:17	3369	3603	3893	3600	3634	3762	3638	3581	3659	4747	4734	4704	4452	5012	5304	3701	3683	3687	5102	5357	5057	3712	3642	3915	4215	4289	5271	3860	4061	3864	8317	8652	8165	5659	5451	4802	4113	4077	4659	8380	8982	7968	1829	1766	1905	1911	1860	1877	3662	3793	3865	5922	5351	5480	4171	4362	4252	17549	18238	9894	19798	19454	20690	3878	3904	3919	5862	6115	6150	4269	4170	4044	6208	8719	8738	21525	20631	21855	40198	34508	40771	11718	10216	7582	6601	6571	7407	13207	12573	1352	1869	1845	1839	1419	1303	1307
19:19:17	3465	3663	3705	3580	3630	3599	3735	3864	3689	4609	4811	4768	4224	5294	5186	3537	3635	3595	5220	5317	4836	3744	3559	3765	4167	4309	5256	3837	4080	4026	8330	8517	8431	5574	5549	4761	4127	4024	4671	8284	9025	7717	1887	1764	1920	1888	1867	1918	3785	3786	3824	5801	5540	5578	4151	4276	4216	17244	18259	9807	19854	19511	21087	3977	4136	3861	5794	5924	5764	4135	3964	4126	6367	8613	8767	21505	19983	21632	39790	34061	39151	11634	10480	7556	6533	6160	7212	12954	12693	1295	1952	1950	1848	1359	1437	1417
19:29:17	3387	3540	3853	3671	3553	3631	3773	3732	3792	4559	4923	4767	4368	5088	5157	3540	3724	3689	5219	5262	4995	3699	3556	3843	4082	4272	5221	3745	4014	3880	8231	8541	8164	5667	5170	4846	4296	4180	4730	8258	9201	7918	1926	1834	1912	1924	1895	1930	3719	3780	3847	5860	5547	5652	4105	4241	4229	17173	18352	10029	19410	19525	20482	3882	4022	4062	5625	6152	5892	4194	4006	4081	6064	8090	8334	22134	19941	21421	38830	34287	39487	11437	10410	7549	6689	6805	7289	13161	12800	1421	1883	1950	1924	1386	1343	1412
19:39:17	3518	3667	3876	3514	3593	3515	3667	3584	3542	4556	4793	4823	4359	5184	5179	3594	3802	3714	5295	5331	5089	3576	3544	3866	3959	4225	5010	3891	4048	4138	8205	8306	8134	5691	5519	4830	4015	4235	4578	8105	9095	7783	1957	1822	1872	1898	1785	1964	3936	3856	3777	5811	5314	5538	4355	4204	4120	17483	18348	10011	19677	19808	20731	3954	3859	4199	5731	5888	5819	4251	4133	4147	6204	8294	8627	21802	19646	21129	38521	33809	38813	11494	10503	7503	6607	6692	7329	13274	12535	1368	1936	1947	1861	1459	1391	1488
19:49:17	3391	3571	3803	3470	3645	3623	3671	3766	3802	4775	4982	4684	4393	5069	5204	3494	3560	3680	5254	5335	4939	3586	3462	3937	4257	4442	5164	3823	3997	4272	8332	8748	8299	5728	5430	4697	4095	4215	4792	8429	9016	7750	1901	1944	1888	1911	1814	1857	3808	3745	3953	5923	5426	5579	4045	4322	4308	17337	18244	10160	19939	19886	20882	3819	3931	4000	5711	5902	5772	4267	4003	4110	5984	8507	8763	21847	20024	21168	37669	34656	39620	11441	10267	7751	6661	6687	7337	13482	12389	1301	1858	1893	1952	1400	1401	1340
19:59:17	3492	3560	3808	3693	3553	3576	3728	3964	3690	4694	4772	4880	4431	5296	5058	3604	3742	3636	5314	5218	5116	3577	3694	3837	4005	4533	5246	3857	3989	4033	8315	8442	8269	5844	5443	5025	4273	4214	4719	8506	8889	7703	1828	1789	1880	1826	1829	1882	3739	3728	3836	5792	5415	5695	4103	4310	4295	17096	17830	10116	19109	19850	20624	3852	3970	4103	5800	5999	5899	4182	4169	4034	6387	8735	8236	21529	20174	20666	37909	34241	39318	11503	10622	7624	6646	6839	7079	13022	12246	1368	2002	1976	1917	1354	1418	1395
20:09:17	3399	3835	3777	3530	3651	3518	3582	3753	3631	4870	4578	4651	4415	5030	5034	3581	3787	3674	5254	5341	5043	3624	3733	3893	4219	4424	4991	3914	3935	4062	7921	8555	8288	5835	5225	4964	4150	4130	4846	7994	8897	7610	1903	1793	1903	1872	1875	1902	3761	3651	3759	5870	5335	5582	4131	4229	4430	17504	17683	9916	19253	19567	20353	3850	3905	4143	5652	5871	5901	4242	3971	4163	6245	8511	8394	21867	19614	20975	38450	33849	39548	11180	10234	7714	6458	6313	7287	13163	12445	1415	1867	1885	1945	1410	1418	1403
20:19:17	3449	3563	3786	3748	3426	3715	3704	3672	3725	4509	4702	4752	4397	5238	5100	3447	3716	3737	5127	5351	5126	3752	3514	3784	4171	4338	5085	3811	3928	4000	8047	8414	8112	5630	5339	4816	4134	4241	4644	8248	8882	7536	1871	1843	1808	1824	1865	1972	3794	3608	3716	5617	5464	5538	4210	4364	4158	17461	17644	10065	19360	19364	20861	4018	3991	4042	5726	5822	5883	4190	4103	4166	6402	8263	8429	21692	19395	20499	37647	33232	39443	11288	10244	7511	6660	6646	7412	13016	12342	1376	1873	1920	1832	1395	1369	1336
0:00:00																																																																																																
0:00:00																																																																																																
0:00:00																																																																																																
0:00:00																																																																																																
0:00:00																																																																																																
0:00:00																																																																																																
0:00:00																																																																																																
0:00:00																																																																																																
0:00:00																																																																																																
0:00:00																																																																																																
0:00:00																																																																																																
0:00:00																																																																																																
0:00:00																																																																																																
0:00:00																																																																																																
0:00:00																																																																																																
0:00:00																																																																																																
0:00:00																																																																																																
0:00:00																																																																																																
0:00:00																																																																																																
0:00:00																																																																																																
0:00:00																																																																																																
0:00:00																																																																																																
0:00:00																																																																																																
0:00:00																																																																																																
0:00:00																																																																																																
0:00:00																																																																																																
0:00:00																																																																																																
0:00:00																																																																																																
0:00:00																																																																																																
0:00:00																																																																																																
0:00:00																																																																																																
0:00:00																																																																																																

