EGFP:488,507

Kinetic read	A1	A2	A3	A4	A5	A6	A7	A8	A9	A10	A11	A12	B1	B2	B3	B4	B5	B6	B7	B8	B9	B10	B11	B12	C1	C2	C3	C4	C5	C6	C7	C8	C9	C10	C11	C12	D1	D2	D3	D4	D5	D6	D7	D8	D9	D10	D11	D12	E1	E2	E3	E4	E5	E6	E7	E8	E9	E10	E11	E12	F1	F2	F3	F4	F5	F6	F7	F8	F9	F10	F11	F12	G1	G2	G3	G4	G5	G6	G7	G8	G9	G10	G11	G12	H1	H2	H3	H4	H5	H6	H7	H8	H9	H10	H11	H12
0:08:36	159	174	161	154	106	160	176	149	189	161	144	170	155	155	140	151	177	144	164	178	191	165	179	168	175	156	151	158	153	190	207	172	195	148	161	166	161	158	161	171	164	162	141	139	138	154	150	141	167	153	146	159	173	190	167	139	154	179	168	146	187	152	168	137	158	138	139	144	172	176	148	162	187	195	151	145	167	150	172	162	190	123	168	170	173	164	180	157	171	162	155	135	144	142	157	125
0:18:36	161	180	161	164	155	149	155	172	177	158	178	160	162	169	161	143	163	137	163	163	184	165	179	174	175	167	150	173	141	168	147	147	190	176	179	154	155	168	183	188	179	189	152	145	151	183	185	137	145	170	187	171	157	160	159	165	182	186	163	175	172	146	140	138	166	160	158	193	181	147	178	135	147	180	155	132	137	177	192	184	154	184	151	170	181	173	165	163	193	186	165	155	159	150	182	168
0:28:36	143	179	130	133	154	159	146	155	159	174	169	148	156	173	194	142	163	151	143	159	162	195	159	140	147	151	151	151	147	137	182	189	147	120	165	174	142	164	180	168	166	183	167	157	156	166	138	147	151	136	182	158	174	142	186	133	170	172	149	178	142	161	165	140	167	142	149	180	156	142	150	151	184	158	149	165	137	174	196	170	183	182	159	147	153	153	166	148	189	172	130	168	156	156	156	177
0:38:36	149	157	151	138	146	174	168	162	155	168	145	152	186	167	140	181	138	155	123	161	163	140	172	139	182	164	156	150	135	168	175	186	196	143	164	149	177	185	149	176	165	211	147	155	132	186	139	157	158	159	188	130	166	149	135	152	172	165	168	160	169	155	159	153	158	150	159	169	180	138	159	155	157	155	172	188	191	175	179	213	211	179	154	173	174	150	139	172	172	179	149	168	170	163	146	129
0:48:36	169	144	153	166	173	158	129	145	187	165	158	150	171	156	168	144	163	167	166	161	141	173	143	181	139	155	156	168	155	176	183	177	189	181	158	166	154	188	162	201	144	168	161	175	170	155	173	160	171	169	146	156	156	161	152	148	159	159	187	188	185	178	181	161	148	152	161	153	168	164	170	176	176	170	190	169	167	173	207	195	198	168	188	167	168	144	171	171	163	187	130	152	127	162	148	87
0:58:36	168	150	153	156	159	181	144	170	160	138	162	160	153	181	165	155	146	153	156	171	184	169	165	163	155	179	154	141	158	177	179	179	170	177	155	175	146	169	165	157	186	159	147	134	163	145	146	148	161	139	146	151	154	161	172	150	137	190	201	159	170	160	202	177	158	137	180	156	147	172	146	148	192	161	155	174	161	161	194	194	203	180	138	193	177	167	176	216	184	184	133	166	156	148	166	167
1:08:36	148	155	157	141	165	151	149	172	177	169	167	174	173	181	135	150	145	174	166	154	158	136	168	180	142	187	189	186	165	156	195	181	180	152	187	179	180	173	162	161	189	212	172	133	170	167	149	150	148	153	172	179	166	174	113	170	128	212	198	131	190	210	162	161	128	155	155	174	164	191	144	161	148	169	168	193	193	170	217	197	203	159	169	174	172	175	167	195	176	149	180	162	195	149	160	156
1:18:36	163	178	161	156	183	181	163	157	170	149	181	165	139	160	181	150	155	177	182	138	122	177	144	137	163	172	180	149	171	148	184	182	193	204	169	173	155	175	175	184	178	184	146	152	164	169	171	140	131	172	151	170	165	183	143	155	163	161	182	183	171	173	220	186	177	167	171	163	187	157	143	168	176	184	163	191	156	178	209	184	237	162	140	152	174	165	155	194	200	179	135	167	174	147	155	125
1:28:36	102	175	137	141	158	160	159	152	167	137	154	157	170	165	176	181	173	169	167	200	173	167	179	153	145	172	180	127	173	155	180	190	210	148	179	168	171	166	151	176	187	176	157	156	177	163	163	147	150	161	166	145	183	157	175	140	157	161	218	170	191	206	206	128	165	150	191	187	174	172	155	170	173	148	152	220	213	199	257	221	251	178	181	174	174	171	150	207	181	208	127	159	163	144	153	166
1:38:36	168	189	192	187	171	171	177	183	173	166	160	164	179	153	160	170	154	142	148	167	158	168	158	169	158	172	140	151	172	149	207	195	180	181	167	185	180	165	169	199	190	215	141	147	184	175	169	157	152	181	147	174	189	147	172	168	164	208	223	174	191	153	168	164	159	197	167	163	187	170	159	164	167	169	155	211	196	185	263	230	249	171	165	173	187	176	175	186	169	198	188	165	150	139	171	155
1:48:36	171	172	159	162	143	157	134	159	151	158	162	175	170	155	176	194	179	168	164	180	169	184	168	158	150	169	183	182	157	172	197	221	215	185	190	153	168	192	179	180	169	216	174	140	151	176	147	156	168	150	166	186	141	196	164	162	156	215	209	188	195	214	216	149	193	153	186	185	181	176	169	170	149	144	161	278	177	216	273	274	256	161	158	176	166	160	168	190	222	199	152	155	165	143	153	161
1:58:36	174	156	174	136	171	175	147	153	161	139	157	176	193	168	183	183	178	167	161	175	182	164	193	192	200	162	175	163	192	194	210	183	184	179	167	168	178	175	181	206	157	188	160	156	136	133	151	141	153	186	172	150	169	166	160	170	142	226	175	214	191	203	207	170	146	152	183	176	144	161	145	176	195	171	178	271	227	196	245	307	258	161	209	178	183	182	190	221	240	236	147	162	141	136	159	145
2:08:36	159	141	171	150	155	177	136	154	189	170	208	183	177	162	190	145	173	187	170	172	154	146	153	169	174	159	166	193	181	166	192	183	205	175	181	197	163	194	165	208	197	184	159	152	161	154	149	178	182	188	165	190	174	157	156	196	186	216	251	228	201	209	203	183	161	162	197	185	157	159	160	161	183	172	164	252	231	240	280	300	295	207	172	174	193	203	181	195	198	198	174	181	160	167	148	133
2:18:36	160	202	167	191	152	161	204	154	151	161	200	184	160	169	192	164	178	178	184	188	176	163	162	153	170	188	188	174	198	181	217	207	216	169	197	170	193	169	159	192	191	203	155	142	179	144	149	164	186	145	145	170	154	183	161	169	153	203	246	214	201	217	204	173	198	162	176	185	200	150	145	176	170	147	169	248	257	247	281	337	312	187	174	203	189	171	175	222	208	219	186	152	161	128	147	157
2:28:36	182	158	162	168	176	179	142	167	165	202	200	176	197	211	167	176	172	184	183	176	184	168	139	186	166	175	183	167	176	188	201	194	216	164	174	200	143	212	151	216	214	214	169	145	149	155	171	152	184	162	159	183	147	169	155	172	128	205	224	193	253	210	254	183	152	188	193	181	189	181	155	126	194	202	167	284	260	260	333	362	360	186	181	196	205	207	187	254	234	203	121	159	166	138	127	111
2:38:36	143	155	161	171	194	198	168	198	177	176	166	176	188	182	157	170	182	166	193	202	192	158	167	155	179	161	175	179	165	214	201	197	180	189	172	174	169	176	163	219	214	212	177	146	152	176	132	141	167	173	180	160	183	215	185	150	168	221	224	233	205	252	219	170	182	179	188	175	163	184	161	202	200	195	203	281	290	305	327	363	333	178	201	195	200	198	199	239	255	229	140	139	149	163	133	171
2:48:36	135	167	187	183	142	173	170	146	179	194	161	205	178	166	180	193	206	163	180	195	183	182	167	186	156	182	192	178	153	176	209	217	212	197	142	157	159	181	172	193	250	215	159	136	136	146	166	170	181	178	165	173	196	195	148	186	174	256	263	257	229	217	232	205	154	174	212	208	223	177	162	178	196	172	168	311	319	280	413	380	339	207	205	231	208	195	203	270	257	265	152	156	156	161	149	129
2:58:36	173	155	176	183	172	182	160	178	195	209	193	183	188	190	205	193	157	193	191	196	174	147	167	180	158	165	190	184	177	181	243	229	225	167	179	171	211	168	178	215	233	210	137	158	140	162	176	166	206	163	185	171	150	198	157	166	169	253	278	235	268	268	253	195	179	187	163	161	199	181	170	171	210	195	196	296	310	312	412	411	401	238	200	216	194	197	234	267	292	244	185	151	161	162	138	138
3:08:36	140	161	192	195	157	178	198	180	182	171	171	200	205	194	181	181	162	185	174	202	198	161	171	185	156	168	168	189	181	185	232	201	231	164	196	182	172	184	169	232	262	188	153	124	177	171	163	165	194	190	186	195	207	185	195	183	189	278	277	262	272	247	248	171	205	166	224	212	201	196	152	174	177	220	182	332	339	324	451	443	459	174	194	207	195	201	201	255	289	265	154	173	143	140	149	178
3:18:36	135	171	217	189	154	173	169	170	130	200	166	190	202	189	183	149	197	194	168	224	165	176	176	172	174	177	190	183	179	173	212	266	221	189	164	173	173	188	172	229	229	254	150	172	161	163	157	120	179	159	190	199	186	198	186	166	188	288	297	272	273	287	268	186	171	171	204	200	194	183	143	201	200	249	150	371	359	367	473	441	458	229	209	243	174	203	196	284	294	293	152	158	140	151	191	146
3:28:36	154	185	187	193	165	140	193	174	181	184	153	179	179	241	189	184	192	219	189	195	193	155	187	196	155	177	175	197	170	140	227	208	237	187	178	195	160	185	185	221	247	222	162	178	150	164	137	162	163	159	197	166	215	201	186	192	201	317	308	298	297	290	259	200	169	167	191	216	185	217	179	155	212	207	213	375	384	365	489	486	495	227	223	254	185	199	224	300	268	284	145	162	151	153	156	144
3:38:36	173	217	166	158	162	188	143	199	179	191	182	214	188	217	193	193	130	169	233	174	188	163	189	182	161	168	196	166	191	165	221	244	243	192	169	162	170	178	187	221	251	238	144	140	164	136	156	184	161	174	180	201	229	216	227	157	184	304	299	309	278	325	307	170	225	177	196	215	184	180	168	205	201	184	246	399	403	375	538	561	532	226	234	227	224	214	231	340	304	289	153	164	158	127	147	135
3:48:36	184	178	177	202	178	173	193	184	157	184	176	191	245	226	206	157	175	159	199	232	217	181	165	185	160	207	171	183	190	188	253	239	219	194	186	198	176	181	169	237	212	242	156	147	149	157	173	167	185	159	163	185	214	225	176	196	196	301	303	325	306	335	313	194	211	191	184	205	190	226	190	163	223	209	209	438	415	410	572	591	549	248	237	233	254	225	237	322	300	297	160	155	136	155	159	165
3:58:36	163	153	176	171	170	184	172	181	181	164	161	182	198	214	172	186	172	180	216	177	202	190	176	171	161	207	182	196	169	193	238	230	250	184	199	190	185	178	168	226	262	260	166	155	162	172	164	174	198	208	180	188	179	217	196	171	176	314	362	315	316	326	316	165	196	160	207	205	205	192	198	193	250	216	205	442	421	390	608	618	588	256	229	286	230	203	195	335	338	331	142	151	175	150	156	164
4:08:36	148	190	185	195	183	179	179	205	192	166	197	196	182	240	203	164	208	165	202	197	186	180	173	183	169	196	202	167	193	209	246	240	256	171	173	187	168	217	189	264	269	242	145	171	166	124	141	180	168	194	155	220	170	196	180	192	185	366	354	326	351	327	324	167	193	184	214	208	202	176	190	197	229	254	226	448	430	438	633	653	603	286	246	276	218	230	239	319	328	327	170	154	157	110	176	154
4:18:36	176	150	164	187	164	197	188	166	204	198	215	196	191	210	204	170	165	163	201	190	201	167	161	166	161	196	178	184	188	183	232	274	263	196	198	186	149	171	195	246	294	261	145	177	160	157	147	154	172	173	216	221	213	193	200	182	165	343	379	361	334	348	320	190	186	201	221	178	214	162	171	173	221	244	222	477	468	480	670	650	633	257	272	283	194	249	220	354	359	372	131	170	127	127	163	162
4:28:36	152	159	171	173	183	162	169	158	189	180	172	180	223	209	217	127	177	162	180	225	197	172	141	154	133	150	164	184	181	164	258	265	264	199	205	179	172	207	233	248	285	274	135	159	153	153	130	133	173	187	175	198	201	218	204	197	178	393	363	345	382	339	352	202	199	200	238	206	204	188	154	184	216	253	212	510	521	477	686	726	728	277	272	288	249	232	218	374	386	375	165	153	153	142	163	148
4:38:36	200	185	181	167	180	196	177	177	162	197	196	218	207	197	225	173	151	157	188	216	196	166	173	178	193	169	199	203	173	173	253	279	250	187	193	158	193	187	189	269	299	274	139	174	143	156	145	126	172	206	171	190	202	211	202	188	173	391	380	366	374	379	361	164	187	182	208	210	204	178	180	173	231	221	223	520	505	473	689	743	761	289	330	303	255	211	235	372	369	388	150	150	132	164	143	143
4:48:36	169	193	183	178	182	181	173	164	173	209	196	206	188	214	209	165	164	186	197	200	203	160	189	191	222	184	170	206	194	202	263	298	278	199	195	216	190	210	180	288	255	314	159	176	139	159	156	151	195	185	196	230	186	210	189	171	211	371	365	381	429	405	411	168	184	200	179	226	199	216	174	213	262	241	266	573	551	538	769	783	811	330	301	309	258	252	238	397	418	427	165	131	150	150	147	164
4:58:36	168	193	158	187	194	158	170	165	169	210	194	209	222	204	216	180	177	160	198	226	240	172	170	193	151	209	196	194	213	195	300	279	286	172	211	209	207	191	227	266	322	299	121	119	157	155	160	163	189	183	211	198	221	232	172	171	167	428	414	387	429	421	384	182	203	177	228	236	213	190	184	178	263	238	231	624	575	568	820	792	767	341	347	303	241	238	269	410	417	417	171	171	189	151	150	145
5:08:36	158	180	200	168	197	190	193	190	177	185	183	191	217	230	224	189	163	221	209	236	231	177	180	167	177	192	190	158	191	170	303	304	300	166	214	241	195	237	204	279	293	352	139	156	156	155	144	137	186	155	146	228	201	199	183	195	194	412	454	399	432	410	446	220	183	205	238	264	207	197	191	167	238	273	284	665	622	602	842	864	868	365	323	299	237	238	235	431	454	423	172	157	164	146	140	151
5:18:36	183	213	211	182	180	147	154	161	150	226	185	202	225	203	228	182	200	170	241	236	215	192	184	175	223	209	201	183	195	201	290	318	300	206	195	224	182	216	219	299	329	326	146	141	152	156	169	163	201	201	198	220	237	207	187	218	176	469	485	483	445	449	449	201	194	194	241	252	230	181	175	205	300	272	255	700	616	615	885	901	929	355	324	355	260	288	261	457	422	462	151	158	174	143	148	139
5:28:36	195	182	153	197	185	187	172	192	188	216	212	200	188	271	212	180	190	200	260	247	215	180	193	218	227	243	198	186	187	184	289	302	349	216	206	207	198	222	181	288	326	309	125	159	137	189	159	156	183	215	200	229	250	243	189	196	231	470	470	491	500	485	501	214	189	185	255	265	256	180	181	167	269	275	275	750	692	719	957	976	960	376	345	347	304	264	262	464	477	460	167	156	156	140	184	169
5:38:36	199	212	190	186	204	184	169	188	225	187	252	239	205	219	224	181	183	205	217	198	245	158	201	167	164	241	243	198	186	206	337	324	350	236	237	211	239	229	218	342	320	317	167	150	151	157	154	157	188	178	206	236	232	212	200	195	185	453	501	443	500	513	514	189	178	185	226	260	219	183	210	181	281	265	315	801	675	753	975	1016	1000	386	380	357	253	278	265	475	502	490	163	158	167	186	146	135
5:48:36	154	193	205	179	180	181	177	188	182	214	219	206	210	242	251	184	216	204	241	255	251	203	153	168	196	224	236	216	197	194	355	360	347	204	215	247	204	226	204	315	349	341	141	138	127	169	152	167	217	187	220	217	227	221	202	176	183	515	508	490	535	509	586	192	202	200	258	251	265	202	218	173	304	276	304	940	788	785	1038	1085	1060	414	395	384	297	297	290	506	462	512	167	124	152	136	142	179
5:58:36	184	187	176	200	182	197	168	217	189	204	207	225	230	250	239	168	204	211	234	240	255	192	186	192	196	244	217	222	237	202	359	353	352	229	237	258	206	220	254	343	367	358	180	135	145	141	147	146	199	159	196	257	285	228	175	212	207	536	544	510	576	560	566	190	189	178	252	252	278	172	213	216	308	309	301	996	820	858	1118	1136	1106	410	409	437	292	299	296	560	506	559	147	158	147	152	164	165
6:08:36	195	189	195	173	213	183	186	193	175	237	199	230	250	276	272	184	209	201	263	281	280	208	223	183	186	245	229	235	231	203	366	397	382	259	256	246	242	237	224	372	371	363	144	155	143	139	170	164	180	193	211	269	244	293	238	203	210	577	570	531	599	572	602	212	184	200	303	284	239	180	170	203	315	330	319	1029	923	936	1206	1243	1207	472	445	409	289	291	314	617	536	571	121	173	151	139	164	152
6:18:36	202	219	221	204	226	188	208	189	172	228	225	241	207	249	273	182	195	206	243	259	283	181	174	193	231	263	230	212	198	215	359	437	407	238	230	265	239	249	227	391	367	368	156	173	150	126	148	147	202	188	212	261	249	250	214	222	146	571	598	601	585	587	599	218	186	210	268	284	267	200	202	194	312	332	342	1122	974	959	1250	1456	1254	441	462	421	306	327	324	607	624	640	149	169	176	170	140	177
6:28:36	173	179	192	179	201	206	213	197	191	254	238	268	223	284	289	193	204	217	271	264	274	205	187	159	236	262	277	246	202	229	410	442	478	240	266	259	252	218	228	370	399	396	156	144	170	149	161	167	222	204	186	272	259	269	208	220	203	591	628	569	618	615	655	228	210	200	306	318	278	216	217	230	351	403	368	1220	1067	1094	1375	1670	1521	455	474	457	347	316	313	656	647	693	178	145	147	136	181	160
6:38:36	205	200	216	190	185	217	213	203	187	256	250	231	283	239	282	215	191	197	288	295	310	196	210	215	261	264	273	200	239	227	402	448	517	288	250	265	257	238	248	414	397	405	168	128	138	164	141	153	187	192	185	254	257	276	198	197	190	663	632	597	637	644	674	181	223	230	289	302	272	231	232	221	353	414	383	1232	1103	1098	1548	1808	1715	483	567	488	323	321	335	704	736	745	159	135	159	149	178	163
6:48:36	201	215	177	195	182	204	186	232	204	225	237	231	292	283	300	191	207	209	268	279	335	209	227	200	243	288	249	225	229	230	441	508	568	285	281	277	260	261	257	414	451	439	148	145	135	141	139	156	194	222	215	250	267	272	221	204	215	664	705	660	702	695	729	219	206	211	308	319	292	189	170	189	377	417	417	1345	1154	1188	1724	1957	1871	544	564	522	362	346	364	713	687	763	157	168	113	154	151	135
6:58:36	200	205	170	202	186	194	185	181	163	271	235	265	284	303	277	179	199	228	247	276	295	196	201	192	263	311	281	227	221	215	414	545	595	284	319	316	255	264	278	459	431	428	163	127	158	111	151	139	213	168	231	316	277	266	216	229	173	678	795	718	734	750	761	207	197	181	301	345	285	218	228	223	427	450	417	1344	1239	1206	1967	2108	1948	558	619	552	347	400	357	778	775	815	148	99	141	143	137	144
7:08:36	204	223	210	193	190	182	194	160	192	252	264	261	312	283	322	201	210	216	284	303	310	216	201	214	292	301	308	239	254	220	437	526	600	302	324	299	263	296	302	507	489	443	163	148	151	138	158	122	233	209	214	300	282	252	223	216	215	720	846	785	801	775	777	222	236	197	338	331	299	209	217	204	446	515	439	1420	1318	1246	2072	2124	2019	629	648	577	424	399	341	849	834	809	138	159	127	164	151	160
7:18:36	169	185	182	236	203	173	214	186	193	247	240	244	277	327	318	227	212	186	310	343	337	184	212	199	233	315	318	213	246	238	476	608	641	306	303	275	231	283	282	537	515	456	168	127	138	113	141	149	209	214	247	287	278	275	233	212	248	754	870	840	777	807	795	168	209	185	328	317	319	227	249	225	504	490	491	1544	1370	1380	2205	2231	2069	681	700	594	428	419	404	878	853	820	134	139	143	190	150	147
7:28:36	215	228	172	206	182	228	211	214	197	262	276	265	315	329	337	219	207	200	290	340	324	211	220	215	284	319	291	262	231	232	542	649	693	332	327	330	263	308	326	500	540	442	159	145	148	160	122	154	233	204	187	313	294	274	220	220	168	785	922	863	824	837	860	266	181	198	358	358	331	257	234	219	504	558	517	1547	1395	1406	2312	2343	2142	703	715	652	420	439	406	899	870	872	126	152	167	144	173	140
7:38:36	210	226	222	215	231	218	223	227	210	287	264	269	332	305	325	216	222	217	298	326	321	211	206	213	300	339	356	231	245	284	561	628	676	365	327	331	256	306	294	548	540	435	149	146	122	160	149	137	232	249	237	302	312	292	235	229	225	842	974	932	842	989	902	238	206	233	388	359	353	215	254	241	538	616	556	1645	1450	1467	2410	2391	2249	732	727	711	470	409	448	952	874	972	167	147	171	128	153	171
7:48:36	259	208	219	225	238	194	188	184	207	310	294	280	290	320	335	204	233	254	316	296	337	215	194	207	311	371	378	254	273	251	585	637	702	322	357	379	269	322	307	564	573	406	156	160	129	129	139	158	235	217	238	324	327	306	217	255	217	834	1075	963	879	1047	947	208	228	256	372	388	386	228	214	237	529	593	572	1662	1540	1515	2530	2545	2378	767	784	722	472	490	448	979	930	979	162	149	146	133	141	150
7:58:36	243	250	243	193	211	234	219	214	238	293	297	272	314	362	325	227	222	213	345	332	375	204	209	179	287	324	375	295	247	254	591	648	720	356	335	381	267	282	342	594	589	463	160	188	145	149	148	167	232	219	214	330	357	282	237	233	226	832	1067	1017	948	1213	1065	231	247	234	372	380	360	197	216	263	605	619	587	1658	1574	1579	2652	2651	2512	783	817	742	450	492	477	999	959	1015	168	148	135	152	165	162
8:08:36	211	248	235	203	227	222	215	218	245	276	294	279	325	379	374	223	253	220	338	345	340	225	207	225	304	372	381	246	286	278	584	681	693	385	369	359	301	294	352	627	624	437	140	163	150	151	133	177	227	258	253	350	360	313	271	229	231	863	1142	1036	998	1263	1148	246	239	238	365	415	335	259	237	236	621	646	595	1694	1627	1633	2727	2730	2626	836	852	794	485	524	465	984	993	1043	149	126	171	133	173	141
8:18:36	227	234	236	216	201	253	244	208	203	302	294	280	361	383	385	226	236	248	324	351	350	225	211	223	310	398	367	288	295	256	641	708	757	347	364	360	306	335	353	642	679	475	176	158	167	131	166	174	271	273	273	341	373	343	241	262	219	938	1183	1119	1102	1298	1168	225	241	220	418	438	378	264	234	286	592	634	677	1732	1675	1670	2852	2849	2708	873	834	801	499	512	476	1005	1013	1078	159	160	148	151	138	166
8:28:36	208	246	242	206	236	235	186	203	227	315	312	314	367	372	391	215	229	226	362	343	365	242	232	224	329	359	399	284	267	260	632	786	761	364	399	397	249	314	332	699	706	453	159	156	159	177	146	169	244	262	235	413	387	317	288	236	232	926	1253	1119	1128	1302	1301	258	249	266	380	413	363	242	233	291	641	650	670	1763	1727	1675	2923	2909	2847	888	871	833	502	581	472	1042	1053	1058	123	136	169	144	163	140
8:38:36	230	243	200	203	231	240	208	216	223	339	297	300	363	371	412	227	227	265	369	363	333	206	248	212	313	364	356	272	266	236	630	730	790	379	405	398	316	334	352	703	769	467	152	147	148	166	156	163	253	233	243	366	337	340	259	263	244	990	1362	1145	1154	1337	1357	241	275	268	433	426	394	247	273	253	660	628	644	1755	1730	1670	3024	2962	2817	875	896	840	548	584	492	1049	1023	1114	151	159	138	139	137	151
8:48:36	228	280	236	249	263	217	203	247	222	333	329	301	360	407	401	248	245	234	389	333	374	233	252	219	336	401	428	263	293	264	632	792	791	356	383	398	318	391	332	674	736	509	155	178	183	152	153	136	266	272	278	361	415	346	278	258	286	977	1333	1208	1206	1411	1388	240	250	224	410	417	407	260	284	244	672	641	672	1751	1764	1744	3069	3047	2929	928	900	864	564	572	507	1071	1050	1087	138	146	134	134	117	136
8:58:36	237	260	247	243	235	238	222	258	254	309	317	316	382	415	429	236	239	258	386	341	370	219	243	259	348	423	419	269	286	299	684	794	823	410	409	417	317	372	397	762	801	491	157	147	158	132	156	168	253	244	244	388	357	306	243	271	246	1033	1359	1172	1255	1430	1445	252	233	258	437	428	410	293	274	253	633	679	671	1765	1778	1776	3085	3050	2928	939	913	849	520	573	549	1056	1041	1084	132	167	145	145	180	142
9:08:36	239	273	246	230	220	238	233	214	253	332	332	325	366	424	436	226	242	278	378	339	400	247	231	246	351	416	408	309	293	250	732	800	820	392	437	416	316	354	388	764	798	541	150	126	144	167	146	163	244	248	250	426	381	363	249	275	254	1045	1377	1196	1282	1521	1547	260	276	276	462	478	414	273	289	295	677	680	684	1848	1765	1765	3110	3071	3037	954	962	844	542	579	579	1090	1028	1106	154	148	147	130	152	154
9:18:36	246	256	251	247	258	241	226	228	264	341	332	303	364	414	422	267	249	237	366	357	386	234	260	256	320	451	417	319	328	306	669	768	817	404	388	438	305	376	377	773	809	581	154	144	142	153	154	168	249	268	265	381	390	325	294	279	317	1042	1368	1269	1238	1547	1571	279	293	262	442	426	403	289	269	289	700	694	661	1890	1794	1796	3255	3200	3053	929	950	870	588	608	554	1096	1112	1077	138	159	144	151	136	164
9:28:36	237	264	245	229	222	200	231	268	249	361	351	316	377	448	456	248	243	262	403	363	410	227	233	229	387	431	410	307	272	287	723	787	825	420	420	413	316	353	398	794	834	589	140	108	171	162	131	163	259	281	256	406	413	370	281	252	272	1046	1403	1265	1295	1628	1630	239	266	269	447	440	446	260	261	281	695	668	728	1871	1839	1883	3332	3328	3164	936	947	911	563	575	543	1109	1128	1103	141	147	147	150	140	152
9:38:36	224	260	266	248	249	254	183	281	241	332	353	310	401	416	481	224	230	259	382	375	360	268	255	251	370	472	416	298	320	302	721	830	868	421	436	424	358	383	383	755	823	597	137	122	132	134	133	147	292	317	305	393	400	349	277	288	266	1119	1420	1275	1285	1668	1643	282	278	260	473	491	424	307	301	271	709	686	710	1940	1872	1872	3419	3346	3201	983	1021	884	596	597	603	1175	1140	1147	162	141	140	167	157	113
9:48:36	268	279	265	252	234	273	232	246	260	358	359	328	368	416	475	250	269	237	394	364	418	239	266	270	389	469	412	278	298	297	722	804	879	398	434	394	305	395	390	817	820	579	164	151	135	167	149	160	244	275	286	420	393	356	307	298	290	1125	1440	1264	1282	1673	1647	275	269	282	459	500	453	312	288	295	715	713	696	1896	1881	1880	3423	3327	3205	1004	1001	898	571	604	618	1178	1120	1174	158	150	118	167	167	150
9:58:36	239	260	263	253	273	249	249	275	279	328	367	312	403	420	495	239	235	249	355	373	406	259	274	264	408	482	426	307	286	295	762	799	878	432	424	449	354	407	405	794	838	589	162	169	151	146	140	153	290	291	255	451	438	375	290	307	298	1112	1507	1273	1325	1710	1717	302	295	281	451	484	435	281	283	267	708	711	717	1913	1875	1919	3479	3361	3307	1028	988	940	570	630	593	1189	1184	1173	157	134	144	136	162	135
10:08:36	266	292	259	251	242	258	240	238	259	359	382	329	420	422	472	268	275	234	384	379	397	234	245	259	408	434	459	314	279	288	717	840	873	439	442	402	325	394	411	829	829	606	146	153	151	155	164	166	323	258	277	458	449	351	272	335	283	1142	1443	1305	1322	1718	1744	252	284	267	478	494	425	295	288	279	725	765	746	1957	1923	1903	3523	3425	3344	1037	1005	923	596	601	614	1195	1194	1190	143	172	125	132	163	132
10:18:36	269	282	263	247	277	275	259	261	255	352	380	285	425	432	512	252	279	260	394	373	408	257	267	275	398	443	464	257	299	270	799	839	906	444	434	417	313	400	428	808	847	590	169	176	133	153	154	160	277	272	285	461	444	378	300	310	289	1196	1469	1331	1370	1829	1774	284	288	301	492	487	426	278	291	282	697	767	720	2021	1933	1898	3595	3409	3348	1063	1048	948	620	615	578	1163	1150	1198	173	127	153	146	164	134
10:28:36	263	279	220	269	239	269	259	263	271	389	336	306	444	435	496	267	266	260	372	362	415	263	225	234	400	451	437	303	322	256	789	819	864	425	425	452	322	376	435	859	836	609	154	149	157	134	151	174	279	270	274	431	418	347	321	320	268	1249	1559	1232	1385	1823	1802	339	334	298	485	509	456	283	296	285	721	776	700	1958	1958	1972	3602	3525	3431	1068	1069	952	662	654	602	1214	1189	1168	154	152	148	139	142	113
10:38:36	253	310	243	216	269	237	214	279	288	334	363	341	452	422	519	265	261	262	417	375	446	273	243	283	417	465	444	301	284	283	771	843	931	399	423	438	375	428	401	864	887	662	154	136	155	145	151	162	294	306	273	433	424	374	313	304	323	1298	1554	1282	1377	1834	1805	300	299	298	469	480	452	274	303	297	721	718	759	2007	1976	1947	3689	3466	3375	1100	1063	942	613	645	600	1212	1182	1225	115	170	131	144	151	145
10:48:36	245	260	274	274	226	287	276	266	253	344	326	326	460	417	510	224	272	295	382	388	425	265	268	222	387	456	472	300	334	323	817	854	932	420	431	476	347	410	405	853	880	654	145	150	162	169	132	140	295	280	303	476	460	400	300	285	308	1288	1563	1283	1434	1782	1785	289	279	277	461	499	442	275	288	309	726	788	737	1978	1946	1972	3643	3458	3329	1082	1072	942	603	663	583	1189	1205	1198	154	156	127	156	155	137
10:58:36	271	284	266	256	256	289	248	291	273	346	371	331	477	470	541	263	279	281	414	363	418	238	276	261	381	485	441	313	317	313	819	870	904	464	451	436	312	414	407	878	852	659	141	168	173	120	173	151	299	287	276	454	457	345	313	313	302	1314	1568	1359	1429	1851	1803	314	282	295	477	494	470	336	310	306	737	759	742	1979	1961	1980	3666	3545	3321	1114	1061	958	620	656	644	1229	1208	1253	149	151	166	149	163	148
11:08:36	284	284	261	277	283	296	239	253	252	347	363	319	477	467	505	264	282	281	394	333	424	253	272	246	392	500	426	333	301	296	788	866	934	436	442	443	328	405	430	907	911	634	148	168	128	146	167	171	324	284	281	472	422	411	337	298	328	1305	1545	1319	1433	1877	1788	275	320	313	473	483	486	333	293	331	727	809	775	1999	1978	1978	3717	3568	3436	1059	1083	961	629	661	605	1236	1249	1188	182	166	149	122	153	128
11:18:36	284	288	264	270	292	281	256	261	282	377	359	331	473	457	530	249	298	260	416	394	403	248	238	249	426	465	488	293	289	315	819	867	944	457	462	431	329	421	430	876	893	629	160	134	131	141	149	146	311	288	279	467	448	368	325	332	308	1315	1580	1357	1408	1860	1788	306	290	296	482	467	462	314	316	299	780	808	756	2046	1975	1995	3707	3563	3393	1126	1113	937	651	625	567	1251	1203	1227	130	152	144	133	153	145
11:28:36	265	295	279	274	244	250	266	285	275	386	356	328	498	489	534	273	255	268	392	403	413	258	265	269	396	474	466	312	305	293	843	871	914	447	466	454	346	415	417	891	870	622	174	159	145	192	173	173	310	277	299	505	455	396	322	318	305	1318	1618	1339	1465	1904	1890	316	317	285	512	502	456	326	311	341	723	761	796	2101	2062	2027	3821	3614	3583	1118	1151	998	695	659	625	1311	1231	1219	134	166	125	160	132	131
11:38:36	247	297	254	272	271	262	237	285	281	383	392	319	445	493	539	278	292	263	410	361	408	268	278	251	433	485	505	277	325	312	806	914	942	444	459	477	356	425	449	871	871	674	150	145	156	150	144	129	313	278	290	461	479	429	310	311	308	1403	1627	1368	1480	1966	1871	311	316	288	505	491	490	311	303	318	795	814	818	2093	2067	2104	3869	3743	3535	1140	1104	1000	682	658	631	1277	1273	1213	134	159	165	166	162	146
11:48:36	245	285	246	293	255	286	260	276	252	372	341	370	485	478	560	259	243	256	426	395	405	251	250	227	400	477	466	321	308	300	834	883	951	442	461	460	367	422	437	876	867	641	161	170	155	166	133	157	256	308	312	473	448	397	345	333	335	1296	1591	1356	1491	1912	1918	295	306	300	510	493	480	322	329	332	757	822	789	2100	2056	2062	3945	3709	3499	1128	1116	1002	658	651	631	1298	1284	1228	143	153	168	148	159	150
11:58:36	265	280	263	263	298	288	284	269	269	400	372	354	480	484	561	262	286	277	389	357	418	254	294	234	420	459	493	338	316	276	815	877	930	442	459	449	341	425	452	885	891	646	130	156	154	158	143	141	311	318	304	481	494	418	339	331	337	1316	1597	1360	1504	1913	1922	316	316	313	490	479	455	304	341	337	789	770	798	2020	2049	2073	3998	3644	3466	1130	1134	1012	685	688	617	1247	1237	1233	144	166	157	147	142	152
12:08:36	260	264	268	275	284	319	269	271	285	365	378	332	485	477	538	288	313	292	430	401	418	231	263	246	413	470	500	299	327	304	807	868	896	435	445	476	337	437	447	883	891	649	161	149	160	151	139	157	285	293	311	462	453	390	363	342	330	1358	1614	1344	1508	1975	1921	299	308	270	485	522	500	311	311	332	759	799	808	2060	2050	2021	3962	3634	3625	1104	1150	980	629	702	636	1271	1296	1235	178	156	129	131	161	138
12:18:36	264	308	267	275	275	278	296	304	298	372	347	287	488	475	502	270	262	277	426	395	411	271	261	265	410	501	492	326	300	286	841	893	914	437	472	454	321	410	423	902	861	640	157	163	145	147	168	146	320	275	304	485	470	416	317	326	325	1335	1589	1375	1572	1977	1953	301	309	293	508	494	498	341	317	319	763	775	796	2020	2036	2033	4032	3684	3545	1127	1120	1008	670	665	633	1286	1239	1238	143	146	133	156	151	131
12:28:36	230	295	258	265	289	267	252	283	290	389	352	331	503	476	574	246	281	298	412	372	410	254	268	268	405	501	499	322	312	307	852	890	939	464	446	455	336	431	464	889	825	605	161	140	160	129	149	167	279	322	323	528	481	372	325	338	313	1359	1639	1411	1561	1975	1954	299	311	308	492	513	489	340	328	296	779	809	818	2028	2018	2033	4042	3747	3526	1125	1165	994	667	676	623	1284	1253	1209	153	162	149	149	142	157
12:38:36	269	311	256	284	296	298	289	273	300	373	363	332	497	497	556	276	302	257	435	402	378	277	259	270	428	506	497	312	281	302	860	870	947	464	437	432	331	413	463	880	858	645	148	119	152	161	118	156	329	318	321	495	474	424	344	322	355	1334	1591	1415	1525	1998	1995	290	326	294	497	491	451	327	311	335	768	792	824	1942	1973	2079	4013	3707	3556	1128	1171	990	671	695	624	1256	1222	1222	139	138	132	184	166	130
12:48:36	228	308	258	268	278	283	278	260	271	379	371	356	528	466	551	283	270	299	432	376	401	258	265	245	395	469	490	321	299	267	851	865	939	484	460	449	361	440	430	843	836	609	134	153	162	157	153	149	273	296	267	486	468	444	360	323	308	1343	1585	1359	1527	1967	2009	322	331	279	490	519	477	300	331	321	760	809	832	1890	1920	2048	4018	3802	3442	1142	1139	969	697	678	640	1267	1216	1217	154	139	132	155	148	146
12:58:36	261	278	248	307	249	260	297	255	267	377	385	319	501	503	544	283	259	280	395	385	420	290	250	278	442	469	488	300	311	294	884	886	918	437	418	444	365	450	440	849	794	616	153	134	162	142	177	144	294	309	301	500	470	434	303	317	342	1409	1587	1393	1571	1928	2010	309	327	307	499	480	456	324	347	319	730	805	800	1795	1894	2008	3979	3722	3483	1134	1136	991	632	651	617	1246	1161	1216	161	147	160	139	167	138
13:08:36	274	317	244	265	285	283	294	291	293	373	343	353	511	482	553	304	276	272	394	400	387	254	245	294	405	486	454	312	298	278	846	828	906	447	442	437	355	450	441	799	768	580	153	163	147	128	154	139	298	309	301	502	500	400	353	328	342	1399	1578	1382	1605	1936	1987	303	309	289	485	497	456	308	316	324	758	776	765	1735	1782	1955	3853	3570	3464	1090	1107	942	677	656	629	1244	1113	1126	152	136	174	121	164	140
13:18:36	231	293	264	259	280	273	241	266	266	386	344	325	523	495	554	274	294	248	415	372	374	275	281	273	402	465	447	308	285	271	858	808	924	430	426	433	352	432	418	816	761	567	132	173	145	153	177	145	290	333	293	495	471	430	343	328	309	1388	1570	1429	1581	2008	1998	282	317	331	492	493	469	319	310	315	709	746	808	1709	1746	1890	3850	3534	3413	1151	1096	946	642	687	642	1155	1085	1128	145	151	189	151	158	137
13:28:36	279	260	256	273	263	259	296	285	284	379	386	355	528	526	556	294	269	269	410	386	384	279	284	269	405	501	470	285	293	308	806	809	885	437	427	386	337	397	421	746	739	598	173	137	160	141	146	173	288	285	297	483	461	439	335	335	329	1343	1547	1428	1556	1973	1978	310	321	303	470	474	480	307	333	364	724	800	777	1661	1724	1844	3775	3415	3391	1070	1071	921	637	665	632	1131	1072	1085	147	163	144	164	161	145
13:38:36	259	268	262	288	293	243	266	300	269	370	357	317	515	478	548	281	301	282	372	373	374	292	268	254	433	494	422	290	300	283	822	793	843	433	428	403	366	429	425	748	766	584	137	159	148	140	123	154	306	310	312	496	455	405	346	318	326	1309	1596	1377	1562	1995	1943	325	312	310	460	458	445	304	300	314	713	746	755	1591	1643	1734	3535	3291	3326	1035	1078	889	611	624	595	1112	1037	1074	119	144	167	174	143	146
13:48:36	278	229	264	269	239	300	270	258	272	364	349	330	498	509	566	240	248	288	403	352	385	272	240	298	405	442	436	305	305	278	789	795	846	428	393	377	333	426	417	744	698	585	160	157	172	145	138	150	281	302	322	452	434	411	337	315	335	1296	1497	1364	1550	1958	1971	338	280	304	460	426	454	334	316	326	676	739	776	1567	1593	1702	3365	3178	3085	1007	975	881	606	643	610	1037	997	1014	155	140	157	157	155	135
13:58:36	255	260	269	281	276	293	277	275	279	374	363	316	526	513	564	288	305	285	395	343	392	265	253	262	433	430	443	298	310	284	766	752	829	445	402	392	326	395	416	696	667	551	165	157	174	139	161	163	295	251	284	464	453	403	348	327	299	1233	1479	1369	1572	1988	2002	285	305	299	468	417	425	314	313	345	651	674	732	1560	1540	1641	3357	3121	2965	974	972	855	586	618	636	1030	967	1027	137	159	110	159	135	126
14:08:36	269	273	258	253	244	278	293	267	258	384	354	343	530	502	537	268	266	268	371	345	348	254	256	264	385	439	447	294	291	296	768	731	760	406	397	394	361	393	374	720	674	537	152	152	172	142	171	146	277	291	272	447	429	411	326	350	336	1174	1410	1255	1568	1952	1939	258	310	299	428	483	447	316	326	333	689	652	705	1471	1541	1608	3180	2970	2788	902	961	842	576	579	598	1005	1008	980	159	112	154	166	148	173
14:18:36	250	272	295	271	285	244	284	306	258	363	375	328	519	517	550	281	221	281	357	361	383	248	251	285	404	422	446	281	291	265	717	727	779	422	407	391	318	387	417	688	649	556	127	130	169	151	181	152	266	274	299	440	443	387	316	339	340	1130	1400	1254	1534	1856	1933	280	284	283	452	440	435	292	287	298	621	692	680	1497	1506	1554	3178	2926	2801	934	928	793	597	620	574	979	960	941	128	155	149	154	150	133
14:28:36	265	264	261	287	277	283	273	253	256	381	375	312	517	461	564	267	309	259	386	342	358	285	280	273	401	411	405	281	299	264	723	667	767	348	380	392	327	365	406	661	654	534	166	158	145	141	138	123	283	311	309	422	419	363	351	320	350	1097	1370	1212	1517	1859	1910	264	313	317	416	425	416	331	327	306	616	674	657	1446	1434	1552	3005	2855	2691	923	897	786	556	535	578	973	927	976	174	151	183	131	145	157
14:38:36	292	273	240	275	274	233	285	274	270	364	347	337	514	431	564	258	233	273	355	339	383	278	273	261	354	385	411	300	312	267	718	668	742	402	397	359	336	376	359	662	633	546	149	158	146	160	118	151	276	292	284	434	391	377	292	329	342	1085	1302	1148	1486	1818	1856	277	306	298	396	417	425	278	303	297	634	670	660	1423	1389	1444	2971	2764	2622	871	883	770	529	537	556	982	935	939	126	123	125	144	133	134
14:48:36	250	282	253	267	275	282	300	246	278	351	343	300	502	474	504	274	253	266	368	340	347	273	269	265	354	400	403	291	271	287	652	686	714	384	381	391	307	368	379	671	633	525	174	165	136	156	152	125	247	283	286	406	419	375	325	296	327	1039	1296	1155	1489	1761	1786	318	281	295	425	403	381	324	302	312	620	624	622	1382	1418	1466	2858	2652	2574	857	878	730	520	571	545	908	923	919	128	141	159	136	146	149
14:58:36	249	277	234	253	259	269	279	288	281	359	345	310	493	460	486	277	307	279	380	325	318	281	239	271	379	408	400	284	295	268	648	642	709	380	365	368	300	350	353	626	623	525	148	167	143	148	132	175	266	277	296	422	402	407	329	335	312	1044	1235	1121	1390	1721	1720	289	298	281	403	393	439	301	316	274	592	619	687	1356	1342	1440	2780	2573	2502	880	869	728	542	526	530	933	919	900	143	130	157	158	155	137
15:08:36	232	274	287	262	276	281	306	269	274	341	331	316	504	445	505	265	256	264	361	350	336	257	254	227	354	400	389	291	264	301	629	609	676	379	386	368	336	347	344	628	625	504	155	167	147	151	152	133	263	289	292	406	408	393	300	322	322	1036	1214	1136	1359	1641	1671	282	286	275	408	404	380	288	294	274	616	640	633	1384	1353	1391	2775	2573	2462	816	868	727	548	522	522	923	904	875	133	103	143	145	134	151
15:18:36	262	266	261	269	268	254	275	271	268	334	334	341	450	459	512	253	271	283	357	339	370	229	279	223	357	440	415	285	299	308	639	595	723	332	399	357	339	348	351	594	604	495	139	163	152	169	170	159	259	277	285	416	413	365	296	341	313	1033	1183	1072	1361	1592	1631	293	301	281	400	426	442	271	283	271	587	610	623	1373	1360	1419	2750	2526	2372	808	863	696	500	517	524	912	868	898	147	141	143	159	145	134
15:28:36	218	309	250	259	286	265	283	282	294	343	321	321	480	455	464	274	276	279	366	344	344	259	294	264	375	396	386	306	296	277	635	628	675	363	374	364	303	352	396	630	606	512	126	128	165	122	143	143	250	278	274	415	377	389	307	305	302	955	1173	1042	1308	1545	1570	251	289	288	415	373	391	264	308	306	578	628	605	1314	1348	1382	2652	2488	2379	819	833	707	521	546	546	924	888	888	165	142	145	153	146	154
15:38:36	268	264	245	245	265	305	271	250	269	313	319	328	438	445	478	263	268	254	378	352	336	278	247	278	355	394	438	299	267	309	627	661	655	385	362	371	305	355	358	582	631	506	191	128	159	160	124	173	309	255	239	414	410	380	307	299	273	947	1202	1033	1305	1591	1574	321	292	297	387	424	394	324	265	303	578	603	610	1306	1335	1342	2588	2451	2321	796	856	699	506	531	472	905	860	864	154	163	152	166	158	187
15:48:36	276	268	248	288	295	251	249	246	266	351	374	310	434	401	467	246	290	241	375	336	337	288	232	276	378	376	407	298	267	266	638	587	674	352	348	363	342	349	354	602	599	509	159	168	145	144	122	157	261	267	244	397	375	355	308	310	295	921	1157	979	1320	1549	1477	277	303	302	400	409	376	321	302	322	599	577	616	1286	1319	1350	2578	2367	2216	760	818	694	528	539	528	850	852	861	142	131	140	136	162	134
15:58:36	255	285	250	242	271	282	271	277	273	320	310	318	416	440	466	277	254	251	344	307	345	289	283	299	365	391	391	287	279	269	598	623	640	346	375	357	307	362	352	636	600	491	177	159	146	147	120	140	246	262	303	393	392	366	292	301	302	847	1092	968	1223	1456	1427	301	295	290	372	360	375	296	305	271	531	563	593	1306	1282	1329	2471	2363	2225	761	822	691	514	518	465	889	834	853	151	155	137	154	168	124
16:08:36	287	266	270	267	277	267	247	272	257	314	308	355	461	388	422	280	265	286	375	364	344	279	286	263	337	359	407	282	266	256	584	617	646	384	342	357	312	366	316	585	597	496	130	151	154	148	163	124	274	282	270	408	393	403	321	300	301	859	1142	998	1220	1457	1399	255	259	281	404	376	390	274	286	315	547	565	581	1252	1245	1367	2504	2376	2269	780	807	693	521	501	503	863	862	854	120	155	159	145	159	152
16:18:36	265	266	273	247	265	274	268	253	270	328	321	320	443	433	468	304	268	261	346	322	358	264	279	242	373	391	387	289	266	278	607	596	654	351	359	349	314	356	379	606	575	496	151	161	135	120	155	160	270	283	280	400	388	388	282	298	289	854	1100	955	1198	1459	1392	313	269	291	416	390	394	260	294	272	531	593	592	1328	1288	1371	2464	2300	2253	770	797	702	486	504	520	838	834	859	162	159	151	178	152	160
16:28:36	245	261	228	249	272	257	283	277	266	335	333	349	423	391	415	275	243	283	334	360	357	280	262	287	328	380	383	295	356	292	624	602	625	344	320	380	317	348	348	576	569	498	154	136	151	150	147	153	273	249	270	391	386	377	319	277	301	790	1080	967	1180	1429	1356	266	272	272	400	405	381	259	316	316	548	563	563	1292	1269	1332	2444	2271	2177	795	789	651	501	487	475	853	823	876	166	150	149	144	151	126
16:38:36	287	299	275	291	270	270	245	270	272	381	333	314	429	411	417	260	237	293	312	369	368	278	257	256	372	388	391	300	287	274	576	598	635	378	360	366	293	331	322	577	563	507	148	163	170	145	142	157	251	269	260	392	352	348	315	315	296	773	1050	934	1168	1419	1337	293	308	283	388	405	370	318	314	283	582	570	581	1302	1283	1324	2401	2292	2172	769	782	705	458	511	499	852	828	828	159	156	156	159	150	161
16:48:36	257	267	254	283	294	259	262	253	261	327	349	317	429	419	449	251	268	298	350	330	350	245	241	259	350	397	351	290	288	265	630	579	616	394	339	327	319	371	380	588	590	495	158	161	163	125	126	130	244	270	259	380	407	395	290	282	278	762	1121	950	1177	1386	1375	252	280	303	418	369	395	297	296	281	551	593	594	1311	1298	1293	2381	2233	2150	767	790	699	517	512	459	857	802	835	150	160	135	143	144	143
16:58:36	272	301	240	265	286	297	256	253	265	338	336	295	416	398	440	273	268	291	339	331	400	264	256	266	335	360	392	269	295	279	614	599	584	374	339	329	304	335	342	573	577	496	136	125	133	146	140	170	288	299	270	386	379	377	299	252	287	771	1044	938	1183	1342	1314	284	309	281	373	378	344	300	301	284	531	568	607	1323	1270	1279	2393	2255	2144	737	767	663	491	474	480	827	803	834	139	139	157	132	134	128
17:08:36	283	283	281	295	252	277	264	284	290	328	294	332	428	420	399	249	270	255	356	356	338	224	278	292	293	371	372	289	307	299	593	558	605	337	375	346	329	331	339	588	605	519	160	165	146	167	131	143	282	280	260	405	360	350	252	300	306	782	1034	928	1168	1350	1289	297	308	263	400	396	364	296	303	300	548	567	526	1321	1311	1252	2340	2209	2144	720	749	663	492	505	482	860	814	861	164	138	161	130	154	142
17:18:36	290	300	289	246	292	262	266	274	282	330	315	304	435	378	455	246	253	264	342	317	327	261	259	263	330	372	375	295	294	289	609	613	605	370	314	361	303	331	341	588	529	498	141	142	151	153	159	164	254	278	263	395	394	340	298	287	312	749	1063	907	1159	1318	1297	276	242	296	376	364	384	293	296	268	529	577	588	1318	1297	1287	2341	2202	2084	774	763	625	473	487	482	859	779	812	156	144	155	148	128	144
17:28:36	269	282	270	268	276	292	276	262	292	319	312	299	412	415	426	271	262	264	361	336	316	292	282	254	354	372	355	244	280	268	601	576	618	345	322	322	324	318	339	570	578	521	147	126	154	161	143	158	286	281	266	387	366	351	307	291	284	731	1074	895	1148	1300	1308	286	271	278	382	369	373	288	298	265	557	564	543	1293	1262	1296	2291	2183	2097	745	789	647	472	500	537	867	823	842	154	139	138	137	122	163
17:38:36	274	295	277	257	276	267	291	261	235	300	333	325	391	408	435	263	238	282	335	336	348	261	288	301	341	355	350	293	299	284	583	615	612	319	331	339	316	355	357	597	572	518	141	119	150	134	150	120	266	264	303	398	349	366	318	297	281	724	1079	881	1174	1281	1277	278	249	293	370	392	407	290	316	312	568	523	608	1308	1261	1279	2336	2193	2081	745	751	636	473	505	456	879	802	863	113	129	137	155	146	141
17:48:36	245	299	259	259	274	290	250	277	289	346	312	300	417	401	454	270	247	266	315	366	348	281	251	259	349	355	357	285	277	298	598	563	593	362	332	338	319	317	367	543	597	511	133	180	168	128	140	147	282	277	290	379	384	381	300	329	316	743	1040	870	1079	1249	1216	281	263	302	390	378	340	296	260	273	521	571	542	1244	1269	1276	2289	2124	2091	701	779	625	457	486	491	821	830	858	159	140	119	130	144	177
17:58:36	245	278	238	279	281	286	284	265	314	312	320	323	394	395	416	251	262	283	365	341	333	284	237	272	344	361	386	270	288	261	574	588	572	385	343	371	332	326	336	559	558	534	156	154	135	152	147	154	300	285	277	364	377	382	311	317	299	759	982	830	1124	1281	1227	300	282	288	401	407	402	288	277	292	541	555	528	1266	1265	1255	2264	2144	2082	649	748	591	477	495	435	838	788	829	141	146	148	142	142	132
18:08:36	280	292	247	307	292	256	278	287	238	300	323	320	439	382	426	285	284	266	342	305	361	259	275	295	318	405	356	312	292	295	602	585	591	375	341	327	313	344	356	566	563	463	141	153	159	163	169	156	274	281	260	402	405	389	296	297	280	738	1000	793	1083	1207	1230	256	307	275	376	373	372	267	307	272	539	548	570	1285	1281	1273	2235	2116	2021	647	773	579	461	488	475	804	809	864	151	150	164	135	173	143
18:18:36	276	275	234	272	289	287	294	275	266	321	330	260	365	422	420	263	273	270	377	325	345	274	248	270	364	392	365	293	266	267	616	582	623	336	348	309	276	344	344	571	576	495	168	159	126	180	160	158	268	265	292	391	377	341	298	288	313	763	1074	790	1110	1275	1279	258	278	274	369	404	399	281	303	295	539	564	574	1306	1233	1284	2269	2140	2100	675	757	581	496	479	496	834	799	850	168	145	120	150	180	144
18:28:36	260	273	240	289	238	254	278	289	258	309	331	294	395	375	441	271	236	237	326	358	306	300	272	280	367	386	364	286	302	291	579	616	582	354	331	321	342	366	359	554	560	485	172	156	120	183	132	151	272	289	254	333	378	377	295	306	316	783	1037	748	1082	1244	1264	279	274	298	395	416	356	297	263	273	528	553	571	1273	1259	1263	2208	2113	2076	624	733	544	459	481	446	788	796	828	123	141	150	138	187	138
18:38:36	260	267	268	278	258	276	279	237	293	335	276	328	405	384	387	252	296	278	344	321	338	268	280	279	322	391	395	267	299	277	596	582	568	344	351	341	319	348	330	551	556	524	154	167	125	155	114	144	263	279	283	371	378	366	321	313	285	748	993	753	1121	1216	1271	288	270	279	427	388	385	288	293	298	527	552	569	1230	1237	1232	2242	2119	2083	622	778	548	471	476	489	808	810	872	157	138	141	120	150	161
18:48:36	265	300	253	239	305	287	292	281	266	280	328	320	432	380	411	254	289	289	318	349	359	255	272	285	329	379	358	262	300	289	584	578	601	359	331	340	327	322	341	571	549	466	162	137	151	164	135	154	293	281	283	363	394	354	313	290	292	762	1003	764	1058	1224	1204	290	287	276	398	379	363	283	266	299	566	550	560	1237	1175	1212	2206	2104	2079	638	699	541	475	482	484	783	778	818	165	127	147	133	122	141
18:58:36	282	266	286	285	258	241	302	301	267	320	335	314	376	378	443	301	249	277	337	349	367	255	272	268	327	339	347	291	281	268	592	586	544	314	321	346	293	352	324	550	577	498	151	151	129	175	152	160	275	276	272	398	375	387	297	270	261	726	970	775	1078	1216	1205	267	279	298	414	380	374	313	287	265	555	564	533	1210	1245	1263	2144	2070	2021	634	677	577	471	437	504	764	784	855	160	166	153	134	153	142
19:08:36	264	291	232	293	247	277	279	259	276	313	287	304	422	390	400	291	275	292	336	346	350	267	287	305	311	393	375	277	278	301	597	576	589	336	352	346	315	344	351	543	541	509	135	134	150	151	143	162	295	281	294	389	353	399	296	319	301	770	932	763	1032	1167	1159	295	286	286	379	361	350	271	287	302	489	555	512	1198	1188	1239	2172	2061	1945	609	690	555	488	461	428	782	749	813	153	126	164	175	145	127
19:18:36	301	294	266	264	285	241	270	259	290	327	256	323	378	428	394	274	286	258	344	336	342	279	281	265	356	398	367	290	298	296	587	570	611	372	333	345	307	373	363	533	549	462	164	183	178	132	163	141	289	282	268	385	368	362	282	313	289	766	977	724	1011	1194	1134	299	270	266	391	366	355	309	257	299	538	546	480	1137	1210	1251	2177	2045	1944	586	631	577	476	441	435	770	745	839	144	159	141	169	133	137
19:28:36	262	300	294	300	292	257	260	286	283	314	327	306	423	386	390	274	275	263	334	351	344	259	254	261	330	407	398	262	289	279	589	577	595	362	337	319	330	325	338	521	548	466	161	144	160	164	127	152	269	285	285	388	392	409	288	294	312	744	903	758	1011	1165	1103	285	288	270	359	381	377	274	289	297	544	541	532	1130	1145	1235	2148	1971	1976	624	639	548	477	464	468	758	767	820	180	157	148	142	154	151
19:38:36	276	293	251	284	257	286	262	244	261	327	318	331	375	357	383	283	255	290	310	322	332	290	273	265	305	373	361	293	312	273	576	558	573	338	314	333	281	331	331	509	565	489	141	159	159	124	143	163	285	278	305	420	352	398	275	289	292	763	892	733	936	1189	1057	275	273	292	395	366	351	293	303	288	520	539	504	1124	1129	1183	2122	1994	1914	638	609	565	454	447	461	735	728	795	159	151	130	138	138	137
19:48:36	283	304	251	278	312	271	251	293	295	313	313	299	357	376	360	256	281	290	352	364	310	274	246	278	348	366	373	255	308	313	586	579	564	337	340	333	291	331	364	521	568	474	179	136	152	157	160	150	298	263	307	385	383	361	291	294	288	764	879	738	958	1165	1052	300	252	286	366	401	361	292	269	270	534	552	515	1088	1109	1208	2174	1983	1928	646	651	530	457	417	469	707	726	831	118	161	159	151	121	173
19:58:36	259	317	256	240	280	266	291	290	261	305	281	298	411	392	378	279	295	273	355	351	318	300	262	307	352	367	390	297	292	274	586	517	579	361	370	337	316	306	327	507	602	458	147	163	148	141	139	154	263	307	301	391	395	366	308	283	290	733	874	760	991	1183	1014	270	307	255	410	389	349	305	305	281	526	556	509	1083	1104	1209	2151	1997	1940	625	600	547	480	424	457	702	718	835	169	126	125	131	146	139
20:08:36	291	320	269	272	282	295	281	264	278	322	331	329	396	394	378	266	271	248	366	355	345	304	267	251	347	386	368	294	295	278	552	570	626	360	346	319	274	362	336	532	555	463	172	131	134	144	159	143	265	274	283	392	378	384	298	316	287	746	864	749	942	1190	1010	280	284	292	371	371	366	267	303	275	512	552	517	1057	1104	1180	2146	1915	1828	638	598	558	430	419	466	661	725	819	146	133	145	166	141	169
20:18:36	276	268	256	287	285	287	311	271	294	289	313	309	359	387	386	243	259	271	336	333	319	266	301	273	333	353	361	273	284	315	580	575	565	348	353	338	316	350	326	505	564	437	142	169	146	140	135	148	311	295	275	382	384	379	289	292	279	764	828	750	915	1112	976	283	295	286	368	366	350	304	305	287	523	519	514	971	1047	1147	2094	1828	1698	620	576	549	464	392	459	682	668	784	150	145	145	168	155	141
20:28:36	275	275	240	304	270	278	283	273	293	310	343	323	404	392	380	249	274	246	353	329	311	265	279	288	327	361	381	269	257	251	547	566	549	367	339	363	289	322	345	476	531	436	140	143	137	182	142	121	279	283	301	374	372	371	292	293	302	738	798	760	934	1137	948	270	275	283	379	356	373	289	305	305	540	550	444	967	1002	1144	2116	1779	1590	644	634	554	447	412	417	598	649	765	141	136	130	133	153	141
20:38:36	281	296	270	279	271	290	285	239	314	332	332	326	375	386	354	302	287	255	345	355	333	259	266	230	323	351	359	273	281	299	539	505	547	343	341	342	336	347	363	461	522	452	149	172	143	131	157	127	253	260	266	383	355	384	323	328	307	712	787	750	918	1073	913	290	302	274	382	356	353	297	292	308	485	529	434	885	960	1131	2031	1698	1526	601	613	598	425	420	474	606	648	776	147	147	131	134	136	151
20:48:36	279	258	269	286	288	275	284	278	294	336	308	304	381	380	383	271	275	286	322	333	335	269	261	302	340	339	369	279	294	258	568	534	593	347	344	362	292	319	341	421	476	407	152	167	152	165	171	150	294	287	315	396	332	390	275	295	294	765	765	785	955	1073	930	273	306	306	389	386	351	326	291	283	474	540	470	883	902	1088	2130	1659	1539	653	624	552	419	414	440	631	636	767	142	148	127	145	148	150
20:58:36	264	278	261	273	284	284	300	267	283	328	306	316	415	389	401	270	252	258	336	356	307	283	277	289	317	367	398	298	289	301	531	521	608	372	338	356	329	348	331	441	491	387	158	157	145	154	143	157	267	297	273	386	359	399	329	307	298	732	759	732	903	1139	916	300	273	275	380	374	371	272	272	285	465	509	476	886	872	1112	2069	1647	1499	626	618	588	423	383	423	615	660	706	136	133	144	148	138	139
21:08:36	264	299	250	288	289	290	269	241	259	334	308	314	403	400	387	295	249	267	339	345	334	255	261	257	326	359	376	261	296	278	571	494	584	395	385	356	325	330	336	406	486	441	148	136	144	159	157	136	259	292	277	390	349	397	277	310	275	762	750	749	947	1090	882	299	279	294	377	364	343	298	290	291	446	517	420	905	894	1051	2093	1660	1584	634	609	557	422	425	416	606	654	731	167	151	154	155	103	142
21:18:36	270	258	290	280	296	275	293	300	262	338	317	318	395	373	360	288	259	287	370	320	324	257	272	300	335	352	358	310	282	293	536	522	588	356	380	337	318	358	316	428	432	434	168	143	165	153	131	137	291	313	294	397	346	386	338	310	308	757	777	747	908	1141	886	256	291	293	397	372	373	299	288	306	463	510	446	870	912	1044	2116	1631	1516	611	633	572	425	408	389	626	629	707	155	135	118	160	141	145
21:28:36	242	270	268	289	290	269	276	260	287	303	315	342	362	378	380	260	273	272	332	336	328	280	304	287	338	364	356	289	260	285	555	516	598	329	368	352	315	342	347	444	451	447	140	161	145	160	140	143	290	274	307	371	334	388	326	291	287	755	732	740	912	1103	913	288	282	277	377	329	325	310	307	321	428	520	431	896	865	976	2144	1674	1552	670	626	564	420	379	418	629	609	641	145	162	147	147	146	131
21:38:36	249	273	290	259	270	297	277	288	286	350	310	326	402	380	350	291	249	286	369	334	348	253	288	283	343	359	344	265	303	313	564	464	596	359	349	313	298	352	315	431	416	432	168	144	125	137	134	132	286	318	295	376	363	344	299	328	285	760	762	737	889	1040	878	300	276	293	364	321	324	301	302	310	461	480	435	882	885	975	2048	1649	1509	649	629	564	420	406	434	637	641	641	156	143	137	135	127	127
21:48:36	276	266	243	255	304	261	282	288	301	326	348	323	395	390	375	275	289	279	336	330	312	279	285	269	339	338	383	281	280	313	561	475	573	371	338	370	298	322	334	427	461	466	158	120	146	142	155	151	279	288	276	361	343	404	249	282	296	758	763	765	927	1035	879	291	262	306	370	344	333	283	304	320	445	473	444	877	869	914	2038	1601	1483	661	625	591	433	430	414	626	638	669	169	182	145	166	132	133
21:58:36	281	268	231	283	273	266	283	293	276	329	329	351	426	374	378	256	294	301	334	352	336	277	295	283	304	340	377	308	275	276	527	482	612	344	368	354	322	352	305	461	467	421	143	162	170	154	147	147	264	291	284	365	387	383	292	307	272	773	798	744	856	1001	882	311	248	317	390	366	337	284	306	315	454	437	442	902	878	912	1991	1514	1488	627	624	572	427	389	416	606	629	633	157	124	116	142	173	154
22:08:36	265	264	254	262	263	300	272	284	273	306	329	306	390	345	370	286	256	268	313	338	338	261	318	305	322	397	390	302	288	299	532	498	565	385	365	358	326	341	332	457	443	460	147	120	139	152	144	149	300	317	271	399	343	398	284	324	308	770	784	745	852	955	887	286	299	284	376	364	373	253	289	286	453	483	461	921	877	929	2085	1528	1469	644	618	575	417	438	399	644	645	652	140	149	157	164	133	147
22:18:36	273	271	263	262	240	275	281	277	288	334	326	309	376	388	376	280	251	306	335	342	318	266	271	266	335	338	330	298	286	278	544	462	587	362	321	360	340	322	309	454	411	462	136	151	134	148	126	136	274	297	297	379	356	388	261	287	302	751	763	776	852	988	854	271	309	307	371	376	375	269	305	281	433	476	471	891	896	934	2076	1529	1451	642	614	593	392	401	418	632	651	644	148	152	160	147	144	152
22:28:36	281	291	296	282	277	260	306	286	312	341	313	315	385	374	367	268	279	259	329	368	348	296	272	277	332	401	351	305	272	281	536	462	589	347	360	349	339	370	304	458	442	477	140	156	162	162	160	160	291	302	290	382	372	347	288	353	262	764	746	728	886	959	907	297	276	300	396	343	348	266	295	309	435	450	496	925	898	922	2048	1480	1411	629	631	564	399	452	408	609	633	637	168	133	148	129	148	147
22:38:36	237	296	257	267	284	295	267	315	291	302	317	294	395	359	401	287	277	289	330	344	297	267	289	284	345	355	320	307	311	282	546	497	604	347	377	362	321	329	339	429	405	431	138	178	160	131	183	134	289	308	278	366	342	398	314	290	317	775	768	761	853	879	873	308	302	315	400	348	350	327	292	285	472	420	487	920	864	902	2070	1462	1495	657	632	597	408	421	419	613	617	628	148	158	148	145	166	145
22:48:36	270	295	250	270	281	255	301	292	291	344	353	324	389	358	399	255	282	256	345	320	345	271	273	247	338	335	370	310	267	314	538	479	568	358	368	357	310	337	317	464	423	441	150	153	154	126	162	133	283	286	288	341	342	371	279	308	305	785	789	769	829	825	896	262	332	304	402	354	340	305	267	296	459	440	460	922	904	885	2090	1496	1513	637	632	575	446	398	421	649	628	651	150	129	121	132	153	153
22:58:36	246	284	271	281	245	294	305	241	277	321	329	314	394	370	382	270	274	303	327	323	305	282	295	295	362	330	353	280	278	287	500	496	566	342	338	355	331	333	296	428	436	430	169	143	119	191	121	149	297	316	306	388	368	396	312	295	320	742	769	798	871	868	877	276	300	277	369	350	349	320	300	324	418	444	445	887	870	887	2030	1495	1445	687	636	573	435	411	398	619	628	641	145	135	132	141	128	157
23:08:36	295	273	266	262	284	252	306	301	270	329	297	290	399	387	386	267	254	260	323	322	345	272	298	280	297	335	352	276	285	292	477	480	572	363	337	357	340	348	284	452	410	424	139	141	143	180	113	125	288	297	296	346	347	366	296	288	266	756	783	755	867	884	926	279	291	290	389	354	328	294	299	296	447	488	493	907	897	904	1933	1455	1472	641	623	570	422	405	394	603	619	642	156	170	129	141	156	168
23:18:36	259	270	274	284	273	296	303	307	262	343	326	341	406	397	387	267	273	263	345	335	322	268	291	275	325	354	373	247	306	289	491	482	572	345	336	361	337	346	330	458	428	399	132	162	152	161	155	137	299	319	272	354	338	388	284	316	305	781	767	743	880	861	920	312	277	295	398	362	384	267	312	299	439	469	455	898	876	917	1948	1448	1475	673	640	569	427	438	418	605	627	678	151	144	182	132	153	181
23:28:36	285	251	299	298	281	271	259	300	234	322	343	313	390	394	407	307	273	302	324	339	313	272	281	287	356	347	319	281	297	308	427	471	605	355	332	336	313	356	335	431	414	432	123	138	133	162	118	135	291	272	304	365	325	349	319	306	295	764	792	773	858	898	871	281	290	288	340	338	353	271	316	289	460	499	478	883	901	861	1956	1478	1443	627	653	609	407	441	421	599	609	677	131	148	152	165	114	128
23:38:36	257	278	239	288	265	265	295	281	271	370	312	357	387	363	391	301	287	266	332	346	344	237	272	279	329	325	340	267	274	273	477	462	565	328	379	356	339	321	324	440	420	457	169	118	128	138	142	140	274	283	310	347	369	380	305	315	295	810	748	743	852	895	910	315	299	297	366	346	325	290	290	314	471	422	461	932	901	867	1900	1493	1436	673	626	582	440	389	413	635	636	646	145	124	151	135	159	133
23:48:36	290	268	268	303	287	275	250	270	275	318	309	320	379	388	375	293	274	270	361	354	337	278	248	290	315	316	341	280	281	300	467	452	545	335	340	356	337	326	348	466	458	446	136	156	137	138	152	141	302	307	305	344	355	375	314	278	292	816	758	773	883	866	879	312	306	295	355	337	332	327	305	294	439	466	453	911	889	894	1841	1424	1501	649	635	552	437	430	395	617	633	666	128	157	147	153	152	160
23:58:36	256	284	305	280	312	278	270	302	283	326	295	322	380	377	370	274	264	279	312	363	348	261	295	289	301	355	285	315	317	319	407	469	553	384	377	331	319	313	357	452	474	471	128	137	130	146	172	144	284	269	296	364	334	319	286	301	323	777	792	792	860	875	880	285	277	272	335	353	351	296	268	307	471	460	516	896	913	896	1784	1477	1463	633	640	557	413	448	433	620	636	634	148	138	154	148	180	117
24:08:36	293	286	269	241	267	254	248	271	289	331	357	325	374	393	366	252	282	259	348	335	362	278	274	294	332	355	296	302	277	303	453	490	553	346	342	341	311	316	355	458	422	442	164	155	112	139	168	140	273	307	307	361	394	419	309	318	314	784	766	772	870	891	886	266	294	273	342	394	345	307	286	317	435	437	463	921	885	871	1684	1462	1478	686	622	548	423	371	434	617	631	654	101	152	127	146	153	157
24:18:36	291	269	277	288	280	298	276	288	275	318	336	341	388	366	388	293	269	295	346	332	328	267	289	266	317	333	341	288	283	306	494	482	604	370	353	351	306	343	334	418	457	452	136	128	126	140	137	129	299	288	292	363	348	331	304	313	268	780	785	767	845	875	873	280	299	311	345	382	348	315	338	292	443	458	453	907	883	884	1594	1478	1491	660	639	561	429	410	433	635	645	632	159	152	156	149	138	157
24:28:36	279	279	256	273	269	278	287	264	288	296	316	346	392	373	372	296	277	292	324	317	324	279	282	297	327	355	337	272	307	303	478	451	560	360	343	337	318	308	310	440	489	481	147	138	151	136	142	128	268	295	314	362	369	383	347	333	307	761	785	739	864	852	885	291	287	308	369	342	361	331	312	281	452	455	430	890	903	849	1490	1434	1473	666	624	574	466	398	433	624	626	642	120	143	174	140	139	122
24:38:36	285	287	294	281	236	280	291	291	288	301	320	322	358	392	392	265	305	263	331	346	320	277	283	310	368	355	336	252	301	299	489	480	515	390	378	356	309	305	328	403	450	446	142	158	140	186	145	138	282	302	293	350	348	381	311	309	318	814	778	767	867	867	890	289	312	273	348	374	367	313	295	282	420	452	462	911	947	901	1462	1515	1517	670	625	603	398	411	444	605	627	634	155	140	126	161	113	134
24:48:36	259	264	305	300	249	283	271	307	301	324	327	339	376	389	412	276	256	266	346	354	329	303	313	300	340	302	338	314	272	282	476	496	547	328	350	366	334	295	325	442	424	463	133	171	144	149	154	177	324	308	286	358	352	382	275	323	293	788	806	784	863	856	900	292	291	294	334	381	387	286	301	312	451	484	459	908	923	895	1459	1483	1453	650	648	568	469	420	419	653	629	651	159	144	151	126	148	133
24:58:36	271	270	284	279	276	306	282	281	305	326	333	348	393	374	395	280	258	276	331	334	300	258	249	302	363	332	344	276	298	287	499	510	565	363	356	359	333	334	299	431	466	424	111	154	125	127	159	159	308	299	315	356	377	400	300	281	322	784	772	788	875	886	913	301	307	305	363	329	349	303	311	263	457	436	464	921	904	889	1460	1485	1458	648	618	569	433	400	420	653	646	657	141	153	129	143	134	117
25:08:36	300	273	285	309	288	292	306	295	293	326	308	336	395	369	368	243	268	285	328	346	351	284	266	281	338	355	318	281	297	286	453	494	536	337	341	352	317	328	308	419	463	422	147	121	146	119	137	142	288	307	270	378	369	369	311	305	329	789	770	773	904	876	904	294	275	283	338	371	361	293	319	290	460	459	479	917	950	904	1469	1480	1505	662	649	580	448	432	415	617	652	639	136	152	131	131	159	147
25:18:36	273	280	284	302	284	280	305	296	293	348	313	335	394	392	430	277	325	268	339	358	366	281	246	278	323	335	308	316	271	267	458	457	528	323	379	348	332	324	317	443	448	446	134	151	149	138	157	123	272	299	302	350	323	377	272	308	295	763	766	794	868	857	922	307	288	286	356	369	316	314	273	273	496	463	488	918	913	841	1445	1466	1451	698	619	559	417	421	421	647	629	655	159	148	138	135	141	147
25:28:36	270	260	313	292	309	292	267	283	292	366	329	339	379	357	383	262	294	258	346	343	336	260	294	246	311	350	332	293	304	302	459	422	540	375	360	357	306	319	334	460	425	454	133	156	154	162	154	148	291	298	312	351	353	384	296	333	300	793	808	772	900	884	901	296	284	329	340	345	367	284	277	279	449	451	484	961	899	901	1470	1479	1498	646	638	589	412	431	428	601	621	657	147	152	163	160	166	139
25:38:36	287	236	270	251	269	261	292	294	277	327	317	289	365	371	381	273	230	299	347	321	337	293	284	277	333	366	348	278	299	321	486	510	532	360	332	346	303	329	314	443	469	437	106	145	172	168	135	145	298	326	263	329	343	405	297	307	319	782	767	756	900	883	912	297	305	289	314	332	342	301	305	302	458	434	457	924	903	893	1471	1453	1482	642	653	595	424	426	454	637	627	660	122	161	133	136	163	174

