mScarlet-i:570,593[2]

Kinetic read	A1	A2	A3	A4	A5	A6	A7	A8	A9	A10	A11	A12	B1	B2	B3	B4	B5	B6	B7	B8	B9	B10	B11	B12	C1	C2	C3	C4	C5	C6	C7	C8	C9	C10	C11	C12	D1	D2	D3	D4	D5	D6	D7	D8	D9	D10	D11	D12	E1	E2	E3	E4	E5	E6	E7	E8	E9	E10	E11	E12	F1	F2	F3	F4	F5	F6	F7	F8	F9	F10	F11	F12	G1	G2	G3	G4	G5	G6	G7	G8	G9	G10	G11	G12	H1	H2	H3	H4	H5	H6	H7	H8	H9	H10	H11	H12
0:07:56	104	118	94	98	91	133	89	125	95	103	145	87	140	138	112	129	92	113	102	99	96	83	86	91	117	119	123	112	154	149	101	94	129	121	78	126	110	130	173	93	98	108	89	78	144	119	113	111	108	91	98	128	105	87	155	85	127	128	160	106	106	102	123	118	94	89	114	151	125	97	129	109	168	126	141	111	109	125	138	111	124	122	131	110	123	115	159	100	126	119	107	129	122	116	121	113
0:17:56	83	119	90	98	106	121	144	89	106	100	104	125	117	104	115	90	101	130	122	101	140	156	122	90	118	135	146	98	108	115	133	105	129	83	109	113	107	72	118	137	116	77	94	154	132	121	108	78	117	123	143	103	97	146	94	101	93	101	90	114	121	117	140	124	124	124	98	130	104	138	131	101	113	108	134	126	107	128	93	129	99	110	105	109	69	109	110	97	123	127	82	126	131	114	115	120
0:27:56	115	143	90	98	99	102	81	150	91	109	116	103	83	120	119	118	146	112	116	165	142	114	85	114	116	89	116	107	93	129	125	141	120	104	142	132	94	112	100	74	117	102	136	141	114	137	107	110	119	111	122	125	122	101	115	108	114	145	131	115	108	105	127	126	119	116	116	137	98	88	109	128	102	90	116	113	99	98	155	117	98	108	123	132	119	132	107	125	90	142	84	142	99	124	118	123
0:37:56	105	133	113	128	141	108	175	128	116	100	121	99	97	130	134	114	119	130	111	79	125	116	106	116	118	117	126	73	128	160	121	123	139	126	91	90	122	108	106	93	142	78	114	96	142	77	98	137	122	110	123	80	104	132	97	137	90	135	118	99	107	138	117	122	125	144	110	120	130	158	122	116	121	145	124	107	151	98	129	128	80	118	99	108	126	96	99	95	119	131	131	112	102	82	122	101
0:47:56	120	148	96	128	112	88	130	97	105	105	102	120	114	133	103	156	143	118	134	90	122	146	107	103	103	112	118	122	120	111	114	123	131	97	79	74	76	97	135	83	139	144	113	106	126	124	136	160	105	159	151	129	140	98	113	148	143	122	118	114	67	129	83	104	147	124	130	131	117	144	108	103	156	134	126	143	115	117	112	136	84	103	126	116	103	131	125	75	135	107	137	90	104	118	149	141
0:57:56	109	112	119	89	87	136	178	93	75	86	147	149	107	99	104	120	96	131	130	113	102	127	91	111	131	79	98	120	104	124	83	113	114	118	135	125	134	122	117	112	110	143	119	135	112	145	104	136	93	116	103	121	118	109	100	96	132	139	112	133	140	106	135	127	132	114	116	84	154	151	136	118	122	100	97	109	93	137	128	120	100	112	118	97	122	119	113	111	135	164	136	108	130	111	146	70
1:07:56	144	123	101	114	117	115	107	82	107	110	92	147	121	104	95	108	108	89	83	126	132	138	89	119	134	110	98	121	135	149	128	88	117	117	100	113	98	96	111	122	108	97	123	150	126	152	99	132	134	149	132	112	130	150	112	124	110	137	107	112	132	118	157	130	165	147	106	108	129	133	113	130	141	112	107	122	139	141	117	108	108	106	138	133	128	115	72	126	96	119	102	127	84	100	98	84
1:17:56	90	125	126	121	100	137	125	93	125	122	112	140	132	173	104	83	78	180	119	110	107	137	102	133	141	126	108	94	96	124	99	120	135	112	127	102	112	150	95	151	68	115	125	124	129	99	101	124	181	152	91	125	155	162	142	97	116	125	131	140	112	175	107	126	164	147	148	131	124	161	147	123	123	136	113	124	140	120	120	135	109	97	97	116	106	163	138	142	134	140	105	137	120	120	95	133
1:27:56	128	126	80	134	122	158	84	118	99	127	123	115	98	112	143	112	97	96	86	118	150	141	98	110	109	142	103	127	126	110	114	98	125	106	130	124	115	93	98	137	97	85	88	105	103	102	99	95	143	135	181	162	122	170	151	173	130	150	151	142	144	137	123	142	184	151	164	158	175	174	135	168	135	133	136	159	137	110	123	127	124	173	132	150	150	148	124	171	185	191	135	123	89	134	112	109
1:37:56	131	116	110	110	121	126	136	66	120	120	105	112	90	145	127	42	124	106	121	118	87	87	82	135	131	69	102	101	125	95	132	138	156	123	86	129	139	102	133	169	119	117	133	132	124	124	140	106	186	169	212	176	167	161	112	175	150	161	195	176	173	178	152	188	161	178	140	179	173	160	169	187	169	204	155	199	153	212	157	191	171	127	141	157	202	167	163	164	209	181	120	94	115	87	106	138
1:47:56	123	136	106	74	133	109	170	125	99	124	106	118	104	135	172	167	94	103	123	128	100	108	130	91	84	101	116	122	147	110	100	101	141	121	111	138	121	97	117	88	115	90	100	142	135	112	133	140	238	258	173	192	219	260	163	162	152	200	195	188	151	152	171	156	229	182	198	240	198	197	206	251	176	192	181	220	193	188	199	226	180	195	198	228	192	185	193	178	166	224	146	98	91	113	104	85
1:57:56	116	114	113	93	110	124	145	82	119	122	124	86	141	104	104	122	119	107	153	115	91	143	117	133	125	118	131	123	148	124	148	128	93	123	109	128	104	130	85	157	146	101	100	146	115	95	121	128	266	276	233	248	185	266	242	199	180	250	202	200	208	232	190	203	224	236	233	220	246	270	198	259	183	212	245	271	272	205	213	203	215	248	240	217	231	202	206	228	213	190	108	139	124	80	95	124
2:07:56	155	135	86	143	124	122	112	145	144	112	121	137	120	128	110	91	91	85	167	126	107	118	108	97	113	116	119	104	111	117	95	104	156	105	140	134	104	73	98	147	135	112	125	116	126	114	99	109	303	323	263	259	268	277	283	179	183	298	255	248	237	219	177	252	282	252	303	274	316	269	294	272	232	286	265	355	308	279	235	296	260	268	271	273	217	229	261	298	254	285	126	84	87	74	113	126
2:17:56	141	88	95	119	106	127	151	116	120	107	146	97	123	157	90	98	93	110	104	138	110	125	87	130	158	120	119	113	113	125	115	111	126	109	117	76	93	80	104	84	139	134	100	118	138	106	114	136	389	441	326	379	305	332	310	289	243	355	329	366	293	232	264	281	329	297	366	354	366	320	286	325	336	327	308	367	382	314	340	348	341	308	311	330	323	323	278	306	355	281	118	123	140	118	121	105
2:27:56	142	108	117	112	126	137	143	110	123	114	146	116	108	130	87	138	108	126	136	132	110	119	96	151	124	104	132	122	118	141	93	104	90	170	112	107	96	127	112	112	121	91	117	123	118	128	129	133	489	450	408	427	356	404	350	333	288	406	397	356	267	324	331	368	360	418	464	421	387	416	387	343	381	343	340	491	475	468	415	392	381	360	335	330	373	355	355	372	433	409	49	95	140	126	94	104
2:37:56	114	117	104	108	122	60	124	97	99	145	93	110	155	109	123	132	119	117	85	144	106	132	146	138	120	124	112	151	105	91	121	120	121	100	127	102	114	95	114	103	135	101	103	138	142	125	106	147	487	559	488	438	496	459	321	358	322	488	441	455	311	412	297	423	427	439	537	547	471	449	414	432	439	477	493	549	519	476	437	500	398	455	445	446	412	387	423	555	486	487	116	102	98	121	106	103
2:47:56	92	145	103	118	138	140	117	139	88	96	128	93	120	86	122	129	144	97	135	129	131	116	134	112	122	93	143	132	122	148	104	114	122	88	176	128	115	113	110	116	142	133	106	121	104	117	106	107	614	565	590	588	614	576	399	393	365	542	593	555	362	430	391	537	498	578	604	620	527	562	486	534	618	558	544	684	652	510	574	534	550	483	530	543	521	532	504	613	576	581	105	130	117	138	114	138
2:57:56	112	145	144	109	118	181	150	111	150	112	106	134	111	125	115	127	102	110	100	119	108	122	96	112	122	115	142	111	102	118	139	99	124	104	139	119	119	122	115	100	96	138	78	75	118	119	97	102	712	711	745	705	689	546	498	497	372	656	592	615	492	513	427	620	595	662	747	688	713	608	604	644	680	666	660	767	768	744	671	715	678	599	635	646	614	608	605	718	669	681	96	107	77	118	128	109
3:07:56	120	127	117	108	104	134	134	124	127	116	112	117	137	133	130	79	134	134	97	161	140	102	129	97	116	121	134	137	117	142	92	59	99	146	111	122	98	155	133	81	144	106	148	103	127	102	128	118	887	838	852	760	803	754	531	537	483	683	670	690	505	538	536	735	699	683	839	796	729	693	697	638	734	744	756	960	769	856	765	779	776	692	749	781	703	693	688	778	844	724	118	113	115	149	117	104
3:17:56	124	131	132	111	91	132	118	125	120	116	152	124	122	84	126	146	144	108	156	95	122	91	111	126	88	153	117	117	149	90	113	121	147	134	112	115	89	142	118	122	100	97	117	110	100	123	101	115	1002	884	814	882	845	777	636	619	557	767	866	825	575	584	594	809	864	781	871	978	907	824	760	823	913	941	841	1026	954	861	834	888	931	836	825	823	827	856	785	971	942	960	124	123	105	110	112	119
3:27:56	86	121	110	149	116	114	81	136	149	112	141	118	108	107	141	136	117	147	88	110	156	130	126	112	135	93	89	117	135	125	104	103	117	139	119	112	97	90	147	118	121	118	142	112	89	98	133	94	1064	983	980	962	935	915	745	694	609	879	893	879	721	645	661	927	970	915	956	1067	949	898	924	845	1077	991	947	1153	1117	944	1009	1097	1033	856	973	989	967	951	916	1003	943	1062	121	104	108	102	113	118
3:37:56	114	157	156	136	138	153	159	142	126	84	107	157	117	112	118	105	83	115	120	123	106	101	102	148	124	106	125	68	122	111	131	142	135	134	117	132	116	121	112	117	86	130	147	111	119	127	86	108	1227	1178	1094	1100	961	954	828	782	663	1061	1046	1011	801	722	780	1034	1088	1128	1139	1238	1106	1097	1036	907	1111	1113	1053	1210	1338	1137	1078	1156	1139	1110	1048	1169	1044	1021	989	1200	1153	1137	84	81	129	119	133	61
3:47:56	122	141	106	116	135	146	105	131	116	132	128	129	132	140	123	112	108	96	115	132	135	119	137	143	106	82	127	94	114	86	157	161	90	140	124	115	103	110	118	116	144	114	91	131	90	111	107	105	1328	1216	1191	1141	1082	1116	906	855	668	1048	1120	1065	846	870	861	1068	1136	1223	1274	1339	1202	1211	1197	1089	1160	1309	1227	1421	1459	1326	1315	1256	1340	1182	1231	1203	1137	1118	1144	1377	1425	1323	118	109	114	113	111	121
3:57:56	127	120	114	147	108	117	134	123	123	102	140	116	104	130	103	107	121	94	99	109	134	131	114	148	110	133	127	109	102	106	110	129	103	141	134	114	84	128	96	132	94	136	87	95	142	102	114	86	1540	1351	1326	1346	1226	1211	978	1018	802	1218	1308	1116	919	866	951	1127	1226	1286	1386	1518	1283	1265	1314	1195	1315	1260	1319	1573	1610	1438	1362	1520	1343	1341	1440	1349	1302	1281	1307	1511	1435	1434	97	129	85	100	113	130
4:07:56	104	139	107	123	123	127	123	124	102	105	98	154	128	76	104	163	131	131	138	129	121	113	132	109	107	117	123	120	82	118	86	113	127	121	98	100	114	98	128	87	125	148	118	118	111	150	89	151	1638	1438	1465	1379	1411	1349	1111	1099	936	1388	1270	1241	1062	1035	1010	1305	1405	1302	1554	1506	1453	1480	1536	1335	1475	1423	1408	1755	1643	1665	1442	1596	1546	1486	1526	1361	1423	1430	1330	1702	1635	1583	98	152	101	132	115	78
4:17:56	75	116	110	93	122	111	111	149	133	102	106	109	121	114	122	104	95	62	109	115	66	130	75	115	114	128	114	122	116	106	98	96	111	125	140	107	111	123	97	84	121	129	133	100	86	148	94	122	1689	1674	1644	1525	1464	1504	1236	1251	1050	1513	1430	1440	1078	1116	1042	1475	1582	1493	1663	1732	1505	1502	1561	1409	1623	1550	1517	2023	1929	1767	1637	1687	1519	1687	1733	1642	1626	1540	1500	1706	1754	1808	118	119	128	138	106	86
4:27:56	109	107	113	109	121	99	168	119	127	127	143	121	121	110	95	106	69	165	113	118	144	126	74	120	102	100	85	89	93	115	122	88	111	99	95	153	100	75	90	105	124	84	117	155	114	99	99	117	1832	1722	1858	1631	1625	1646	1391	1293	1059	1638	1603	1615	1252	1308	1223	1565	1614	1657	1876	1853	1714	1667	1734	1600	1779	1710	1745	2211	1946	1908	1694	1888	1772	1844	1988	1832	1726	1635	1604	1915	1877	1880	128	116	120	86	76	135
4:37:56	121	133	127	102	147	126	151	131	129	89	104	101	135	91	119	119	124	80	104	101	75	94	106	149	120	103	112	98	115	109	121	107	91	136	117	115	107	128	91	91	127	83	132	130	112	134	114	88	2024	1926	1885	1819	1731	1711	1481	1403	1221	1700	1710	1630	1245	1317	1303	1759	1702	1665	1968	2041	1846	1934	1900	1653	1877	1925	1724	2180	2218	2025	1930	2003	1921	2204	2077	1919	1803	1760	1683	2058	2087	2128	122	121	125	135	163	99
4:47:56	99	114	110	118	88	144	147	109	99	105	115	86	138	145	117	98	115	102	124	108	100	100	92	115	95	120	113	114	118	115	90	123	129	95	89	98	123	97	115	126	93	127	116	123	85	85	93	121	2282	2168	2046	1994	1951	1899	1700	1564	1279	1715	1794	1825	1494	1382	1462	1927	1801	1864	2136	2246	1984	1876	2013	1896	2180	1998	1915	2438	2410	2263	2055	2139	2070	2237	2237	2211	2053	2014	1942	2400	2288	2375	105	110	130	98	107	123
4:57:56	152	128	109	153	110	100	121	135	63	71	101	81	129	117	126	137	94	118	167	105	137	115	100	97	101	115	122	117	114	104	99	106	156	115	137	112	94	125	105	120	144	107	89	119	128	133	134	124	2363	2339	2285	2232	2180	2088	1768	1817	1431	1974	1986	1906	1538	1449	1572	1974	2013	2106	2271	2419	2157	2196	2099	2075	2257	2279	2049	2896	2638	2472	2195	2315	2292	2431	2435	2319	2218	2125	1946	2545	2552	2513	89	121	121	112	98	92
5:07:56	119	134	104	107	153	156	188	87	146	66	145	88	115	108	143	98	126	110	105	125	147	104	115	124	109	94	129	107	110	111	97	104	126	143	130	138	91	121	105	87	100	71	115	101	107	112	114	114	2630	2521	2403	2229	2369	2231	1853	1936	1567	2118	2124	2128	1729	1568	1750	2161	2213	2079	2445	2652	2338	2322	2402	2184	2433	2481	2356	3251	2768	2819	2373	2488	2406	2647	2645	2400	2238	2266	2312	2700	2660	2790	105	110	119	87	133	118
5:17:56	87	116	121	109	104	107	117	99	127	102	135	166	132	97	112	129	114	129	108	106	84	93	119	152	103	117	87	151	114	130	99	97	123	114	91	95	137	93	122	88	120	134	117	136	119	108	106	133	2779	2718	2625	2352	2449	2486	2046	2116	1779	2378	2278	2318	1860	1681	1851	2497	2365	2324	2578	2760	2490	2382	2512	2491	2578	2687	2539	3522	3109	3045	2509	2662	2544	2800	2662	2579	2617	2495	2475	2925	2914	2922	112	121	106	92	108	105
5:27:56	88	123	160	107	126	105	154	99	149	88	113	99	134	108	155	147	79	122	87	86	121	137	87	125	136	95	101	117	120	133	87	96	77	142	128	116	94	102	96	94	106	118	99	109	103	77	125	143	2942	3060	2737	2607	2637	2556	2325	2308	1856	2425	2650	2437	2028	1915	2048	2540	2629	2470	2875	2944	2568	2562	2557	2690	2836	2858	2744	3988	3378	3644	2682	2761	2685	3035	3164	2789	2880	2686	2702	3236	3346	3255	94	93	89	103	76	136
5:37:56	134	115	116	100	122	140	142	122	137	92	90	84	101	104	105	122	117	125	132	105	120	121	127	95	92	82	109	119	59	93	141	83	112	59	130	124	106	119	102	113	84	108	138	102	118	98	121	101	3110	3395	3144	2755	2772	2848	2578	2375	2069	2674	2649	2455	2182	2055	2138	2790	2746	2733	2940	3360	2832	2893	2911	2922	2930	3127	3080	4104	3451	3842	2987	3027	2961	3220	3238	2977	2912	2785	2821	3333	3381	3538	67	113	91	118	104	116
5:47:56	92	107	112	123	125	62	126	123	140	114	127	114	108	78	100	96	134	66	115	89	70	105	112	97	115	76	109	114	112	162	125	116	100	101	97	108	91	127	135	122	74	103	119	134	111	125	144	129	3437	3680	3468	3018	2919	2935	2622	2543	2104	2858	2789	2574	2278	2210	2325	3150	2919	2883	3200	3526	2905	2971	3123	3117	3216	3256	3177	5020	3933	4290	3158	3241	3076	3309	3429	3189	3072	3048	3021	3975	3547	3901	97	105	125	135	119	97
5:57:56	104	134	132	100	93	120	108	116	131	136	110	118	110	60	127	118	106	112	134	147	136	101	118	107	75	117	83	123	107	144	108	97	94	111	106	113	70	124	109	88	112	102	97	133	118	109	126	93	3320	3821	3651	3301	3524	3200	2777	2686	2315	2935	3039	2912	2435	2388	2529	3479	2980	3067	3361	3805	3070	3197	3368	3507	3384	3308	3487	5152	4400	4465	3304	3319	3162	3470	3703	3435	3342	3167	3198	4499	4098	4381	136	132	98	98	70	81
6:07:56	125	124	79	124	108	144	136	121	121	129	108	110	93	115	137	117	88	98	111	78	101	86	124	86	104	128	52	101	100	105	121	122	114	109	67	136	97	105	118	94	69	108	108	89	110	113	117	148	3952	4195	4131	3468	3828	3433	2945	2870	2539	3158	3240	3142	2635	2459	2570	3591	3264	3302	3631	4232	3272	3527	3511	3775	3616	3632	3738	5855	4832	5147	3368	4008	3589	3923	3980	3575	3533	3497	3434	5024	4552	4906	134	130	125	105	115	96
6:17:56	148	125	84	113	143	101	125	85	83	116	134	118	129	103	143	80	104	95	114	62	94	140	112	96	98	106	123	137	133	105	86	114	112	46	88	108	111	117	80	121	146	109	108	127	125	150	121	86	3892	5017	4338	3592	3834	3550	3227	3056	2670	3314	3432	3392	2884	2690	2924	4145	3375	3569	3998	4703	3596	3760	3821	4291	3719	4152	3711	5886	5136	5598	3663	4533	3859	3917	4220	4033	3692	3852	3600	5487	5157	5452	115	118	91	137	130	128
6:27:56	77	122	98	98	86	114	145	112	128	127	51	143	111	123	113	125	93	112	100	98	103	87	114	99	93	74	93	73	133	105	112	132	106	97	89	103	111	105	90	92	92	129	110	124	120	124	111	122	4465	5616	5113	4059	4502	3698	3414	3233	2857	3660	3811	3501	3047	2876	2999	4648	3744	3839	5117	5176	4243	4068	4189	4408	4121	4780	4409	6668	5746	5774	4140	5169	4648	4394	4739	4157	4073	3962	3762	5839	5569	5868	92	149	102	103	125	97
6:37:56	85	109	95	93	124	100	134	67	125	130	115	107	85	106	79	121	90	97	131	126	91	125	118	144	127	118	91	80	120	117	103	75	119	112	108	97	123	90	81	96	74	97	124	131	102	119	115	86	4563	6237	5708	4354	4886	3942	3795	3514	3020	3854	4201	3621	3254	3050	3207	4979	4182	4301	5657	5725	4188	4662	4384	5072	4301	5197	4874	7002	6047	6453	4871	5538	5338	4749	5516	4613	4453	4237	3944	6030	6073	6279	104	136	78	97	153	138
6:47:56	60	111	86	132	78	101	137	118	121	127	115	129	96	121	94	120	119	95	75	105	121	120	107	105	90	115	95	108	134	139	130	106	118	115	117	138	106	110	108	95	115	126	86	113	126	129	130	113	4896	6725	6114	5361	5453	4341	3854	3793	3142	4147	4590	4279	3492	3308	3309	5696	4329	4341	6323	6393	5251	5014	4766	5320	4602	5864	5316	7586	6539	6566	5492	5962	5662	5317	5744	5052	5120	4649	4205	6659	6494	6529	105	97	106	114	121	133
6:57:56	104	156	112	106	110	84	97	139	100	111	117	109	101	102	133	118	84	107	134	110	142	120	70	154	110	112	107	91	90	112	90	158	88	104	74	126	99	97	118	88	101	80	109	93	147	120	137	116	5628	7293	6595	5672	5827	4514	4291	4227	3305	4277	5079	4747	3595	3520	3655	6141	4945	4938	6768	6663	5557	5612	5386	5852	5350	6418	5679	8011	7138	7051	6071	6575	6105	5726	6294	5664	5469	5428	4649	6942	6978	6993	110	105	130	69	137	86
7:07:56	101	133	118	113	121	129	135	98	99	99	96	117	112	121	146	113	91	97	78	105	124	127	81	119	112	117	76	68	140	120	92	121	122	68	144	114	142	105	90	56	132	126	160	134	105	121	84	109	5931	7775	6989	6565	6107	4607	4596	4331	3440	4480	5293	5259	3678	3862	3807	6148	5741	6041	7261	7313	6243	6123	5748	6167	6375	6536	6217	8990	8144	7641	6525	6659	6479	6675	6966	5844	5897	5633	5152	7946	7388	7608	114	117	121	115	98	115
7:17:56	116	125	128	110	129	90	98	101	69	71	86	97	115	123	98	87	90	107	99	112	110	100	132	111	137	99	112	100	110	115	104	114	85	141	143	92	87	101	96	98	97	92	96	130	157	136	99	157	6420	8511	7440	6760	6339	5423	5052	4796	3563	4731	5849	5496	3892	3964	4136	6903	6387	6713	7672	7787	6869	6509	5956	6512	6403	7026	6893	9759	8453	8126	6924	7122	6788	7102	7571	6091	6520	6288	5912	8379	7902	7645	85	124	111	115	124	125
7:27:56	53	132	124	91	112	93	100	127	108	112	131	130	97	115	156	97	141	101	126	101	132	94	97	133	76	54	97	101	111	74	89	108	101	92	130	126	110	134	125	107	115	124	84	89	107	111	88	98	6760	9346	7974	7606	6852	5281	5647	5078	4021	4994	6391	6190	4408	4183	4155	7514	6925	7321	8627	8340	7490	6865	6640	7246	7215	7958	7400	10522	9235	8997	7660	7623	7212	7914	8261	7090	7014	6790	6458	9338	8578	8649	110	99	102	121	91	104
7:37:56	95	137	115	130	143	113	122	115	101	104	116	117	98	110	132	110	108	107	114	103	114	112	123	125	101	91	98	104	70	119	143	113	82	92	141	103	100	121	94	118	130	91	104	109	81	150	147	120	7781	9894	8645	8254	7771	6068	6053	5628	4164	5494	6941	6484	4496	5056	4600	7898	7852	7743	9389	9185	8057	7594	7174	7562	7968	8518	7918	11570	10109	9795	8005	8175	7461	9154	8905	7733	7526	7551	6889	10062	9357	9899	128	94	111	119	94	114
7:47:56	117	107	105	103	110	122	124	98	94	98	116	166	107	89	96	109	139	110	107	89	87	90	117	74	115	116	125	118	81	83	91	97	135	117	101	108	106	110	101	123	88	106	103	131	106	111	83	167	8263	10952	9475	8961	8675	6337	6651	6367	4808	5597	7728	6867	4761	5376	5122	8980	8346	8618	9993	9949	8614	8082	8002	8377	8678	9484	8814	11785	10973	10647	9033	9054	8609	9318	10034	8374	8001	8180	7714	10761	10206	10395	130	101	57	82	113	136
7:57:56	109	116	91	130	99	112	114	83	129	120	118	118	72	114	95	81	107	113	114	106	115	84	138	89	127	83	110	110	104	85	100	94	109	119	126	114	114	101	98	99	148	90	130	128	118	133	112	126	8691	11753	10124	9701	9393	7129	7214	6807	5483	6265	8176	7616	5231	6087	5644	9461	9106	9151	10388	10412	9141	9073	8821	8900	9106	9826	9257	12587	11540	11337	9530	9705	9147	10310	10590	9076	8374	8720	8068	11371	10896	11149	119	108	144	134	116	115
8:07:56	131	87	128	90	107	105	113	80	83	118	134	122	105	104	83	105	77	119	120	118	90	119	66	73	99	124	77	105	131	101	95	160	110	138	106	84	114	107	109	110	123	101	155	111	124	148	135	130	8601	12186	10730	10717	10069	7605	7807	7259	6207	6624	8814	7792	5570	6694	6132	9962	9549	9853	10907	11176	9653	9689	9406	9525	9997	10463	9893	12836	12229	11784	10182	10431	9984	10768	11168	9640	8946	9436	8397	11676	11263	11616	122	120	115	149	122	98
8:17:56	138	138	85	89	70	81	103	129	117	96	94	92	76	135	103	124	104	92	83	129	105	117	96	120	111	134	99	120	85	93	80	82	133	63	71	110	126	92	111	120	93	113	113	113	100	111	112	117	9779	12750	11766	11287	10533	8546	8208	7990	6665	7344	9797	8687	6177	6832	6744	10558	10539	10058	11612	11759	10481	10361	9896	9979	10673	10843	10581	13490	12540	12904	10612	11246	10608	11434	11538	9998	9772	10143	9001	12443	12041	12124	67	104	132	127	132	102
8:27:56	122	79	80	128	133	140	126	142	117	84	86	108	120	87	107	74	116	120	105	115	116	71	100	79	133	133	102	149	103	133	72	103	140	119	112	119	84	115	128	106	108	156	101	142	107	130	100	131	10878	13213	11984	12377	11363	8564	9456	8567	7209	7576	10706	9365	6572	7537	7263	11556	11187	11060	11895	12485	10612	10756	10807	10440	10773	11227	11253	13992	12971	13124	11812	11497	11270	11951	12599	10534	10592	10936	9461	12418	12485	12655	156	90	134	102	112	98
8:37:56	97	104	114	96	97	112	120	153	119	105	97	90	124	128	112	125	102	128	104	68	140	112	103	119	95	86	91	152	106	91	122	122	107	130	110	95	99	88	107	137	153	108	106	106	123	117	102	101	11164	14035	12579	12971	11626	8786	9804	9394	7580	8092	11144	9927	7025	7948	7762	11597	11577	11541	12242	12857	11249	11413	11201	11034	11377	11479	11726	14359	13576	13252	12081	12042	11551	12188	12506	10927	11082	11823	10055	13066	12633	13131	119	100	79	130	87	134
8:47:56	85	92	78	125	121	135	94	109	85	105	117	106	73	161	89	99	112	113	120	105	117	152	106	103	54	106	124	108	118	52	97	122	116	88	115	130	111	119	67	103	116	105	118	102	119	98	123	119	11951	14396	12810	13519	12148	8975	10368	10031	8194	8471	11550	9961	7520	8395	8406	12473	11969	11924	12433	13036	11698	11859	11722	11450	11601	12074	12207	14517	13832	13660	12785	12409	12009	12855	13083	11428	11362	12045	10515	13526	12998	13342	136	136	100	91	102	90
8:57:56	112	102	112	75	112	141	151	94	94	98	153	117	132	84	113	136	124	111	69	101	133	116	122	120	106	127	111	124	102	107	97	117	90	136	92	118	116	98	104	96	149	101	119	64	106	123	110	118	12416	14399	13239	13525	12466	8908	11221	10945	8732	8721	12196	10498	7703	9210	9235	12518	12510	12138	12903	13340	11985	12176	12051	11594	11904	12341	12206	14832	14422	14182	12994	12873	12411	13233	13386	11478	11680	12396	11098	13508	13184	13659	138	159	80	88	139	94
9:07:56	108	128	121	110	120	94	154	84	117	98	111	136	108	120	122	97	115	125	87	138	108	111	111	135	114	120	95	116	128	90	106	118	81	107	112	114	98	129	120	163	78	125	115	148	93	118	114	128	12675	14795	13443	14365	12968	9214	11470	11449	9422	9485	12406	11096	8336	9473	9857	12880	13114	12587	13488	13798	12478	12368	12319	11998	12649	12793	12783	15351	14863	14290	13265	13214	13200	13584	13665	12141	11944	12856	11497	13917	13565	14062	67	98	82	125	99	124
9:17:56	73	88	109	92	98	102	142	124	108	108	98	112	95	124	108	107	132	92	111	87	115	92	108	110	109	109	103	104	99	90	82	109	90	84	88	101	109	128	123	104	90	129	106	112	136	112	142	145	13259	15251	13848	14760	13180	9250	11994	11775	9997	9754	12900	11182	8498	10474	10283	13315	13071	13166	13705	14305	12388	12571	12914	12246	12621	12844	13008	15558	14968	14427	13738	13833	13543	13848	13671	12067	12422	13052	11911	14207	13750	14049	107	69	97	118	101	89
9:27:56	95	112	104	96	110	145	103	81	146	111	147	106	67	93	132	123	107	82	101	100	102	129	74	148	150	113	114	143	115	121	94	109	123	135	104	150	122	158	127	158	90	107	139	90	112	100	104	99	13432	15752	14282	15153	13521	9698	12534	12331	10736	9982	13222	11891	9023	10895	10961	13805	13477	13567	14184	14614	12848	13083	13220	12557	12725	13407	13549	15912	15331	15627	14320	14485	13988	13882	14212	12517	12767	13207	12167	14571	14225	14586	114	95	126	84	102	106
9:37:56	129	111	88	99	87	88	88	124	75	115	93	115	106	89	99	116	62	127	98	98	98	124	115	90	132	101	101	80	151	103	111	124	113	98	123	122	103	117	115	99	119	106	132	99	114	132	93	103	13605	16271	14498	15661	14204	9531	12790	12913	11326	10388	13701	11993	9259	11571	11270	13753	14163	13921	14519	14970	13031	13032	13019	12974	13596	13873	13726	15829	15502	15707	14920	14977	14146	14549	14330	12598	12721	13501	12674	14876	14540	15358	121	121	138	107	75	100
9:47:56	141	102	111	92	107	111	100	137	137	69	81	110	83	127	92	126	126	100	114	114	85	95	128	105	90	116	144	122	80	138	93	95	134	112	95	130	99	111	113	139	58	110	102	145	162	124	141	153	13558	16676	14672	15139	14351	9350	13062	12924	11697	10306	13617	11854	9214	11954	12020	13810	14281	13963	14366	15003	13266	13604	13198	12876	13449	13680	13753	15729	15359	15191	15273	14902	14184	14152	14670	12724	13252	13765	12901	15003	14901	14931	111	151	118	113	103	91
9:57:56	108	94	92	97	135	117	112	125	140	136	112	89	106	112	92	84	106	110	114	124	102	131	89	80	97	122	70	121	94	116	95	104	132	82	126	129	112	103	111	116	141	142	106	130	143	109	123	124	14222	16538	15195	15938	14420	9736	13429	13352	12111	10662	13959	11925	10007	12569	11981	14202	14321	14634	14470	15646	13361	13549	13607	13004	13926	14214	14204	16250	15837	16042	15508	15080	14450	15366	14637	13106	13462	14281	13208	15807	15271	15333	125	100	125	85	115	124
10:07:56	92	62	123	88	119	167	107	98	142	70	79	110	85	96	114	112	93	103	122	110	88	129	109	78	75	120	120	99	80	98	132	119	92	107	116	98	130	142	122	115	129	146	73	117	123	113	85	132	14175	16855	15305	16205	14829	9207	13653	13943	12364	11058	14127	12574	9886	12994	12488	14626	14643	14635	15239	15669	13722	14060	13727	13502	14201	14556	14362	16223	15832	16184	15588	15592	14993	15240	14994	13453	13855	14032	13097	15572	15766	15404	108	125	136	102	114	109
10:17:56	90	133	120	87	87	109	98	108	128	122	81	132	95	123	51	155	126	109	93	118	122	116	108	95	117	113	117	117	119	127	120	110	109	127	91	101	114	144	116	112	93	92	99	94	128	122	74	109	14092	17675	15464	16196	14855	10087	13832	13825	13038	11744	14788	12733	10384	13212	12817	15173	15280	15021	15517	15947	13883	14113	14129	13485	14074	14660	14653	16768	16319	16259	15922	15632	14570	15392	15659	13375	13781	14007	13131	15083	15497	15919	139	106	126	112	112	105
10:27:56	102	94	113	107	139	115	83	137	110	99	134	74	87	119	103	109	90	92	91	88	131	128	106	105	117	97	119	109	132	115	115	88	94	80	93	110	105	91	104	135	111	131	110	118	126	83	163	117	14721	17131	16261	16314	15468	10045	13958	14269	13453	12037	14983	12711	10311	13542	13214	14976	15507	15374	15600	16129	14231	14406	13873	13810	14370	15231	15154	16881	16580	16246	15953	15548	15380	15423	15562	13495	14100	14728	13209	15778	15910	16041	123	105	115	121	158	127
10:37:56	113	116	89	125	113	101	125	135	128	103	108	118	106	110	95	121	107	127	124	120	112	131	119	125	131	137	121	133	102	106	109	121	155	126	88	105	126	109	138	139	93	152	122	132	117	105	106	107	14670	17785	16567	16689	15727	10496	13945	14545	13639	12153	15319	12762	10590	13777	13254	15562	15700	15394	15673	16218	14297	14233	14365	13923	14863	14976	14693	17007	16718	16383	16469	15562	15382	16075	15655	13599	14571	14804	13867	16298	16034	15879	97	83	103	94	136	103
10:47:56	134	118	105	106	128	111	121	111	80	135	90	90	113	124	97	90	128	111	119	128	104	93	99	95	135	118	107	99	114	121	106	122	113	106	147	114	108	114	96	156	107	124	85	109	129	108	145	132	14576	17851	16963	17043	15827	10637	14173	14547	13900	12247	14822	12695	10744	13552	13383	15340	15592	15205	15396	15819	14016	14336	14230	13655	14578	14792	14799	17080	17077	16919	16181	15756	14999	15382	15824	13904	14139	14515	13373	15942	15909	16120	121	76	110	104	89	135
10:57:56	93	85	111	137	100	99	128	82	138	154	113	117	134	94	95	131	114	82	116	98	138	101	118	151	133	105	137	101	80	106	155	127	112	52	88	130	98	117	122	104	146	96	77	116	103	90	110	147	14882	18091	16633	16816	16070	11427	14332	14686	14074	12465	15061	12698	10979	14081	13737	15368	16124	15773	16203	16274	14354	15012	14229	13783	14803	15721	15178	17226	16745	16643	16821	16192	15107	15918	15574	14069	14602	15096	13753	16050	15901	15885	137	103	124	112	89	108
11:07:56	118	122	121	133	111	133	107	115	94	141	90	143	154	116	86	98	82	92	142	140	136	109	88	111	102	120	115	127	133	122	116	126	124	108	82	114	98	139	115	125	116	118	109	124	77	128	100	108	14929	17924	17241	16914	15891	11623	14232	14854	14512	12613	15317	12959	11036	14516	13804	16085	16502	15753	16573	16448	14796	15144	14898	14278	15292	15406	15511	16920	17405	16856	16613	16113	15504	16086	16109	14431	14485	15284	13611	16149	16198	16226	121	127	88	147	100	116
11:17:56	110	122	121	113	114	101	100	131	139	123	105	104	89	123	124	108	141	107	101	128	102	89	92	126	119	130	131	87	158	110	71	98	110	121	105	97	115	114	106	114	134	129	97	131	116	112	111	92	15039	18105	17529	17336	16056	12263	14830	15248	14553	12500	15419	13179	11185	14785	13877	16300	16571	16097	16464	16365	15010	15314	14951	14847	15390	15659	15534	17640	17319	16945	16662	16546	15347	16209	16360	14275	15067	15138	13962	16251	16105	16037	94	115	132	104	131	113
11:27:56	122	117	103	111	97	119	95	128	103	129	106	142	93	76	114	121	102	112	85	106	101	94	146	113	130	134	146	124	100	117	112	93	146	136	94	115	83	138	125	132	150	142	153	115	154	110	98	103	15147	18351	17611	17552	16801	12452	15461	15876	15047	13001	15777	13543	11460	14789	14590	16500	16871	16152	16585	16951	15468	15563	15463	14891	15373	15619	15802	17813	17682	17364	17392	16600	16150	16425	16538	14584	15228	15261	14447	16662	16447	16565	119	123	92	114	87	126
11:37:56	123	132	142	89	71	116	123	168	129	90	100	120	89	104	103	104	108	140	112	108	132	120	110	118	107	124	127	89	122	113	147	87	162	125	148	154	88	172	106	130	136	143	95	114	129	132	115	102	15464	18883	17785	17486	16677	12742	15640	15827	15455	13340	15881	13340	11615	14579	14337	16638	16982	16163	17126	17386	15850	15768	15165	15079	15945	16144	16437	18109	17800	18011	17673	16714	16265	16513	17016	14845	15456	15586	14815	16933	16755	16013	127	84	107	120	115	103
11:47:56	154	110	83	96	107	99	91	64	93	114	113	100	130	89	81	125	95	79	145	137	104	140	128	109	97	104	105	149	123	129	105	157	132	123	113	134	69	131	111	141	157	120	149	86	139	106	117	144	15973	18777	17745	17543	16834	12792	15461	15635	15389	13121	15708	13421	11931	14560	14905	16704	17041	16613	16923	17201	15514	15744	15418	14658	15564	16103	16413	17783	17941	17296	17905	16921	16050	16771	16966	14520	15458	15795	14575	16816	16957	16358	88	94	128	99	117	110
11:57:56	116	111	137	140	147	117	130	129	117	140	129	95	77	124	103	128	100	99	115	123	128	125	111	117	136	127	94	129	126	106	137	125	138	94	118	145	114	114	123	132	153	104	129	91	121	88	110	89	15465	19053	18118	17595	17423	13048	15760	15679	15071	12950	15895	13486	11476	15058	14876	17098	17132	16714	16854	17035	15440	15851	14998	15197	15738	16176	16130	17815	17898	17764	18067	16912	16166	16680	17183	14784	15755	16010	14926	17064	17057	16626	110	119	170	119	142	126
12:07:56	132	97	122	98	115	98	87	114	116	113	111	141	122	104	114	71	109	95	110	124	101	107	117	91	103	84	98	87	117	131	87	116	132	115	140	127	135	115	104	135	171	126	96	126	138	123	121	139	15560	19100	18121	18074	17239	13186	15945	15515	15330	13429	15673	13696	11590	15168	15130	16798	17163	16622	17029	17231	15610	15472	15276	15162	15668	16121	16391	17868	18041	17925	18204	16865	16161	16675	17074	14823	15934	15758	14266	17406	16617	16411	97	92	103	99	118	111
12:17:56	101	122	148	113	129	83	124	101	166	97	135	100	102	130	98	121	117	135	75	108	96	74	144	83	107	139	119	155	106	124	150	121	130	113	100	123	118	153	126	103	119	106	102	133	130	110	62	131	15729	18909	18290	18168	17558	13408	15597	15849	15601	13457	15733	13809	11789	15372	14866	17253	17324	16891	17296	17082	15304	16011	15122	15097	15709	16110	16475	17827	17818	17823	18378	17099	16010	16733	17286	14988	15514	15843	14659	17140	16590	16585	112	81	83	97	112	139
12:27:56	87	107	81	76	145	136	145	138	121	106	140	79	111	95	124	140	90	115	125	146	123	87	134	122	136	97	127	100	143	123	116	113	142	111	113	102	113	115	131	154	138	108	162	129	103	77	95	100	15708	18991	18593	18274	17990	13725	15934	15817	15726	13703	16067	13982	12116	15572	15383	17476	17813	16959	17204	17361	15306	16413	15346	15354	15577	16327	16463	17943	18220	17828	18520	17492	16515	16979	17725	14683	16035	16259	14817	16895	16676	16358	139	94	125	108	92	101
12:37:56	78	140	102	138	111	115	109	123	115	113	101	107	129	142	105	140	142	99	123	93	80	137	87	127	112	124	98	146	143	128	103	114	141	126	112	86	126	112	120	149	120	97	117	139	157	118	129	97	15651	19159	18809	18109	17917	13903	15863	16054	15882	13948	16129	14008	12472	15693	15425	17506	17956	17232	17228	17372	15444	16226	15732	15490	15686	16327	16342	18111	17281	17932	18456	17308	16317	17393	17044	14632	15543	16508	15089	17247	16816	16333	99	104	119	106	114	120
12:47:56	104	99	112	116	116	158	121	115	111	109	110	138	120	135	136	114	83	107	116	113	113	110	114	100	113	111	131	96	115	115	144	133	118	101	113	125	122	122	100	115	99	119	117	109	133	111	112	114	15819	18957	18559	18181	18236	13903	15938	16464	15822	13375	15897	13931	12319	15350	15590	17046	17478	17209	17397	17136	15710	16202	15492	15561	15681	16298	16395	17197	17758	18000	18308	17716	16300	16993	17136	14569	15526	16302	15208	17136	16869	16552	115	76	102	95	82	88
12:57:56	109	143	116	113	131	133	118	101	120	142	99	136	132	103	152	96	79	136	142	121	119	100	109	131	131	90	115	116	116	94	114	87	129	42	120	112	136	110	143	173	161	127	109	105	87	83	123	117	15939	18778	18343	18163	18072	14170	16508	16203	15969	13959	15981	14444	12279	15599	15975	17448	17773	17404	17144	17373	15737	16405	15857	15853	15745	16458	16623	16704	17665	17795	18399	17284	16780	16942	17286	14908	15790	16512	14930	16919	16455	16425	134	106	128	118	120	105
13:07:56	113	109	127	97	114	107	137	147	116	115	127	98	124	83	129	130	117	107	140	77	103	114	111	117	92	126	127	106	110	117	127	144	122	133	77	134	97	112	118	106	101	146	119	127	104	101	108	85	15199	18592	18544	18503	17919	13747	16497	16336	16271	13869	16034	14058	12325	15429	15758	16770	17802	17251	17110	17096	15406	16406	15423	16099	15358	16549	16661	16678	16722	17937	18486	17143	16473	16497	17227	15112	15409	16095	15129	17027	15898	16281	137	118	74	136	83	157
13:17:56	109	143	106	156	125	137	136	105	131	102	118	114	158	121	88	136	140	90	102	64	129	118	101	134	143	140	152	153	158	137	125	112	108	148	119	114	83	148	144	138	146	155	106	128	112	112	165	105	15110	18945	18101	18251	18058	14517	16439	16519	16311	13598	16060	14407	12378	15479	16022	17329	17639	17172	16726	17423	15556	16445	15475	15979	15506	16403	16192	17005	16516	17561	18306	17176	16505	16913	17073	14726	15817	16192	15482	16639	15968	16214	99	105	101	101	120	118
13:27:56	116	148	140	113	142	112	97	79	141	102	117	137	108	105	124	119	135	87	103	148	137	132	117	113	135	122	122	125	133	99	117	120	132	121	110	141	113	109	107	104	121	147	79	73	149	105	137	106	14844	18811	18155	17867	18021	14326	16136	16948	16334	13605	16012	14411	12537	15804	15618	17041	17329	17320	16776	16954	15401	16280	15729	15904	15291	16142	16457	16194	16489	17190	18029	16855	16306	16442	16756	14510	15392	15832	15212	16392	16040	15976	146	113	124	100	105	144
13:37:56	93	125	91	123	107	115	119	108	89	103	135	117	115	157	140	92	117	114	105	140	119	86	100	134	99	89	135	99	107	126	127	99	109	116	97	90	93	124	156	119	134	106	99	105	79	96	132	129	14384	18249	17918	17868	17641	14207	16113	16364	16198	13214	16108	14329	12721	15607	15706	17199	17562	17265	16467	16476	15206	16324	15162	15390	15212	15683	16270	16015	16125	17017	17702	16788	15625	16161	16575	14060	15128	15673	15520	16000	15715	15717	124	153	123	130	107	105
13:47:56	125	132	113	91	107	82	122	110	112	94	125	116	88	104	118	94	119	103	140	100	144	115	124	125	123	157	129	132	110	124	116	127	142	116	115	101	71	133	103	134	124	133	126	105	108	134	118	123	14226	18023	17834	17785	17734	13995	16256	15876	16329	13329	15719	14472	12634	15581	15940	16544	17703	17288	16208	16347	14802	15989	14868	15161	14808	15565	16201	15618	15505	16555	17532	16999	15586	15973	15934	13750	14824	15396	15126	15661	15475	15359	120	118	110	134	109	82
13:57:56	107	111	108	126	120	89	95	146	101	131	90	113	106	116	109	121	113	133	106	99	91	133	121	84	127	115	130	103	135	113	127	117	152	133	150	101	88	145	108	85	150	165	119	126	121	120	107	115	13902	17717	17431	17700	17278	14097	16293	16229	16436	13015	15675	14505	12873	15603	15772	16598	17178	17158	16185	15962	15104	15849	14669	15490	14766	15512	15178	15325	15774	16118	16688	16439	15418	15830	15823	13747	14682	15581	14504	15415	15253	15536	102	116	112	105	120	135
14:07:56	128	96	137	109	126	120	92	114	145	115	120	121	108	111	112	112	126	87	129	121	104	104	112	105	142	128	144	131	109	119	117	107	102	127	139	149	115	109	124	141	148	130	111	168	125	119	94	134	13609	17571	16772	16847	16777	14030	15507	15708	16333	12629	15426	13643	12424	15252	15495	16179	17290	16685	15475	15644	14569	15210	14765	14601	14388	15115	15204	14819	15225	15842	16749	15954	14974	15028	15404	13084	14584	14705	14324	14722	15091	15001	122	116	69	87	73	105
14:17:56	121	111	135	102	129	118	100	133	146	117	112	117	127	112	122	129	99	92	119	135	104	121	123	94	119	124	105	124	135	101	102	91	124	134	115	108	96	117	139	148	138	125	104	120	138	156	129	130	13308	17231	16523	16845	16978	13822	15788	15807	16527	12766	15175	14019	12779	15227	15693	15838	16787	16259	15507	15596	14542	15312	14831	14635	14411	15321	15357	14670	15259	15996	16824	15732	14943	15025	15449	13215	14236	14532	14484	14971	14838	14866	92	121	107	124	93	90
14:27:56	111	146	122	99	154	99	125	117	89	104	134	90	151	144	100	105	116	111	106	111	109	110	116	109	108	118	129	149	81	76	68	126	90	158	139	119	133	120	141	110	141	160	98	159	101	109	94	115	13323	16757	16054	16587	16065	13549	15556	15427	16108	12197	15094	13520	12499	15075	15177	15342	16133	16150	15640	15162	14180	14902	14224	14624	14041	14604	14952	14413	14618	15374	16513	15402	14758	14697	14753	12694	14183	14369	14015	14154	14264	14551	120	137	120	71	118	130
14:37:56	107	113	141	117	125	122	118	107	127	98	144	124	105	116	139	116	133	136	112	108	109	147	148	128	95	137	86	128	154	133	89	112	136	118	104	102	89	91	119	110	127	94	127	130	92	134	104	106	13206	16528	15770	16155	15694	13259	14819	15204	15932	12045	14461	13113	12211	14991	15395	15376	16242	16295	15409	14709	14243	14509	14229	13887	13971	14475	14617	14497	14724	15257	16160	15314	14209	14229	14717	12498	13556	14322	13921	14236	14082	14783	117	96	153	115	136	100
14:47:56	142	160	127	143	137	113	133	110	94	105	129	94	144	94	87	129	131	111	132	97	117	82	112	131	110	95	110	122	132	108	116	111	90	115	107	115	139	137	124	111	125	81	86	131	120	120	111	99	13198	16464	15677	16046	15501	13349	15034	14896	15934	11961	14592	13364	12034	15012	15210	14884	15709	15789	14879	14740	14097	14329	13949	14064	13832	14420	14578	14580	14230	15240	16195	14887	14175	14084	14764	12262	13519	14132	13779	14076	14089	14130	103	118	133	112	116	79
14:57:56	93	124	121	100	108	129	129	136	102	98	88	127	81	116	92	130	143	94	121	116	156	119	106	137	118	110	122	166	137	76	119	133	130	133	106	120	121	156	141	106	124	125	111	97	145	123	144	179	12781	16218	15400	16031	14786	13183	14332	14722	15440	11206	14027	12974	12315	14496	14569	14521	15577	15743	14552	14138	13767	13430	13247	13528	13620	14176	14822	14138	14295	15251	15924	15033	13642	13659	13960	11875	13348	13545	13523	13739	13764	14022	141	107	126	75	117	122
15:07:56	130	141	120	97	159	106	129	101	150	123	118	89	123	125	135	127	104	110	110	117	133	130	143	94	117	137	95	120	109	108	97	118	104	99	119	97	136	122	126	146	141	95	105	152	125	136	111	84	12748	16205	15124	15640	14840	13493	14449	14298	15487	11635	13762	12857	12306	14393	14589	14413	15222	15333	14532	13955	13637	13713	13422	13749	13535	14161	14148	14044	14109	14662	15434	14370	13832	13568	14293	11847	13663	13438	13403	14131	13804	13860	112	99	128	132	117	89
15:17:56	126	93	136	129	132	116	106	129	98	92	151	104	114	98	131	117	123	98	123	102	122	135	115	154	111	117	106	118	126	115	120	141	113	120	126	121	98	112	128	105	135	121	106	97	119	84	120	132	12544	15752	14732	15590	14821	13020	13983	14284	15296	11371	13907	12205	12101	14395	14503	14392	15027	15366	14161	14069	13713	13672	13394	13609	13314	14242	14040	13988	14149	14628	15654	14392	13543	13148	13968	11973	12994	13262	13094	13813	13747	13583	121	90	104	121	130	98
15:27:56	90	112	125	116	118	144	144	130	60	120	110	107	112	93	115	131	127	113	123	92	119	131	108	113	88	145	111	110	149	101	130	106	109	124	141	122	134	121	155	126	81	137	143	155	103	117	113	143	12561	15985	14240	15458	14343	12982	13682	14066	14955	10729	13844	12273	12045	14063	14255	14274	14533	14877	14345	13958	13652	13408	12937	13571	12920	13827	14337	13868	14295	14403	14937	14138	13338	13022	13906	11866	12748	13339	13025	13641	13731	13877	137	101	113	114	86	81
15:37:56	126	129	146	130	118	102	95	111	104	147	77	151	113	99	127	110	134	102	104	124	127	82	96	119	134	101	115	111	141	115	110	107	84	72	123	116	99	126	162	141	142	134	125	84	125	100	105	110	12624	15666	14439	15169	14221	13331	13945	13961	14776	10740	13726	12312	11677	14080	14105	13931	14374	14717	14089	13684	13407	13389	12580	13039	13376	13940	13925	13607	13793	14606	14823	14034	13283	12814	13770	11783	12835	13389	13231	13600	13756	13443	98	117	105	121	127	105
15:47:56	111	96	127	137	110	137	113	163	140	108	127	118	126	159	115	124	136	138	105	162	145	119	136	96	140	90	137	106	114	110	103	107	75	138	114	122	96	113	134	125	91	112	110	117	123	95	54	91	12294	15373	14313	15013	14414	12964	13601	13607	14399	10464	13450	11769	11598	13669	13486	14001	14041	14386	13834	13852	13113	12994	12372	12752	12826	13367	13672	13511	13638	14434	14791	13567	12738	12361	13257	11591	12520	12946	12585	13621	13030	13399	107	140	96	107	118	124
15:57:56	135	100	154	120	138	96	153	87	141	117	102	109	136	104	161	130	89	133	143	135	106	106	120	98	130	116	106	107	96	99	146	117	101	118	133	113	121	91	111	155	129	123	81	107	139	109	107	107	12106	15157	13893	14792	13911	12891	13358	13217	13699	9718	13069	11520	11384	13643	12968	13868	13838	13940	13755	13362	12678	12896	12229	12677	12402	13365	13234	13765	13705	13973	14450	13703	12672	12189	13406	10943	12309	12758	12451	13117	13040	13226	133	142	100	78	91	132
16:07:56	116	132	120	136	111	135	109	120	110	157	136	115	117	135	141	157	91	158	126	132	120	89	90	82	102	116	116	131	131	83	105	97	120	111	112	115	124	124	120	99	121	126	121	161	113	74	80	132	11642	15106	14267	14547	13773	12953	13074	13195	13694	9604	13066	11536	11220	13604	13282	13260	14156	14172	13835	13344	12795	12770	12683	12469	12670	13413	13191	13712	13613	13992	14316	13684	12706	12320	13108	11474	12059	12648	12358	12920	12974	13405	130	94	102	110	85	149
16:17:56	78	109	107	143	95	145	108	110	142	114	131	149	133	108	125	138	93	102	127	78	77	106	104	95	114	135	132	114	108	110	125	130	118	84	143	130	102	145	127	119	114	98	94	122	115	119	140	121	11826	15034	13747	14582	13568	12956	13343	13230	14061	9091	13138	11448	11207	12957	12948	13615	14083	13955	13436	13005	12888	12796	11980	12178	12990	13243	13079	13410	13316	14200	14385	13447	12780	12161	13043	11094	12388	12462	12353	13233	13033	13224	152	87	134	141	86	110
16:27:56	93	98	77	147	105	117	135	122	137	115	125	91	136	142	122	105	150	119	125	116	126	104	114	89	67	81	155	115	117	89	140	141	115	113	111	135	99	128	147	165	126	104	99	106	122	97	89	128	11995	14722	13761	14266	13540	13014	12578	12539	13572	8325	12864	11464	11137	13057	12526	13495	14195	13942	13618	13235	12772	12671	11794	12173	12122	13121	12781	13340	13157	13635	14474	13632	12739	12156	13037	11369	11804	12420	12516	12856	12910	13372	116	133	103	110	136	110
16:37:56	85	114	123	127	134	128	134	121	115	126	133	113	93	164	138	110	100	119	161	119	130	119	119	112	149	112	149	74	125	109	101	148	113	121	163	118	128	136	114	125	138	139	124	113	132	124	142	121	11533	14848	13689	14244	13348	13051	12850	12920	13500	8415	12558	11032	11237	13129	12862	13377	13956	13818	13464	13121	12718	12365	11943	11911	12299	13088	12877	13385	13182	13792	14162	13468	12448	11970	12537	10840	12077	12253	12400	13101	13048	13448	102	122	144	77	103	79
16:47:56	133	135	132	103	99	136	148	118	98	118	107	87	138	115	114	101	139	82	162	111	114	88	129	123	96	125	114	106	88	151	171	99	141	152	118	85	105	106	122	110	123	135	175	111	126	133	129	129	11590	14703	13691	13922	13683	13019	12849	12980	13434	8394	13017	11082	11457	12858	12690	13289	14039	13949	13795	13208	12172	12805	11671	11852	12102	12802	12720	13494	13416	14059	13929	13325	12379	12436	12817	11043	12058	12159	12292	12905	12883	13098	125	127	73	107	124	119
16:57:56	107	80	130	125	142	138	121	114	115	149	135	124	102	117	107	97	136	109	125	112	136	105	111	131	136	96	109	107	84	97	117	117	85	121	85	112	102	124	97	140	104	144	125	124	117	90	117	100	11626	14288	13617	13968	12717	13095	13073	12555	12894	8020	12432	10801	10957	12657	12758	12845	13517	13460	13259	13172	12210	12359	11731	11425	11927	12854	12640	13152	13376	13364	13835	12728	12269	11685	12664	10391	11944	12244	12223	12753	12841	12682	124	103	103	120	114	104
17:07:56	116	102	102	103	139	131	113	161	147	154	120	112	138	107	123	80	122	117	125	98	106	131	98	122	99	110	120	139	135	138	118	91	136	128	106	75	120	116	123	144	130	149	96	106	119	123	70	116	11412	14070	13203	13998	12997	13030	12661	12665	12812	7747	12270	10759	11212	12668	12029	13195	13535	13574	12904	12543	12078	12145	11075	11442	11914	12550	12293	13334	13203	13467	13873	12937	12240	11399	12286	10297	11979	12285	12243	12712	12589	13135	147	135	118	115	84	126
17:17:56	126	129	100	100	113	155	148	127	121	154	98	155	123	108	130	135	106	146	123	125	148	158	122	122	106	112	129	116	162	101	101	150	101	131	137	132	129	109	178	106	88	121	116	114	127	87	98	112	11855	14315	13391	13881	12877	12809	12888	12806	12903	7936	12329	10760	10545	12560	12198	13046	13774	13253	13168	12762	12293	12339	11451	11415	11966	12511	12501	13596	13212	13696	13657	12977	12365	11383	12421	10182	11637	12011	12035	12315	12686	13241	138	112	83	147	108	117
17:27:56	134	110	108	85	109	115	98	94	139	105	101	115	104	107	120	101	142	109	115	116	131	127	119	104	131	143	74	117	112	100	110	113	112	97	125	115	121	126	124	147	97	115	103	102	126	91	114	162	11757	14571	13082	13804	12896	12789	12597	12543	12926	7854	12365	10358	10941	12087	12147	12783	13154	13474	13049	12403	11828	12174	11270	11228	12127	12567	12530	13208	13018	13504	13227	12689	12169	11300	12061	10236	11545	12002	12246	12807	12651	13002	130	154	130	113	110	109
17:37:56	121	110	138	106	121	138	136	157	112	121	141	125	108	89	116	82	117	113	106	91	127	98	121	126	123	139	134	92	120	118	136	106	108	113	102	67	113	166	130	146	109	93	133	96	81	129	121	100	11512	14182	13172	13951	12904	12609	12665	12604	12933	7826	12491	10454	10849	12048	12330	12951	13092	13472	12877	12681	12157	11898	11445	11123	11688	12386	12362	13198	12995	13151	13639	12349	12053	11124	12023	10376	11788	12227	11859	12639	12317	12731	79	97	120	109	132	129
17:47:56	109	102	117	102	107	132	112	124	110	122	108	88	138	89	123	107	154	88	123	145	138	131	114	151	111	98	146	123	122	130	142	94	156	114	99	89	105	115	146	117	112	101	125	111	99	73	60	105	11340	14208	12865	13612	12406	12667	12222	12388	12460	7714	11796	9825	10632	11896	11613	12673	13029	13288	12661	12324	11401	11100	10546	10572	11248	12208	12243	13065	12746	13326	13184	12499	12130	10337	11461	9532	11240	11585	12075	12489	12205	12903	117	110	88	128	60	110
17:57:56	141	107	119	81	95	126	111	126	131	101	162	127	127	138	130	115	134	102	127	162	103	122	88	110	121	130	110	134	138	100	110	109	103	89	117	100	123	128	90	117	137	107	123	152	109	160	146	134	11218	13892	12895	13761	12890	12869	12160	12184	11933	7578	11973	9228	10476	11924	11792	12729	12801	12748	13124	12126	11369	11050	10659	10959	11670	12575	12052	12655	12544	12706	13253	12427	11853	9721	11740	9101	11587	11670	11636	12350	11911	12786	107	151	112	148	145	116
18:07:56	104	126	110	101	107	118	137	85	132	94	96	148	145	97	112	134	127	112	110	116	104	121	114	108	119	92	135	89	123	95	103	127	102	140	90	103	132	120	130	135	138	113	122	87	104	112	102	133	11143	13993	12827	13823	12643	13055	12338	11930	12258	7765	11540	9169	10490	11938	11823	12956	12809	13170	12680	12315	11708	11059	10087	10729	11643	11970	11762	13130	13003	13098	13088	12325	11630	9535	11914	8742	11169	11531	11310	12384	11726	12864	103	142	116	123	119	92
18:17:56	111	115	107	100	169	115	162	125	122	146	101	133	105	113	130	133	115	128	119	160	113	121	156	84	92	138	149	110	128	118	82	74	131	78	94	140	124	141	130	118	126	130	139	109	108	116	79	115	11206	13835	12570	13455	12690	12874	12289	11996	12464	7692	12138	9060	10083	11759	11978	12776	13081	13063	12719	12581	11782	11314	9910	10719	11911	12279	12306	12731	12847	12746	13087	12807	12002	9806	11996	8352	11559	11890	11805	12379	12170	13046	101	110	106	91	130	105
18:27:56	110	120	107	143	110	126	123	121	109	117	98	124	124	124	109	109	85	149	101	97	113	111	126	87	136	169	145	100	139	120	115	105	96	144	109	85	143	160	149	147	122	150	144	143	93	114	119	135	10749	14001	12890	13472	12678	12851	12218	11988	12201	7709	11875	8780	10285	11726	11730	12630	12840	13297	12415	12157	11664	10727	9736	10494	11818	12143	12146	12587	12863	12755	13029	12061	11838	9302	11565	7978	11697	11488	11662	12116	12103	12791	119	94	104	129	61	115
18:37:56	122	137	127	129	113	119	123	97	93	138	131	117	127	134	100	122	95	141	124	91	147	99	117	99	106	116	109	156	131	122	154	129	115	117	97	126	150	138	134	110	133	147	161	88	110	138	112	158	10666	13824	12656	13482	12874	12705	12297	12299	12121	7720	12087	8597	10481	11705	12129	12544	13050	13415	12853	12311	11665	10958	9696	10873	11568	12045	12115	12522	12769	12812	13090	12223	12086	9090	11922	8271	11496	11367	11603	12384	12056	12954	92	99	122	103	152	105
18:47:56	106	107	151	87	114	115	139	107	122	102	136	114	147	124	113	126	106	142	121	107	166	92	147	111	126	140	122	104	99	150	92	130	153	122	84	109	99	116	142	141	147	112	150	88	161	135	117	110	10603	13570	12803	13308	12138	12687	11969	12059	11986	7721	11815	8565	10007	11486	11549	12394	12878	13251	12611	11798	11573	10658	9270	10699	11574	12092	11793	12556	11959	12778	12769	12046	11724	8947	11200	8327	11620	10939	11507	11983	11817	12733	104	78	150	151	97	106
18:57:56	127	122	103	111	122	112	90	162	133	138	93	130	92	124	105	85	115	124	155	105	119	94	137	109	136	108	93	99	140	143	102	144	128	125	131	79	182	140	114	140	132	100	136	109	129	104	94	108	10362	13304	12522	13434	12126	12526	11801	11704	11604	7775	11503	8596	9934	11247	11515	12105	12726	12682	12572	11964	10964	10005	9277	10627	11715	11968	11439	12354	12043	12619	12809	12054	11920	8715	10606	8145	11437	10771	11337	11656	11646	13124	112	158	126	120	90	130
19:07:56	160	138	132	80	118	113	155	158	110	112	146	129	153	134	139	110	95	137	79	112	103	147	160	94	108	127	114	116	114	87	104	126	135	105	101	130	156	144	116	148	124	147	127	119	106	102	115	90	9540	13541	12555	13230	11902	12613	11466	11434	11281	7743	10946	7992	9641	10923	11119	12292	12536	12646	12359	11909	10759	9581	8848	10202	11301	11837	11396	12090	12179	12462	12847	11917	11198	8736	10370	7559	11349	10451	11108	11748	10925	12496	101	147	123	127	143	132
19:17:56	97	101	113	139	101	137	110	101	111	82	102	136	110	119	85	94	109	104	138	92	121	117	124	100	75	144	120	127	136	105	108	94	127	111	90	124	125	96	136	126	122	137	125	111	102	73	73	113	9060	13409	12252	13485	11612	12716	11464	11723	11291	7805	10583	7957	9565	11195	10891	12158	12454	12887	12387	11489	10922	9317	8557	9904	11147	11804	10938	11745	12061	13102	12706	11787	11188	8535	9909	7653	10801	9981	11138	11579	11031	12960	109	122	134	119	100	119
19:27:56	101	99	124	90	121	81	125	112	143	121	115	132	112	119	63	147	141	115	129	93	138	114	114	87	113	117	142	106	96	68	128	84	136	108	123	112	112	139	118	111	150	127	114	112	112	135	92	83	8463	13486	12529	13201	11973	12658	10965	11478	11495	7793	10630	8010	9525	11108	10399	12285	12520	12690	12290	11623	10262	9643	8629	9376	11105	12020	10943	11239	11871	12659	12612	11861	11090	8549	9302	7662	10875	9407	10960	11084	10973	12489	133	122	114	124	106	110
19:37:56	115	131	96	130	155	77	76	124	112	134	107	83	122	126	130	122	88	125	110	133	99	133	110	166	105	161	142	111	104	118	106	100	132	101	127	115	103	124	97	112	157	145	146	90	68	125	130	128	7720	13680	12432	12848	11447	12534	10703	10851	10850	7733	10306	7922	9101	10887	10281	12034	12419	12451	12324	11298	10503	9130	8980	8947	10964	11323	10311	11237	11407	12452	12637	11345	11075	8700	8982	7789	10823	9094	11000	10440	10566	12047	91	100	75	121	123	134
19:47:56	142	115	127	102	99	108	118	174	140	120	140	94	122	124	94	138	160	120	90	112	137	147	116	121	163	117	77	144	130	124	130	115	121	129	96	101	125	123	111	143	133	143	113	120	103	115	132	118	7822	13384	13033	13185	11378	12339	10808	11048	10704	7804	10243	8072	8950	10889	9880	11849	12567	12649	12222	11532	10248	9134	8434	8953	10906	11788	10206	10827	11341	12433	12545	11546	11171	8759	9109	7868	10453	8470	10833	10151	10230	12273	120	139	134	112	50	108
19:57:56	107	110	96	111	104	104	144	111	129	82	118	120	100	130	87	93	116	154	115	111	172	108	111	170	104	110	144	128	130	147	99	152	158	117	137	121	145	115	152	118	79	107	126	126	123	104	116	121	7651	13337	12855	13121	11216	12405	10831	11056	10503	7550	10047	7890	8857	11134	9478	12141	12316	12553	12395	11875	10337	9095	8621	8665	10959	11465	9651	10520	11021	12398	12798	11562	10888	8575	9047	7968	10344	8199	10725	9490	10332	12503	107	127	109	96	116	113
20:07:56	138	131	65	118	94	136	148	126	96	101	136	119	129	108	134	113	120	98	90	119	115	119	117	109	109	140	123	130	102	89	118	113	151	122	136	131	111	93	151	125	144	114	154	98	108	113	93	117	7689	13450	12795	13164	11231	12541	10202	10774	10889	7839	9625	7786	8782	10897	9349	11823	12217	12440	12073	11692	10341	8879	8257	8646	10677	11407	9431	10184	10567	12073	12574	11268	10625	8525	8890	7854	10289	7929	10438	9246	9836	12403	98	133	105	121	115	99
20:17:56	100	125	139	85	90	126	134	143	129	112	125	123	101	125	134	122	143	111	156	137	148	129	103	118	145	114	96	96	118	113	103	80	95	83	99	74	136	122	62	135	140	134	121	112	107	122	138	102	7724	13229	12026	12539	10551	12752	9912	9862	10278	7650	8722	7980	8185	10452	8747	11528	11994	12011	11637	11097	9745	8675	7849	8227	10502	10976	8471	9777	10460	11579	12295	10570	9530	8524	8546	7763	9742	7724	9995	8969	9252	11349	130	151	150	97	102	66
20:27:56	108	154	112	132	115	123	93	136	113	124	115	144	108	121	133	101	153	110	101	139	87	132	73	132	123	140	96	98	75	108	156	123	128	114	132	94	114	153	111	150	113	122	106	118	109	111	128	93	7859	12531	12026	12212	10228	12664	9976	9516	10098	7865	8471	7801	8190	10447	8409	11413	11607	11945	11451	10856	9270	8616	7935	8437	10418	11145	7998	9480	9877	11570	11930	10117	9214	8600	8907	7796	9075	7632	9564	8886	9226	11361	119	121	107	148	115	79
20:37:56	110	128	118	155	94	106	116	100	94	84	93	131	125	112	83	142	107	131	138	75	111	114	102	113	140	139	97	132	124	123	141	160	122	134	91	145	133	103	133	120	115	124	146	121	102	90	107	120	7790	12792	11910	11662	9883	12430	9881	9487	9792	7889	8415	7690	7985	10002	8246	10739	11817	11720	11187	10388	8985	8400	7828	8208	10016	10924	7962	8895	9431	11502	11792	9698	8742	8632	8383	7826	8190	7751	9827	8418	8689	11102	117	121	118	107	89	112
20:47:56	140	123	137	119	132	91	134	97	128	157	134	104	96	91	119	179	112	149	100	133	133	82	94	109	128	150	125	95	156	110	159	112	94	133	109	101	90	121	132	110	148	126	39	106	112	119	107	130	7895	13214	11968	12150	10049	12543	9652	9376	10067	7888	8212	7800	8389	10280	8087	11009	11858	12214	11673	10438	8971	8733	8289	8086	9523	10854	8098	7981	8558	11403	12221	9694	8570	8725	9010	7894	8051	7756	9096	8670	8757	11254	109	133	141	86	140	124
20:57:56	139	125	103	93	119	118	134	138	97	98	89	94	135	92	114	134	132	97	122	123	116	117	108	92	143	97	139	109	123	131	102	120	99	126	102	128	76	109	156	95	93	129	126	112	105	109	108	93	7881	13339	11980	11890	9979	12357	9540	8876	9824	7843	7996	7946	8363	10255	8248	10723	11579	11711	11468	10162	8686	8783	8135	7913	8749	10764	7772	8111	8559	10792	12133	9599	8321	8600	8563	7652	7816	7679	9058	8538	8765	11165	150	88	118	72	126	114
21:07:56	135	167	121	90	144	127	140	58	125	133	89	120	115	119	127	131	138	92	103	124	129	113	144	131	127	105	114	110	103	119	89	96	140	99	108	111	96	109	148	112	105	152	136	117	113	140	123	130	7605	13067	11959	12081	9816	12294	9348	8795	10089	8021	8221	7794	8475	10328	8255	11012	11516	12224	11747	10112	8685	8460	8395	8066	8597	10471	7945	8241	8773	10832	12337	9167	8493	8876	8631	7937	7752	7911	8720	8406	8653	10822	78	113	104	99	76	123
21:17:56	111	103	94	43	108	95	129	134	121	111	128	86	111	126	106	104	126	158	144	119	108	113	124	130	147	124	107	131	114	81	75	91	101	109	89	120	128	118	149	129	108	140	118	102	69	94	116	132	7901	13050	11794	12293	9881	12366	9477	8787	9771	7937	8576	8104	8553	10452	7942	10650	11336	12181	11624	10203	8601	8343	8400	7918	8430	10282	7793	8420	8603	10650	12160	9500	8711	8807	8474	7930	7810	7814	8265	8288	8740	10295	115	111	104	135	81	109
21:27:56	135	156	151	104	111	112	128	87	132	109	115	145	102	84	69	116	98	104	99	150	107	127	103	115	124	104	90	120	98	115	130	99	123	98	105	114	157	130	134	141	88	113	102	137	109	119	89	88	7865	13209	11665	12020	9645	12376	9268	8766	9950	8069	8183	7942	8044	9836	7912	10169	11723	12032	11849	9792	8507	8631	8148	7701	7585	9623	7858	8262	8606	9979	11760	9493	8751	8666	8560	8016	7837	7821	8287	8299	8720	9136	99	130	120	126	137	101
21:37:56	141	118	121	132	112	104	143	108	113	91	115	105	114	132	113	116	104	113	93	114	147	169	119	114	107	139	149	93	153	111	84	110	125	132	110	97	82	117	91	154	110	111	122	129	111	136	104	99	8027	12491	11635	12053	9461	12230	8618	8699	9762	7763	8214	8093	8114	9726	7892	9493	11215	12034	11568	9578	8644	8616	8285	7939	7606	9382	7687	8265	8423	9521	11905	9380	8627	8946	8549	8013	7830	7945	8408	8156	8921	8604	128	109	108	114	113	108
21:47:56	138	96	158	118	87	102	170	155	116	123	105	99	126	112	136	118	78	126	80	125	127	102	117	133	97	114	98	108	90	129	85	112	153	106	106	128	113	107	135	123	142	92	115	80	92	101	111	158	7972	12657	11944	11795	9272	12421	8678	8654	9570	8063	8267	8063	8042	9489	7735	9571	11575	11644	11520	9470	8409	8342	7938	7849	8343	8836	7782	8531	8773	9434	11822	9073	8733	8750	8494	8085	7880	7815	8539	8353	8730	8470	147	152	133	122	137	104
21:57:56	128	110	109	128	121	121	169	147	158	113	111	121	106	111	100	124	96	117	100	104	105	87	134	98	101	111	101	87	118	90	147	126	121	100	142	118	133	112	82	107	106	122	127	122	91	110	111	138	7787	12532	11530	11428	8685	12493	8317	8268	9040	7894	8101	8125	7763	9113	7579	8944	10958	11651	11171	8903	7956	8062	8172	7710	7884	8391	7764	8460	8210	8930	12027	8613	8361	8894	8711	7923	7825	7805	7988	8243	8405	8494	119	112	109	105	109	117
22:07:56	130	131	135	116	133	126	170	108	146	100	123	86	85	90	138	91	130	127	115	115	111	92	115	130	119	116	116	123	116	93	113	118	127	109	106	112	103	130	113	120	101	115	121	122	130	84	116	112	7908	13065	12240	11424	9093	12500	8617	8438	8907	7914	8256	7959	7976	8955	8149	8907	11172	11630	11252	8882	8265	8389	8246	8119	7920	8133	7809	8409	8528	9149	11971	8726	8215	8811	8800	8080	8060	7861	8374	8059	8502	8627	124	136	106	130	128	129
22:17:56	108	125	117	99	126	122	146	84	113	105	107	131	119	101	108	114	127	110	128	123	148	115	114	87	120	106	121	148	141	151	110	127	112	139	115	105	104	129	152	111	142	120	117	89	91	124	106	135	8002	13337	11704	11114	8861	12161	8648	8525	9101	8018	8242	8122	7735	8653	7667	8560	10941	11532	11430	8929	8199	8040	8125	7963	7638	7861	7740	8288	8241	9257	12224	8818	8442	8848	8811	8034	7776	7980	7815	8248	8466	8529	117	132	107	111	125	87
22:27:56	124	119	154	113	137	103	122	99	90	118	133	104	103	129	98	141	96	85	125	137	123	122	131	122	114	123	120	113	78	166	145	92	145	96	82	134	112	92	104	114	120	111	96	112	127	130	141	144	7873	13132	12267	10678	8941	12030	8798	8507	8762	7923	8260	8052	7980	8520	7811	8388	10844	11600	11466	9035	8301	8326	8254	8113	8340	7819	7924	8603	8514	9232	12520	8971	8301	9082	8980	7887	8050	7979	7917	8511	8498	8399	112	123	78	116	109	141
22:37:56	87	120	139	128	134	62	110	110	114	85	132	144	111	123	130	153	97	110	118	112	126	98	114	106	101	141	126	123	125	126	96	143	109	129	82	128	112	105	120	154	122	95	89	125	143	134	90	99	7806	13166	12105	10074	9012	12439	8344	8122	8623	8116	8246	8256	7623	8185	7828	8506	10734	11555	11445	8985	7912	8200	8198	8278	8211	7849	8010	8289	8389	9033	12122	8771	8313	8913	8877	8059	7947	7781	7974	8185	8439	8565	87	115	109	97	111	91
22:47:56	123	124	165	134	143	122	141	110	111	103	142	107	129	115	112	113	105	95	71	124	89	127	137	101	91	117	93	96	109	151	98	84	131	115	111	132	119	146	151	108	159	135	136	146	133	139	87	135	7922	13116	11925	9434	8807	12073	8319	8739	8505	8158	7985	8078	7534	7657	7719	8056	10620	11911	11514	8537	7935	8356	8386	8398	8452	7903	8060	8474	8390	8748	12222	8371	8486	9283	8605	8138	8075	7852	7850	8284	8577	8658	133	99	114	129	83	120
22:57:56	110	103	88	119	135	116	130	141	89	77	156	81	136	109	135	140	110	108	113	123	138	123	101	98	110	116	132	127	133	108	135	137	106	99	140	117	94	151	144	113	125	142	135	115	99	123	90	126	7824	12754	12122	8613	8910	12010	8350	8109	8581	8072	8226	7913	7539	7534	7941	7913	10530	11736	11404	8743	7871	8297	8287	7994	8121	7848	7997	8286	8337	8724	11868	8718	8286	8906	8693	8120	7915	7864	8047	8205	8386	8487	133	111	112	92	131	120
23:07:56	152	115	146	59	120	115	142	128	125	111	108	124	109	77	137	110	121	85	114	111	165	137	128	105	152	88	117	88	154	125	128	130	111	146	156	96	152	111	103	102	91	127	97	130	98	124	139	122	7995	12646	11669	8417	8408	12431	8331	7837	8207	8103	7966	8025	7639	7685	7810	8044	9865	11510	11351	8529	7924	8287	8487	8065	7687	8143	7914	8350	8492	8457	11609	8293	8207	9174	8753	8355	8069	8110	8103	8450	8531	8740	123	87	84	145	112	119
23:17:56	129	126	67	118	75	127	122	122	155	131	129	115	116	108	112	83	165	132	73	114	104	118	123	106	108	131	104	128	120	151	121	117	142	111	109	95	102	118	119	147	152	110	122	101	134	120	102	126	8182	11804	10779	8227	8433	12534	8140	8158	8164	8130	8212	8293	7710	7660	7937	8212	9437	11139	10846	8545	7881	8132	8470	8066	7968	7729	7752	8651	8487	8606	11450	8345	8375	9131	8914	8018	8021	8083	8027	8430	8619	8428	132	138	136	101	120	99
23:27:56	89	114	104	125	103	133	137	104	115	105	127	82	125	140	116	131	135	124	109	130	113	138	135	100	138	144	123	102	125	135	103	141	149	110	120	122	121	149	145	117	164	97	141	109	126	132	93	133	8073	11617	10535	8365	8246	12156	8234	7939	8409	8025	8076	8389	7608	7628	7996	7928	8673	10569	10306	8423	7975	8390	8433	8102	7861	7923	7929	8805	8435	8632	11288	8332	8320	9232	9056	8147	8171	7938	8068	8454	8430	8858	97	114	148	119	96	128
23:37:56	110	144	145	142	132	103	138	119	98	114	142	141	73	113	122	132	152	109	91	122	74	144	119	87	127	108	118	136	123	127	104	118	143	93	131	131	107	114	117	143	142	108	133	143	84	134	115	96	7881	10954	9774	8433	8494	12410	8516	7982	8130	8355	8135	8304	7407	7694	7567	8201	8005	9792	9579	8044	7912	8336	8343	7985	7708	7731	8322	8667	8553	8372	11163	8263	8230	9187	8941	8341	8064	7999	8065	8194	8406	8627	122	99	96	165	119	108
23:47:56	113	102	106	151	155	112	121	147	120	126	95	123	135	130	98	111	96	99	112	136	106	93	74	100	94	104	97	111	135	76	88	101	111	139	115	143	146	113	125	97	100	126	88	160	105	123	129	125	8020	10391	8881	8194	8185	12410	8014	8186	8099	8282	8292	8224	7656	7777	7818	8079	8386	8618	8554	8244	8175	8474	8544	7921	7933	7905	8125	8814	8593	8607	10748	8322	8193	8990	9041	8250	8271	7980	8029	8202	8435	8629	92	99	103	124	132	152
23:57:56	124	86	109	108	97	166	127	112	104	141	123	68	127	133	141	106	132	98	131	139	106	149	103	125	89	129	115	123	83	170	122	142	115	103	90	118	111	107	97	99	102	129	126	110	130	73	114	108	7975	8674	8486	8268	8402	12105	8018	8380	8044	8353	8351	8282	7663	7770	7996	8273	8270	8236	8276	7733	7799	8677	8267	7876	7886	8165	8021	8728	8676	8507	10759	8283	8524	9138	8951	8014	8447	7972	8095	8353	8734	8523	107	73	111	100	131	103
24:07:56	126	102	110	97	154	116	151	62	128	141	118	135	123	118	142	137	130	85	65	139	137	86	122	91	142	123	167	101	136	116	81	87	172	117	103	103	92	95	113	83	102	108	116	145	149	119	145	87	7886	8268	8290	8406	8148	12304	8001	8194	7970	8061	8517	8285	7588	7733	7903	8011	8061	8570	8065	8113	7842	8367	8318	8041	7681	8015	8069	8770	8840	8451	9804	8412	8222	9322	9038	8279	8286	7960	8056	8337	8539	8594	131	134	123	105	127	116
24:17:56	115	107	96	134	105	156	145	147	128	112	107	133	109	122	154	139	126	152	136	114	69	129	146	97	96	116	122	104	112	99	127	100	131	135	155	106	121	123	128	105	94	120	106	120	105	114	125	124	8242	8382	8192	8632	8254	11912	8026	8199	8050	8224	8375	8273	7624	7725	7953	7979	8135	8122	8216	8200	8019	8296	8529	8051	7770	8007	8102	8640	8642	8593	9163	8486	8063	9278	9106	8154	8427	8169	7914	8298	8436	8739	137	109	107	86	127	101
24:27:56	114	149	100	122	107	112	133	165	102	119	134	142	133	106	115	136	88	123	119	168	110	104	118	137	133	147	114	120	91	118	97	144	136	91	141	116	118	86	150	97	96	105	114	119	89	106	118	151	8179	8400	8255	8343	8443	12013	8092	8294	8198	8284	8361	8279	7767	7837	7806	8273	8083	8151	8437	8163	8074	8707	8497	8070	7768	8182	7983	8687	8979	8759	8961	8347	8432	9018	9211	8292	8288	7957	7983	8464	8868	8769	95	102	155	117	113	128
24:37:56	129	87	122	135	88	101	132	154	93	162	115	84	98	94	105	110	122	127	120	100	115	119	91	164	129	101	129	118	92	109	123	114	150	160	93	130	107	130	111	186	123	129	114	111	108	107	106	98	8118	8399	8276	8350	8203	12130	8332	8150	8208	8450	8438	8397	7781	7747	7810	8239	8249	8302	8169	8162	8242	8455	8529	8101	7928	8102	8114	8738	8678	8535	8557	8551	8397	9332	8956	8238	8113	7971	8351	8395	8556	8551	140	96	116	95	116	123
24:47:56	123	149	131	85	103	69	130	122	114	120	59	146	104	111	146	118	107	107	110	134	123	128	106	106	120	114	116	92	142	137	107	93	106	160	92	117	112	100	141	157	111	119	116	129	132	96	110	146	7906	8616	8266	8569	8228	12197	8080	8214	8133	8275	8336	8431	7583	7847	8015	8228	8167	8379	8337	8332	7962	8660	8436	7819	7909	8138	7840	8793	8841	8669	8473	8554	8520	9454	9189	8468	8346	8038	8403	8403	8572	8842	112	99	151	146	98	155
24:57:56	124	95	129	145	102	131	180	134	141	141	71	109	123	119	121	92	143	151	131	114	140	131	98	129	89	111	131	134	97	121	155	140	100	101	125	125	122	131	145	128	107	135	96	139	156	115	104	118	8420	8471	8340	8539	8523	12597	8084	8276	8123	8147	8425	8291	7782	7668	7846	8457	8155	8232	8497	8117	7980	8530	8538	8120	8258	8005	8021	8968	8747	8987	8673	8405	8640	9342	9179	8316	8313	8156	8242	8465	8582	9043	70	109	122	154	117	135
25:07:56	114	119	95	128	117	80	112	102	102	125	130	153	122	112	123	132	110	134	126	137	128	133	114	103	113	137	115	87	127	141	112	137	101	92	144	107	112	124	127	141	111	111	155	101	137	102	122	143	8188	8607	8521	8467	8286	12106	8254	8270	8037	8264	8132	8705	7817	7700	7938	8247	8144	8396	8166	8196	8316	8625	8406	8013	7995	8042	8150	9010	8733	8704	8534	8386	8475	9254	9233	8407	8500	8243	8263	8507	8487	8770	108	82	113	116	89	103
25:17:56	97	93	134	139	124	150	116	137	128	92	128	125	129	133	118	169	71	98	165	124	103	106	128	111	105	127	142	140	119	129	109	102	105	99	116	98	112	118	108	147	117	111	114	104	134	112	147	115	7923	8598	8450	8726	8432	12418	8300	8393	8201	8428	8456	8533	7819	8047	7914	8234	8369	8121	8336	8518	8104	8633	8279	8005	7949	8152	8145	8825	8871	8612	8296	8638	8574	9281	9346	8213	8518	8228	8439	8621	8821	9020	107	127	112	127	96	113
25:27:56	106	111	104	122	107	141	133	109	114	128	147	118	78	101	112	141	129	110	129	118	85	100	116	135	106	129	126	120	99	127	102	111	139	148	93	119	121	114	113	125	103	111	104	95	118	133	102	116	8137	8462	8521	8602	8192	12655	8105	8266	8266	8281	8574	8288	7827	7867	7984	8388	8157	8302	8157	8449	8205	8471	8491	8062	8039	8273	8201	8919	8931	8835	8365	8572	8465	9468	9203	8392	8326	8154	8167	8562	8823	9200	80	129	107	116	116	107
25:37:56	88	94	108	136	132	88	123	119	111	152	117	127	92	114	162	97	103	151	87	148	161	137	92	114	92	114	91	114	147	122	128	111	139	108	135	136	122	130	116	113	104	146	116	146	98	113	117	82	8174	8670	8371	8560	8615	12655	8332	8374	8169	8324	8333	8576	7916	7868	7875	8108	8194	8450	8487	8510	8307	8408	8684	8071	8232	8089	8060	9141	9070	8703	8221	8391	8383	9388	9234	8343	8556	8048	8180	8376	8822	8818	93	115	105	74	130	125

