EGFP:488,507[2]

Kinetic read	A1	A2	A3	A4	A5	A6	A7	A8	A9	A10	A11	A12	B1	B2	B3	B4	B5	B6	B7	B8	B9	B10	B11	B12	C1	C2	C3	C4	C5	C6	C7	C8	C9	C10	C11	C12	D1	D2	D3	D4	D5	D6	D7	D8	D9	D10	D11	D12	E1	E2	E3	E4	E5	E6	E7	E8	E9	E10	E11	E12	F1	F2	F3	F4	F5	F6	F7	F8	F9	F10	F11	F12	G1	G2	G3	G4	G5	G6	G7	G8	G9	G10	G11	G12	H1	H2	H3	H4	H5	H6	H7	H8	H9	H10	H11	H12
0:09:17	2465	2567	2445	2480	2372	2514	2482	2489	2549	2531	2431	2476	2719	2452	2619	2366	2391	2634	2552	2640	2521	2625	2540	2499	2534	2453	2434	2504	2535	2625	2709	2626	2722	2563	2422	2509	2507	2663	2587	2608	2769	2725	2419	2536	2346	2548	2376	2431	2519	2508	2457	2393	2561	2612	2407	2456	2502	2536	2612	2486	2569	2662	2653	2392	2536	2492	2663	2631	2533	2495	2488	2678	2518	2483	2485	2524	2452	2651	2749	2654	2734	2486	2445	2496	2427	2420	2392	2651	2733	2708	2487	2432	2481	2400	2500	2271
0:19:17	2529	2573	2467	2525	2411	2515	2487	2583	2581	2523	2543	2581	2526	2567	2578	2442	2550	2472	2470	2601	2524	2556	2518	2526	2517	2411	2550	2398	2503	2598	2875	2751	2745	2403	2558	2380	2409	2568	2410	2592	2643	2841	2455	2484	2425	2497	2408	2457	2402	2498	2403	2513	2500	2689	2518	2535	2473	2567	2481	2488	2689	2415	2685	2469	2651	2538	2625	2617	2504	2540	2460	2517	2527	2394	2593	2553	2448	2736	2823	2869	2786	2464	2560	2505	2523	2478	2355	2683	2838	2904	2443	2404	2343	2420	2413	2378
0:29:17	2423	2607	2533	2581	2442	2666	2511	2436	2492	2609	2443	2765	2583	2900	2627	2355	2542	2572	2529	2567	2565	2600	2399	2505	2509	2446	2599	2497	2508	2499	2824	2808	2862	2527	2534	2560	2663	2541	2613	2820	2663	2748	2506	2406	2455	2397	2400	2369	2473	2473	2385	2452	2646	2552	2503	2540	2591	2478	2661	2535	2658	2594	2715	2558	2383	2444	2491	2584	2615	2730	2375	2635	2456	2573	2490	2646	2576	2514	2885	2837	3026	2607	2537	2502	2697	2652	2560	2762	2717	2910	2362	2445	2361	2384	2353	2365
0:39:17	2552	2424	2454	2421	2534	2437	2529	2603	2535	2566	2546	2666	2608	2704	2580	2442	2515	2611	2525	2639	2626	2610	2513	2489	2601	2583	2568	2615	2459	2487	2846	2743	2813	2535	2514	2515	2543	2510	2534	2877	2752	2710	2539	2428	2467	2528	2440	2473	2347	2447	2503	2377	2510	2569	2576	2532	2524	2420	2644	2732	2754	2601	2716	2577	2481	2531	2535	2614	2635	2545	2564	2498	2632	2592	2578	2694	2687	2566	3138	3013	3031	2390	2571	2565	2635	2555	2548	2831	2953	2839	2402	2377	2401	2412	2464	2539
0:49:17	2300	2420	2368	2481	2528	2603	2534	2480	2547	2573	2538	2708	2587	2717	2625	2380	2664	2480	2704	2592	2587	2683	2519	2490	2675	2490	2645	2472	2482	2560	2746	2885	3066	2533	2451	2592	2525	2680	2603	2844	2696	3044	2537	2367	2505	2370	2542	2401	2629	2498	2555	2606	2562	2626	2510	2687	2494	2565	2652	2740	2827	2801	2690	2507	2480	2575	2701	2655	2553	2602	2553	2541	2716	2584	2564	2889	2698	2679	3270	3084	3149	2601	2450	2589	2609	2497	2653	2875	2910	2998	2431	2465	2393	2319	2270	2458
0:59:17	2304	2678	2603	2401	2471	2515	2459	2559	2574	2702	2494	2720	2611	2809	2759	2417	2469	2577	2557	2655	2818	2649	2568	2473	2459	2434	2680	2587	2504	2584	2894	2944	2883	2654	2615	2452	2561	2579	2592	2872	2756	2826	2575	2378	2382	2518	2484	2421	2523	2594	2640	2424	2565	2681	2664	2499	2372	2674	2793	2765	3037	2734	2910	2524	2651	2498	2549	2647	2652	2631	2586	2516	2585	2523	2680	2948	2892	2830	3333	3271	3246	2510	2606	2704	2627	2502	2638	2986	3014	2971	2455	2449	2392	2381	2312	2357
1:09:17	2440	2687	2494	2596	2465	2561	2551	2653	2462	2606	2575	2715	2667	2708	2668	2542	2548	2565	2792	2626	2620	2607	2549	2516	2533	2621	2671	2531	2519	2624	2911	2904	3084	2599	2568	2494	2458	2583	2676	2762	2857	2892	2486	2426	2358	2501	2420	2496	2619	2515	2471	2524	2507	2743	2654	2613	2492	2707	2739	2702	3058	2925	2853	2463	2430	2607	2616	2669	2595	2600	2506	2517	2568	2661	2501	3039	2927	2783	3353	3545	3446	2616	2557	2689	2614	2620	2652	2897	2986	3192	2503	2449	2419	2532	2446	2362
1:19:17	2536	2558	2582	2441	2455	2539	2557	2597	2518	2738	2725	2789	2628	2759	2716	2516	2681	2625	2752	2676	2640	2572	2560	2550	2460	2608	2562	2649	2580	2450	2952	2887	3096	2612	2539	2600	2656	2693	2601	2874	2830	2853	2429	2370	2490	2566	2475	2540	2482	2485	2536	2600	2427	2673	2599	2549	2475	2751	2840	2926	2889	2819	2870	2524	2611	2581	2775	2772	2526	2598	2481	2695	2589	2551	2474	3197	3054	2935	3715	3651	3674	2513	2673	2644	2760	2625	2490	2980	3082	2999	2408	2418	2447	2349	2387	2476
1:29:17	2546	2710	2656	2544	2506	2575	2390	2551	2662	2666	2605	2723	2869	2768	2749	2514	2478	2549	2688	2706	2665	2474	2527	2484	2600	2695	2504	2702	2432	2706	2961	2805	3064	2608	2528	2767	2603	2566	2595	3044	3090	2979	2413	2480	2441	2445	2388	2380	2432	2523	2514	2585	2669	2684	2635	2607	2604	2859	2890	2882	2867	2850	3027	2596	2670	2726	2752	2687	2683	2573	2409	2601	2737	2634	2696	3309	3167	3008	3768	3872	3748	2544	2602	2768	2679	2685	2731	3190	2980	3116	2434	2571	2468	2494	2631	2429
1:39:17	2471	2605	2529	2490	2422	2581	2554	2463	2660	2636	2748	2788	2822	2816	2792	2576	2624	2702	2672	2656	2705	2498	2662	2575	2614	2662	2620	2651	2729	2677	3002	3007	3149	2495	2680	2550	2641	2629	2742	3133	3001	3020	2470	2366	2504	2415	2400	2407	2590	2675	2669	2685	2683	2678	2536	2673	2709	2847	3043	2870	2943	3067	3096	2528	2601	2645	2631	2706	2699	2689	2427	2552	2766	2779	2611	3570	3469	3297	3860	4102	3873	2753	2697	2675	2699	2841	2798	3278	3212	3200	2503	2320	2554	2460	2516	2495
1:49:17	2478	2622	2675	2531	2477	2589	2631	2678	2686	2581	2722	2845	2842	2855	2710	2563	2696	2571	2797	2638	2645	2551	2656	2560	2646	2560	2685	2602	2630	2591	3061	3107	3266	2635	2694	2621	2590	2745	2686	3067	3104	3083	2480	2274	2429	2497	2464	2458	2558	2566	2470	2641	2671	2704	2589	2532	2719	2907	3259	3087	3183	3123	3013	2648	2575	2584	2649	2716	2782	2564	2633	2462	2776	2732	2723	3667	3636	3446	4275	4193	3981	2799	2830	2708	2808	2815	2776	3198	3298	3273	2523	2400	2552	2439	2450	2429
1:59:17	2571	2741	2752	2627	2560	2680	2572	2545	2632	2802	2728	2892	2746	2733	2697	2554	2504	2665	2593	2707	2737	2619	2633	2419	2654	2596	2552	2798	2796	2764	3049	3184	3404	2766	2774	2750	2623	2684	2679	3122	3130	3161	2448	2392	2458	2493	2505	2437	2586	2604	2673	2627	2729	2744	2543	2535	2494	3259	3136	3108	3095	3168	3358	2667	2611	2613	2773	2704	2831	2525	2629	2689	2844	2696	2657	3952	3673	3492	4308	4541	4492	2856	2730	2876	2823	2894	2885	3548	3382	3369	2465	2509	2365	2413	2538	2534
2:09:17	2599	2773	2647	2496	2635	2661	2610	2560	2692	2712	2740	2788	2865	2889	2738	2637	2542	2684	2744	2839	2772	2600	2636	2528	2630	2834	2809	2592	2807	2858	3150	3269	3322	2656	2732	2666	2684	2722	2973	3283	3168	3313	2400	2487	2397	2415	2348	2495	2551	2646	2702	2612	2754	2720	2655	2689	2622	3236	3215	3294	3307	3329	3314	2637	2619	2701	2849	2839	2858	2617	2651	2733	2777	2669	2727	4100	3975	3723	4815	4808	4719	2823	2829	2967	2867	2828	2930	3528	3505	3404	2525	2438	2449	2463	2398	2331
2:19:17	2660	2652	2685	2555	2482	2620	2596	2655	2658	2610	2690	2911	3071	2877	2817	2652	2599	2592	2755	2854	2918	2653	2616	2624	2657	2818	2806	2726	2816	2766	3185	3304	3351	2668	2700	2697	2715	2762	2605	3218	3373	3343	2416	2457	2455	2416	2390	2524	2632	2525	2700	2780	2701	2670	2511	2529	2560	3451	3436	3369	3397	3358	3396	2615	2651	2591	2902	2864	2786	2625	2688	2480	2874	2874	2914	4450	4224	3938	4956	5064	4948	2813	2882	2986	2951	2906	2978	3702	3651	3800	2408	2470	2417	2322	2421	2364
2:29:17	2566	2880	2827	2669	2617	2639	2682	2688	2728	2781	2746	2848	2923	2938	2858	2629	2639	2777	2858	2915	2771	2726	2608	2567	2722	2709	2769	2727	2835	2743	3380	3413	3464	2653	2656	2727	2679	2791	2740	3281	3220	3540	2433	2428	2448	2473	2424	2555	2724	2860	2624	2733	2741	2796	2678	2716	2624	3747	3616	3480	3690	3503	3680	2578	2663	2649	2891	2825	2922	2677	2604	2751	2935	2891	2866	4543	4347	4134	5479	5489	5273	2913	2936	3122	3084	2946	3036	3825	3792	3796	2403	2442	2543	2318	2455	2349
2:39:17	2426	2851	2659	2691	2645	2694	2591	2613	2724	2685	2748	2775	2877	2958	2951	2650	2731	2722	2921	2839	3023	2583	2709	2593	2771	2619	2893	2821	2762	2886	3316	3417	3532	2911	2706	2749	2566	2835	2850	3440	3430	3634	2406	2359	2414	2565	2405	2446	2746	2797	2671	2867	2834	2838	2782	2564	2687	3754	3780	3574	3661	3858	3675	2788	2712	2682	3068	3075	2946	2763	2627	2676	2966	2980	2987	4805	4652	4519	5577	5859	5585	3078	3073	3126	3015	3080	3079	4051	3901	3965	2462	2391	2475	2346	2423	2376
2:49:17	2561	2715	2751	2646	2586	2727	2596	2670	2732	2758	2881	2904	2878	2967	2977	2832	2719	2850	2884	3024	2960	2663	2741	2735	2709	2862	2807	2860	2862	2971	3421	3428	3507	2747	2809	2885	2740	2880	2868	3434	3491	3515	2436	2339	2408	2521	2442	2459	2781	2820	2765	2978	2835	2999	2699	2681	2646	4118	3986	3701	3832	3835	3950	2772	2735	2833	3063	3071	2984	2714	2569	2690	2960	3081	2814	5134	4963	4525	6236	6290	5975	3286	3248	3247	3052	3012	3105	4157	4210	3930	2376	2413	2347	2305	2545	2493
2:59:17	2437	2790	2876	2746	2725	2848	2694	2661	2896	2777	2853	3094	2968	2881	2878	2730	2681	2740	2858	2984	2954	2654	2649	2777	2498	2815	2855	2763	2759	2725	3448	3458	3639	2802	2819	2820	2720	2821	2737	3396	3625	3723	2374	2513	2465	2485	2413	2394	2768	2724	2905	2919	2902	2953	2705	2911	2762	4186	4145	4238	4107	4152	4083	2666	2845	2823	3136	3187	2996	2645	2737	2855	3077	3054	3141	5500	5289	5154	6684	6587	6373	3290	3259	3396	3084	3262	3329	4332	4334	4160	2383	2576	2343	2375	2467	2363
3:09:17	2614	2754	2867	2795	2721	2747	2644	2716	2822	3015	2871	3026	2986	3050	3023	2694	2861	2898	2928	3015	2893	2736	2708	2710	2715	2645	2928	2793	2867	3048	3556	3436	3515	2902	2862	2823	2834	2909	2765	3482	3576	3612	2457	2376	2375	2482	2470	2535	2893	2707	2805	3055	3069	2928	2760	2786	2722	4257	4297	4058	4146	4163	4279	2741	2779	2859	3129	2981	2915	2802	2836	2935	3245	3085	3084	5378	5452	5382	7188	7295	7161	3348	3404	3539	3298	3362	3195	4545	4477	4292	2567	2314	2398	2442	2429	2416
3:19:17	2630	2788	2833	2829	2796	2756	2781	2808	2972	2859	2841	3009	3098	3122	3104	2746	2868	2957	3068	3045	3202	2855	2727	2764	2660	2802	2682	2769	2853	2780	3403	3489	3648	2891	2821	2800	2727	2929	2882	3651	3806	3883	2509	2374	2425	2429	2343	2461	2701	2681	2864	3049	3150	3050	2728	2753	2756	4626	4549	4331	4260	4428	4369	2794	2873	2709	3221	3242	3128	2786	2828	2751	3183	3045	3176	5732	5843	5713	7584	7736	7492	3252	3421	3576	3225	3080	3433	4371	4486	4280	2479	2417	2463	2364	2481	2479
3:29:17	2555	2897	2732	2732	2722	2724	2762	2861	2796	2951	3062	3040	3025	3063	3057	2749	2781	2766	2930	3053	3105	2803	2685	2670	2723	2792	2854	2825	2869	2852	3360	3792	3559	2974	2918	2681	2702	2918	3012	3632	3693	3856	2468	2480	2350	2524	2380	2437	2704	2637	2939	3145	3072	3188	2801	2772	2597	4619	4687	4675	4622	4548	4673	2891	2905	2926	2890	3129	3051	2921	2768	2972	3258	3272	3171	6094	6120	5767	8002	8320	8236	3672	3542	3663	3285	3395	3371	4534	4567	4562	2443	2467	2429	2332	2364	2351
3:39:17	2688	2928	2732	2750	2704	2795	2741	2800	2867	3008	3062	3110	3150	3157	3236	2804	2907	2638	3123	3015	3072	2701	2703	2666	2751	2834	2774	3000	2704	2762	3570	3805	3589	2891	2767	2698	2649	2851	2967	3846	3849	4038	2383	2462	2406	2564	2547	2504	2650	2775	2814	3192	3206	3146	2988	2931	2865	4738	4991	4726	4919	4838	4698	2767	2897	2826	2947	3336	3209	2863	2803	2813	3352	3313	3280	6411	6488	5960	8712	9011	8562	3802	3706	3897	3290	3397	3436	4842	4771	4794	2418	2351	2415	2320	2419	2341
3:49:17	2748	2922	2709	2744	2643	2766	2844	2886	2875	2947	2969	3178	3225	3365	3169	2791	2873	2813	3142	3016	3212	2852	2711	2685	2751	2905	2770	2734	2707	2883	3582	3785	3682	2827	2794	2930	2752	3081	2978	3803	3871	4219	2433	2395	2353	2373	2427	2350	2645	2803	2979	3274	3299	3326	2880	2912	2779	5154	5178	5031	4984	5141	5010	2921	2892	2865	3085	3206	2983	2914	2948	2904	3286	3444	3362	6848	6729	6316	9210	9238	9115	3880	3981	3932	3415	3514	3434	5037	5206	4943	2394	2456	2429	2397	2373	2364
3:59:17	2672	2664	2657	2926	2599	2691	2761	2867	2877	2939	3048	3011	3122	3392	3204	2765	2839	2612	3105	3180	3102	2764	2776	2746	2812	2859	2742	2893	2864	2852	3649	3785	4005	2951	2762	2870	2905	2899	2953	3962	3909	4154	2447	2453	2549	2462	2401	2427	2789	2895	2967	3132	3189	3238	2939	2809	2825	5144	5246	5072	5299	5254	5373	2775	2812	3004	3374	3202	3138	2853	2790	2691	3207	3482	3459	7188	7231	6704	9712	10016	9950	4054	4006	4338	3539	3517	3501	5180	5181	5263	2351	2366	2371	2405	2379	2312
4:09:17	2721	2775	2788	2819	2731	2510	2705	2824	2871	2920	3160	2939	3085	3407	3220	2751	2780	2776	3011	3188	3085	2794	2673	2784	2803	2969	2717	2893	2865	2943	3748	3984	3896	2807	2851	2849	2965	3013	2950	4020	4230	4078	2401	2490	2444	2321	2525	2418	2802	2681	2799	3084	3102	3293	2913	2935	2839	5424	5699	5409	5597	5446	5413	2847	2801	2935	3345	3363	3089	2750	2880	2728	3364	3490	3502	7539	7463	7326	10093	10294	9850	4237	4200	4129	3677	3651	3473	5427	5372	5570	2378	2428	2508	2479	2388	2362
4:19:17	2764	2859	2672	2716	2672	2742	2814	2946	2906	2905	3000	3055	3074	3310	3309	2764	2933	2808	3167	3287	3139	2758	2861	2752	2821	2885	2821	2848	3072	3083	3961	3912	3970	2870	2900	2929	2822	3077	2972	4103	4248	4370	2371	2457	2517	2450	2385	2321	2786	2812	2814	3120	3106	3161	2876	2943	2864	5730	5641	5592	5704	5728	5527	2871	2817	2936	3391	3439	3231	2902	3066	2829	3432	3541	3384	7955	7655	7498	10698	10927	10699	4405	4368	4359	3760	3572	3569	5711	5543	5709	2426	2446	2406	2304	2304	2501
4:29:17	2666	2850	2748	2820	2854	2860	2712	2693	2758	3009	2891	3023	3204	3363	3277	2728	2684	2715	3257	3392	3206	2809	2775	2690	2796	2903	2920	2928	2928	3095	4068	4007	4219	2886	2975	3028	3057	2991	2998	4246	4385	4294	2466	2466	2355	2513	2423	2503	2909	2972	2717	3401	3241	3273	2918	2742	2859	6023	5843	5630	5834	5910	5780	2844	2874	2858	3541	3389	3173	2819	2869	2760	3604	3393	3365	8660	8324	7617	10715	11957	11440	4620	4589	4481	3682	3593	3808	5940	5712	5757	2449	2447	2292	2407	2419	2339
4:39:17	2699	2764	2971	2676	2796	2807	2926	2765	2997	3098	3024	2980	3296	3364	3460	2767	2754	2870	3421	3456	3282	2755	2788	2779	2823	2816	2867	2978	3051	3184	4053	4318	4434	2932	3132	3112	3031	2990	2986	4135	4427	4556	2480	2525	2317	2472	2514	2411	2843	2720	2885	3624	3223	3242	2977	2827	2879	6010	6291	6091	6036	6192	6314	2916	2868	2872	3575	3681	3301	2841	2826	2812	3651	3569	3601	8720	8410	8333	11202	12331	12094	4696	4843	4722	3674	3675	3861	6113	6052	6302	2473	2362	2408	2239	2428	2484
4:49:17	2736	2837	2914	2723	2815	2796	2641	3025	2892	3277	3050	3098	3358	3359	3509	2574	2665	2876	3174	3401	3332	2857	2650	2671	2767	3020	2905	3167	3073	3256	4126	4290	4472	3058	3225	3279	2873	3156	2984	4430	4463	4632	2397	2361	2521	2574	2455	2487	2949	2886	2808	3504	3328	3513	2935	2866	3026	6477	6305	6152	6393	6325	6887	2884	2908	2894	3499	3590	3399	2975	3052	2907	3773	3875	3908	9413	8959	8641	12379	12785	13157	5043	5018	5022	3871	3769	3994	6368	6355	6360	2418	2543	2466	2413	2520	2458
4:59:17	2859	2974	2915	2825	2841	2815	2780	2838	2838	3074	3180	3184	3319	3496	3518	2661	3009	2927	3394	3416	3350	2869	2842	2686	3031	3048	2970	3089	3106	3252	4306	4722	4595	3074	3129	3276	2972	2996	3009	4596	4849	4705	2419	2449	2431	2426	2481	2333	2998	3096	3013	3609	3428	3552	2927	2939	3042	6769	6837	6311	6857	6567	6714	3039	2932	2973	3669	3638	3452	3062	3055	3087	3947	4007	3930	10089	9393	9098	12751	13740	13131	5289	5314	5219	3914	4119	3891	6584	6565	6736	2439	2517	2412	2424	2417	2368
5:09:17	2849	3039	3007	2874	2847	2903	2807	2914	2806	3137	3182	3301	3495	3494	3567	2820	2778	3038	3197	3549	3481	2827	2936	2735	3047	3045	3070	3094	3119	3225	4668	4783	4766	3243	3215	3368	3183	3195	3193	4721	4806	4977	2504	2368	2419	2422	2362	2391	2877	2982	3041	3634	3621	3551	3116	3048	2917	7214	6967	7005	7290	6865	7383	3123	2980	3068	3581	3846	3734	3056	2925	3027	4152	4160	4020	10187	10025	9719	13525	14450	14040	5518	5390	5279	4166	4050	3967	6952	6946	6894	2422	2475	2492	2313	2412	2313
5:19:17	2869	3082	2996	2684	2915	3044	2860	3056	3034	3292	3156	3349	3443	3590	3678	2791	2893	2925	3496	3502	3666	2949	3018	2957	3134	3242	3211	3306	3321	3154	4660	4966	4966	3246	3288	3483	3105	3322	3205	5010	5061	4962	2421	2452	2364	2447	2363	2362	3056	2995	3020	3624	3633	3553	2968	2993	3050	7644	7451	7356	7140	7308	7636	3157	3070	2979	3861	3861	3659	3070	3106	2998	4223	4152	4102	11129	10409	9860	14312	15119	14633	5594	5625	5445	4386	4121	4213	7375	7226	7345	2495	2598	2422	2339	2506	2458
5:29:17	2928	3034	2863	2920	2860	2876	2650	3051	3029	3237	3213	3292	3596	3796	3722	2857	2874	3002	3684	3680	3679	3029	3011	2910	3389	3212	3401	3077	3264	3345	5038	5344	5241	3486	3303	3602	3418	3313	3498	5016	5232	5232	2501	2492	2342	2309	2351	2382	3032	2999	3074	3771	3746	3594	3122	3081	2892	7589	7431	7461	7995	7815	7992	3058	3176	3021	3807	3864	3724	3102	2878	2885	4390	4634	4258	12497	10887	11276	15389	15678	15722	5927	6096	5715	4336	4284	4390	7554	7464	7750	2489	2453	2461	2294	2579	2473
5:39:17	2974	3082	3047	2872	2861	2977	2880	2821	2939	3219	3380	3506	3571	3658	3755	2934	2881	3071	3594	3786	3731	2908	3102	2892	3394	3394	3464	3219	3268	3254	5222	5531	5188	3354	3516	3690	3356	3458	3342	5216	5525	5506	2533	2219	2481	2394	2482	2482	3001	3008	3068	3866	3845	3676	3001	3147	3038	7957	8052	7457	8315	8149	8474	3231	3180	3099	3978	3985	3710	3146	3267	3122	4615	4704	4691	12795	11323	11696	16118	16688	16384	6170	6129	5885	4575	4626	4472	8001	7655	7830	2498	2426	2463	2396	2402	2363
5:49:17	2896	3220	3033	2961	2972	3030	2812	2933	2951	3425	3448	3544	3643	4001	3893	3045	3055	3084	3651	3813	3923	2954	2951	2778	3349	3591	3590	3077	3208	3322	5277	5714	5591	3656	3741	3690	3364	3488	3420	5596	5559	5708	2379	2525	2421	2547	2430	2518	3110	3044	3107	3919	3795	3702	3273	3123	3016	8462	8369	8016	8903	8401	9115	2972	3156	3219	4095	4143	3926	3074	3329	3085	4652	4980	4626	14872	12402	12647	16940	17545	16815	6548	6507	6115	4545	4491	4563	8406	8199	8362	2394	2480	2452	2348	2443	2312
5:59:17	2970	3113	3074	3098	2981	3109	2875	2983	3169	3589	3545	3406	3748	4118	3858	2950	3082	3142	3902	3808	3785	3036	3019	3076	3459	3628	3548	3269	3382	3357	5610	5867	5767	3601	3683	3705	3510	3597	3418	5632	5654	5607	2450	2360	2488	2360	2555	2408	3260	3073	3162	3805	3928	3813	3144	3116	3114	8855	8724	8238	9054	8898	9164	3176	3165	3125	4106	4053	4026	3293	3273	3240	4973	5069	4812	16324	13260	13506	18485	18911	18491	6749	6981	6474	4859	4801	4807	8951	8608	8713	2355	2289	2542	2306	2361	2404
6:09:17	3000	3275	3027	2966	3159	3105	2899	2942	3109	3652	3448	3537	3863	4140	4077	3018	3036	3267	3939	4049	4070	3093	3057	3068	3551	3751	3615	3358	3385	3489	5929	6243	6098	3987	3931	3960	3560	3737	3607	5835	6051	6003	2356	2278	2374	2472	2427	2439	3152	3238	3151	3860	4203	3861	3169	3285	3137	9400	9259	8838	9484	9364	9935	3167	3071	3243	4308	4254	4245	3208	3287	3265	5282	5197	5087	17624	14075	15200	19152	20436	19953	7199	7081	6683	4847	4875	4906	9529	8956	9185	2392	2429	2389	2334	2492	2379
6:19:17	2950	3121	3207	3141	3086	3191	2965	3048	3048	3524	3671	3697	4085	4221	4315	3104	3180	3123	3995	4039	4350	3100	3160	3107	3778	3938	3784	3355	3267	3316	6096	6643	6681	3705	4006	4110	3553	3646	3715	6031	6065	6367	2397	2499	2364	2517	2327	2421	3269	3219	3211	4073	4196	3955	3111	3302	3151	9812	9907	9297	10151	9788	10350	3244	3132	3207	4262	4233	4012	3285	3282	3333	5415	5440	5161	18192	15621	15870	20497	23092	20725	7431	7501	7007	5133	5085	5087	9962	9612	9654	2456	2277	2375	2298	2345	2438
6:29:17	3064	3107	3153	3205	3008	3170	2958	3160	3016	3660	3605	3707	4214	4417	4337	3032	3067	3228	3976	4206	4536	3085	3043	2998	3859	3985	3932	3449	3564	3465	6345	7161	7877	4023	4190	4378	3834	3886	3845	6084	6635	6488	2431	2390	2455	2341	2349	2548	3223	3325	3279	4072	4195	4080	3292	3364	3259	10236	10283	9593	10577	10342	10583	3292	3199	3155	4560	4601	4125	3228	3252	3278	5565	5928	5686	19911	16690	17457	21576	27404	23715	7611	8017	7348	5340	5210	4958	10650	9888	10665	2365	2457	2437	2251	2587	2360
6:39:17	3139	3249	3075	3190	3037	3239	3087	3299	3127	3880	3634	3898	4211	4440	4452	3153	3255	3246	4099	4235	4513	3194	3077	3150	4100	4139	4013	3496	3634	3489	6645	7307	8671	4267	4326	4199	3807	3869	4087	6615	6851	6444	2357	2443	2561	2383	2433	2403	3306	3373	3298	4252	4241	4108	3381	3372	3160	10780	10903	10002	10959	10747	11419	3193	3270	3349	4827	4808	4405	3388	3369	3478	5950	6141	6216	20589	18157	18299	24281	29317	27336	8486	8958	7958	5532	5385	5260	11566	10997	11705	2357	2402	2407	2358	2500	2413
6:49:17	3176	3420	3180	3072	3194	3164	3062	3323	3098	3862	3849	3925	4208	4441	4739	3100	3079	3294	4201	4363	4846	3045	3106	3212	4168	4700	4210	3700	3701	3588	6516	8310	9206	4471	4585	4578	3835	3926	4216	6801	6875	6737	2413	2279	2364	2420	2511	2391	3340	3233	3321	4476	4506	4125	3426	3330	3332	11250	11071	10677	11674	11408	11872	3357	3277	3319	4972	4961	4588	3380	3428	3491	6115	6968	6615	21151	18789	19333	27653	32674	29777	9108	8962	8374	5799	5533	5305	11904	11761	12609	2364	2376	2444	2372	2274	2348
6:59:17	3171	3216	3238	3080	3194	3243	3206	3123	3197	3937	3919	3799	4463	4812	4621	3219	3250	3326	4224	4579	4840	3084	3049	3132	4103	4652	4532	3575	3755	3720	6933	8915	9629	4713	4906	4883	3895	4234	4120	7383	7804	7016	2380	2384	2416	2329	2273	2494	3280	3448	3351	4572	4364	4212	3541	3301	3311	11431	12275	11725	11840	11984	12739	3456	3372	3394	5234	5280	4783	3404	3352	3487	6622	7485	7142	22298	19503	20009	31468	34370	31832	9347	10188	8964	6114	5793	5406	12526	12800	12860	2432	2356	2287	2496	2540	2367
7:09:17	3136	3364	3220	3158	3143	3263	3040	3244	3212	3921	3968	4057	4625	4991	4862	3200	3336	3350	4747	5016	5062	3070	3252	3106	4355	5023	4972	3739	4012	3663	7017	9532	9903	4661	4778	5006	4125	4289	4420	7737	8203	6857	2405	2340	2378	2400	2353	2411	3353	3512	3431	4630	4515	4352	3460	3429	3321	12204	12953	12383	12720	12617	12881	3407	3455	3526	5359	5267	4893	3660	3519	3415	7138	7713	7458	23576	21052	21443	33406	35269	32695	10074	10652	9303	6160	6038	5971	13925	13240	13360	2459	2282	2289	2467	2421	2290
7:19:17	3167	3511	3310	3276	3218	3284	3190	3415	3223	4174	4131	4030	4905	5112	5012	3190	3351	3276	4957	5158	5068	3121	3230	3148	4496	5196	5122	3930	3949	3933	7537	9614	10592	4994	5281	5077	3896	4359	4538	8318	8338	7019	2363	2506	2497	2352	2377	2294	3427	3472	3497	4970	4554	4412	3518	3481	3423	12399	14198	13081	12748	13335	13628	3502	3414	3324	5676	5708	5195	3476	3638	3599	7860	8358	8139	25111	21918	21905	36364	36722	34064	10570	11072	9854	6568	6505	6171	14843	13786	13731	2450	2529	2403	2438	2416	2425
7:29:17	3241	3493	3243	3217	3280	3373	3283	3217	3408	4314	4281	4198	4990	5146	5114	3343	3348	3347	5107	5174	5030	3180	3273	3171	4567	5320	5365	3899	3966	3936	8439	10129	10919	5133	5565	5317	4302	4588	4551	8986	8569	6954	2422	2354	2487	2396	2468	2360	3427	3615	3468	5161	4856	4476	3818	3676	3278	13393	15270	14375	13539	14097	14241	3600	3389	3479	5726	5819	5449	3630	3541	3691	8259	8933	8429	26064	23310	23555	38380	38544	35533	11501	11713	10941	7224	6935	6607	14938	14292	14313	2427	2396	2420	2220	2429	2435
7:39:17	3445	3518	3394	3168	3285	3356	3127	3365	3285	4457	4247	4251	4948	5165	5354	3263	3557	3410	5093	5502	5451	3309	3182	3255	4639	5448	5336	3924	4164	4114	8897	10483	11311	5533	5707	5352	4326	4855	4912	8704	9052	7343	2349	2409	2360	2444	2406	2366	3595	3751	3522	5320	5109	4707	3549	3615	3425	13685	16040	15345	14458	15220	14983	3700	3651	3656	6171	5978	5664	3701	3794	3570	8980	9334	8891	27458	24329	24111	39840	39294	37358	12311	12219	11306	7123	7130	6938	16019	14740	15423	2351	2543	2397	2354	2567	2396
7:49:17	3314	3558	3348	3231	3375	3358	3255	3479	3242	4494	4628	4248	5240	5294	5469	3442	3458	3390	5198	5632	5524	3252	3239	3115	4763	5754	5705	3972	4209	3779	9580	10768	11596	5604	5823	5714	4360	4871	4793	9548	9433	7441	2323	2268	2479	2443	2370	2349	3625	3754	3557	5511	5292	4677	3760	3621	3584	13732	17097	16043	14822	16217	15980	3794	3469	3702	6279	6374	5964	3635	3820	3832	8965	9744	9488	27675	25863	25499	42026	41890	39705	12922	12996	11947	7545	8001	7286	16118	15562	16351	2479	2397	2423	2358	2573	2311
7:59:17	3392	3692	3479	3309	3634	3384	3284	3399	3439	4707	4577	4420	5416	5380	5627	3506	3540	3509	5137	5304	5658	3413	3311	3334	4951	6009	5766	4071	4040	4204	9565	10968	12030	5667	6040	6071	4394	5113	5005	9615	10053	7335	2405	2384	2441	2509	2457	2473	3702	3865	3819	5805	5328	4834	3798	3630	3674	14158	18012	16809	15804	19390	17320	3890	3585	3757	6378	6364	5833	3895	3989	3844	9513	10069	9722	28092	26343	26496	43992	44178	42506	13370	13398	12718	7492	7940	7481	16876	15782	16519	2457	2533	2282	2419	2361	2293
8:09:17	3400	3566	3475	3304	3494	3516	3363	3441	3431	4810	4835	4403	5330	5633	5827	3486	3616	3609	5279	5355	5737	3438	3509	3420	5079	5904	6070	4298	4379	4054	9564	11382	12155	6100	6123	6006	4493	5204	5176	10224	11077	7363	2371	2361	2436	2499	2336	2318	3766	3984	3760	5903	5848	5070	3922	3832	3677	14157	18934	17786	16225	20632	17727	3892	3837	3863	6252	6526	5957	3943	3867	4027	9628	10131	10238	28487	26997	27065	44698	45594	44078	13617	14085	12952	8007	8525	7537	16905	16695	16908	2472	2444	2398	2463	2485	2357
8:19:17	3539	3761	3626	3496	3518	3688	3270	3531	3574	4847	4860	4554	5651	5903	5747	3497	3675	3789	5626	5676	5797	3319	3518	3551	5003	6122	6365	4470	4321	4096	10078	12041	12497	6191	6285	6284	4518	5305	5497	10935	11640	7454	2421	2348	2517	2464	2419	2548	3946	4196	3935	6289	5803	5264	4007	3871	3775	14892	20708	17737	18032	20987	19378	4108	3848	4049	6527	6486	6230	4148	4151	4141	10174	10605	10249	28758	27559	27843	47104	47615	45999	13797	14286	13112	8098	8435	7896	17381	17026	17600	2396	2357	2396	2427	2375	2405
8:29:17	3621	3831	3737	3486	3607	3702	3399	3572	3454	5112	4884	4527	5733	6141	6077	3516	3828	3829	5815	5613	5909	3468	3444	3600	5306	6308	6412	4311	4490	4145	10376	12054	12824	6084	6487	6446	4661	5439	5568	11317	11790	7625	2397	2380	2464	2439	2401	2461	3827	4195	3858	6350	5950	5065	4153	3900	4012	15347	21552	18353	18334	21954	20795	4030	3889	3994	6922	7062	6457	4167	4234	4189	10464	10568	10853	29480	28448	28584	49997	48982	46449	14510	14631	13478	8773	8913	8138	17385	17024	17884	2401	2348	2398	2404	2563	2260
8:39:17	3657	3876	3778	3484	3770	3638	3413	3692	3883	5362	5114	4676	6021	6408	6313	3467	3626	3803	5868	5549	6003	3648	3645	3462	5452	6312	6464	4668	4499	4241	10757	12308	12916	6212	6536	6483	4705	5569	5674	11673	12222	7535	2261	2254	2437	2501	2373	2298	3787	4144	3936	6351	6239	5312	4226	4155	3781	16097	22330	19028	19394	22237	21706	4055	4059	4144	6894	6974	6310	4146	4128	4215	10296	10715	10943	29374	29156	28180	49512	49336	47414	14731	14757	13782	8923	9125	8229	17807	17302	17772	2432	2435	2364	2408	2357	2367
8:49:17	3767	3893	3692	3544	3815	3861	3479	3679	3709	5376	5079	4678	6088	6431	6505	3520	3807	3814	5895	5696	6014	3557	3626	3634	5391	6671	6732	4413	4686	4311	11178	12468	13279	6204	6602	6792	4735	5589	5936	12332	12681	8147	2455	2336	2403	2450	2380	2340	4097	4095	4217	6451	6238	5486	4200	4359	3989	15432	22609	19436	19962	23236	23193	4158	4123	4068	6669	7134	6515	4419	4353	4325	10748	10816	10881	29786	29119	29382	50308	50966	49371	15046	15257	13864	8912	9326	8512	18330	17152	18186	2357	2412	2335	2259	2447	2334
8:59:17	3729	3929	3689	3621	3863	3881	3666	3835	3958	5430	5205	4803	6062	6568	6725	3549	3850	3953	5864	5880	6114	3718	3803	3609	5612	6685	6706	4522	4769	4270	11191	12571	13618	6496	6750	6510	4849	5900	5975	12653	13079	8396	2442	2400	2413	2476	2420	2592	3996	4105	4223	6763	6213	5331	4300	4464	4242	16523	22765	19529	20588	24063	24019	4075	4257	4244	7272	7231	6738	4402	4454	4319	10820	10970	11078	30365	29240	29134	51706	51052	50008	15791	15376	14028	9275	9358	8709	18108	17429	18362	2380	2443	2529	2128	2346	2370
9:09:17	3690	4069	3783	3822	3904	3851	3597	3879	3832	5417	5254	4828	6040	6663	7085	3711	4080	3819	5999	5673	6126	3796	3695	3659	5743	6742	6905	4709	4479	4546	11502	13360	13720	6315	6675	6840	4681	5920	6492	13096	13274	9215	2402	2405	2398	2445	2384	2352	4240	4280	4201	6789	6359	5328	4512	4339	4207	17222	23410	20513	20345	25084	25564	4385	4243	4288	6978	7483	6714	4435	4430	4311	11293	11151	11467	31081	30051	29380	53289	52415	50713	15714	15827	14695	9363	9501	9134	18310	17518	18334	2368	2352	2403	2402	2353	2433
9:19:17	3904	4085	3914	3860	4039	3876	3700	3922	3894	5537	5310	4989	6167	6466	7131	3671	3924	4081	5911	5559	5983	3642	3917	3789	5893	7050	7030	4580	4886	4177	11653	13234	14374	6560	6868	6848	5018	6195	6196	13441	13447	9155	2416	2458	2471	2452	2336	2451	4444	4405	4334	6924	6461	5394	4617	4665	4274	17382	23668	20510	20114	25512	26345	4339	4279	4312	6981	7527	6852	4559	4494	4450	10968	11287	11391	30950	30112	30129	54306	53660	51890	15770	15728	14361	9553	9815	9334	18487	17884	18584	2336	2340	2358	2209	2411	2340
9:29:17	3769	4048	3897	3856	3832	3893	3837	3910	4004	5598	5456	4800	6395	6740	7446	3943	4067	3895	6085	5728	6487	3652	3929	3835	5962	7130	7394	4763	4710	4570	12050	13513	14355	6877	6869	6742	5125	6370	6209	13207	13648	9671	2425	2333	2377	2476	2386	2494	4360	4268	4159	7097	6523	5406	4498	4535	4428	17827	23877	20909	21253	27216	26792	4352	4420	4283	7258	7472	7008	4634	4452	4668	11322	11536	11452	31826	31201	31373	56765	56252	53844	16069	16426	14993	9520	10036	9145	19261	18518	18986	2286	2394	2355	2410	2495	2316
9:39:17	3932	4330	3857	3824	3945	3943	3627	4146	4102	5837	5490	4909	6197	6588	7692	3707	4023	4122	6188	5962	6404	3825	4000	3984	6101	7354	7148	4935	4845	4424	12345	13766	14491	6642	6807	7088	5029	6374	6452	13440	14007	9557	2324	2360	2343	2381	2338	2426	4308	4490	4144	7143	6580	5528	4691	4825	4524	18500	24679	21040	21226	27990	27562	4443	4483	4403	7270	7539	7129	4684	4637	4586	11368	11926	11699	32288	31694	31299	57666	57266	55203	16681	16506	15069	9851	10439	9601	19726	19318	19088	2425	2359	2356	2243	2400	2337
9:49:17	3854	4051	3949	3767	4075	3981	3948	3993	4102	5656	5619	5037	6246	6518	7777	3943	3975	4080	6258	5843	6403	3843	4011	3829	6236	7414	7346	4746	4842	4383	12629	13157	14876	6862	6803	7085	5044	6353	6512	13545	14392	9793	2414	2485	2289	2505	2457	2394	4300	4482	4382	7160	6788	5581	4675	4702	4581	18682	24111	21258	21125	28302	28088	4509	4344	4453	7540	7814	6895	4664	4673	4623	11673	11758	12025	32190	31528	31338	58259	56710	54037	16643	16130	14940	9539	10298	9512	19425	19131	19087	2434	2316	2487	2325	2457	2368
9:59:17	3997	4371	4046	3920	3973	4141	3880	4011	4179	5893	5732	4930	6411	6981	7972	3893	4309	3999	6363	5877	6593	3858	3810	3921	6147	7464	7151	4783	5029	4583	12778	14018	14693	7075	7167	7001	5088	6393	6601	13610	14254	9970	2407	2500	2328	2418	2165	2315	4521	4510	4418	7290	6681	5553	4794	5049	4601	19433	25104	21563	22060	29253	28660	4564	4495	4598	7563	7660	7084	4760	4724	4626	11852	12460	12234	32666	32242	31813	58670	58383	56125	17570	16993	15416	9753	10297	9665	19925	19538	19700	2380	2437	2349	2246	2387	2378
10:09:17	3827	4482	4073	4028	4145	4090	4023	4079	4194	5819	5694	4859	6763	6541	7908	3913	4085	4080	6521	5892	6647	3924	3931	3927	6282	7549	7443	4884	4902	4518	12864	14020	14765	7019	6878	7016	5205	6560	6688	13900	14817	9736	2432	2391	2440	2411	2401	2409	4390	4634	4341	7496	6938	5513	4826	4798	4719	19766	25215	21418	22553	29978	28788	4543	4650	4504	7481	7961	7061	4791	4653	4808	11831	12138	12004	32854	32080	31955	60820	59264	56249	17181	16973	15438	10028	10440	9531	19790	19706	20519	2420	2360	2379	2226	2403	2466
10:19:17	3845	4258	4067	3952	4299	4151	3978	4089	4279	5772	5860	4938	7023	7022	8068	4074	4180	4179	6493	5915	6526	3935	3918	4026	6460	7675	7421	4800	5063	4551	13062	14014	15124	6882	7298	7326	5088	6439	6766	13948	14415	10345	2383	2328	2404	2555	2426	2407	4349	4626	4515	7362	6998	5675	4986	4911	4740	20280	25603	22247	22839	30325	29146	4755	4569	4644	7770	7951	7363	4824	4738	4789	11734	12201	12037	33381	31931	32020	61065	58351	56361	17703	17542	15474	10069	10476	9575	19899	19960	19833	2426	2463	2277	2360	2415	2393
10:29:17	4009	4387	3977	4047	4093	4146	4156	4235	4218	5924	5880	5084	7169	7250	8239	3955	4205	4301	6406	6202	6839	4116	4113	4161	6592	7822	7631	4884	4927	4383	13411	14101	14941	7075	7034	7155	5237	6666	6772	14332	14521	10417	2382	2412	2314	2424	2443	2492	4579	4601	4723	7403	6963	5638	4926	4999	4858	21231	26249	21656	23057	31052	29872	4527	4591	4722	7924	7802	7267	4816	4788	4798	11926	12477	12574	33245	32851	32936	61296	58411	57542	18058	18142	15406	10382	10789	9847	21148	20884	19947	2344	2340	2366	2402	2333	2453
10:39:17	3932	4291	4096	4073	4236	4163	4063	4156	4210	5980	5767	5166	7091	7249	8498	4200	4122	4207	6726	6103	6609	4039	4009	4008	6579	7744	7761	4852	4983	4402	13489	13906	15290	6942	7197	7334	5267	6740	6710	14294	14657	10392	2440	2346	2416	2329	2388	2310	4654	4570	4833	7574	7074	5724	4958	4978	4881	21777	26352	22091	23069	30893	30255	4766	4612	4678	7731	8058	7397	4688	4817	4906	12164	13039	12766	33834	33658	32717	62168	59202	57400	18267	17971	15869	10419	10758	9966	20447	20487	20073	2424	2237	2426	2389	2389	2381
10:49:17	4120	4290	4104	4146	4041	4229	4086	4398	4329	5955	5989	5140	7192	7328	8565	4088	4240	4219	6442	6049	6700	4051	4136	4172	6548	7815	7792	5100	4866	4635	13313	14211	15662	7024	7308	7203	5500	6691	6851	14754	14543	10550	2375	2445	2391	2500	2418	2391	4654	4805	4619	7569	7147	5831	5055	5014	4812	21559	26423	21869	23629	30718	30733	4657	4704	4762	8025	8169	7484	4936	4927	5049	12092	12717	12776	33270	33398	33099	62954	59831	56764	18186	18071	15650	10589	10514	9883	20744	20444	20196	2368	2294	2359	2291	2367	2268
10:59:17	4165	4396	4094	4278	4149	4050	4365	4308	4239	5960	5806	5193	7494	7291	8694	4051	4271	4079	6474	6175	6781	3963	3910	4012	6697	7989	7754	4938	5160	4302	13567	14524	15605	7047	7317	7475	5601	6668	6997	14826	14815	10434	2406	2479	2434	2309	2374	2315	4596	4778	4613	7777	7504	6049	5116	4955	4840	21572	26650	21753	23553	31371	30193	4695	4758	4880	7971	7909	7468	4863	4932	4822	12068	13067	12715	33626	33286	33216	62515	60645	57166	18624	18200	16100	10593	10706	9985	20858	19967	20503	2394	2403	2347	2349	2352	2289
11:09:17	4337	4357	4098	4190	4287	4398	4053	4409	4303	6060	5887	5318	7519	7516	8755	4025	4495	4303	6468	6262	6969	4041	4086	4101	6522	7928	7830	5127	5162	4540	13608	14425	15361	7584	7371	7571	5466	6985	7023	14792	14872	10485	2536	2398	2471	2452	2447	2384	4797	4593	4551	7695	7273	6052	4927	5197	4991	22595	26707	22142	24160	32211	31120	4774	5000	4935	8226	8325	7554	4934	4899	4956	12365	13067	12796	34003	33997	33917	62514	62076	58075	18735	18067	16341	10690	10817	10085	20791	20615	20511	2308	2352	2413	2200	2433	2223
11:19:17	4000	4521	4103	4078	4305	4195	4192	4312	4252	6031	5902	5287	7482	7501	8731	4261	4403	4314	6675	6069	6908	4147	4086	4111	6744	7789	8007	4874	5088	4565	13774	14812	15419	7477	7381	7686	5466	7100	7151	14767	15022	10415	2424	2410	2281	2486	2297	2352	4570	4850	4862	7881	7379	6475	5097	5084	5080	22562	27480	22060	24182	31774	31091	4841	4893	4772	8129	8239	7645	4969	5122	5113	12497	13227	13161	34517	33878	33473	63136	60400	58562	18552	18601	16496	10589	10848	10204	20892	20529	20876	2417	2369	2418	2336	2383	2277
11:29:17	4034	4642	4127	4202	4237	4284	4263	4454	4516	6088	5988	5262	7561	7593	8710	4294	4386	4227	6799	6196	6812	4265	4235	4071	6884	7964	7833	5094	5106	4690	13972	14563	16217	7430	7430	7483	5528	7081	7308	15028	14531	10798	2431	2397	2290	2444	2494	2293	4496	4909	4743	7855	7605	6364	5095	5199	5110	23228	26758	22604	24532	32745	32392	4992	4985	4770	8126	8266	7829	4963	5083	5113	12747	13079	13174	35549	34944	34597	65138	62246	59530	18663	18827	16780	11025	10986	10602	21234	20807	20888	2223	2371	2406	2323	2387	2358
11:39:17	4101	4514	4258	4191	4382	4424	4174	4532	4385	6141	6030	5303	7539	7559	8784	4287	4229	4229	6860	6183	6749	4111	4093	4332	6662	7969	7895	5232	5087	4734	14040	14958	15757	7551	7505	7724	5541	7158	7238	15049	15033	10978	2329	2229	2379	2444	2392	2421	4649	4994	4803	7813	7574	6403	5093	5191	4936	23265	27497	22975	25017	32677	32195	4857	5086	4935	8101	8455	7804	5121	4866	5023	12949	13181	13293	35495	34970	34794	66659	62681	60029	19416	19257	16661	11205	11482	10223	21325	21558	20536	2283	2427	2351	2254	2458	2379
11:49:17	4087	4423	4081	4157	4411	4570	4229	4366	4450	6216	6101	5269	7758	7556	8881	4055	4451	4297	6766	6261	6955	4249	4195	4224	6643	8052	8067	5166	5001	4671	14043	14314	15813	7120	7491	7475	5657	7147	7194	15033	15040	10478	2390	2332	2360	2461	2407	2443	4802	4862	4809	7941	7771	6327	5338	5193	5241	22843	27181	22776	25259	32652	31906	4856	5076	4955	8443	8357	7760	5138	4936	4903	12853	13416	13369	35096	33800	34442	67352	62475	59916	19169	19310	16790	10879	11043	10467	21816	21367	20697	2329	2431	2268	2259	2436	2303
11:59:17	4029	4448	4211	4037	4342	4414	4359	4381	4596	6258	6051	5235	7918	7761	9098	4222	4401	4360	6925	6236	6956	4153	4107	4172	6823	8043	8082	5174	4992	4656	13901	15160	15928	7539	7556	7385	5474	6804	6994	14944	14791	10482	2374	2328	2269	2458	2414	2322	4622	4885	4779	7899	7978	6399	5372	5331	5145	22708	27218	23100	25009	32573	33085	5085	4828	4757	8106	8452	7912	5016	5165	5169	12692	12972	13345	34826	34917	34530	69460	62722	59800	19233	19367	16728	11123	11664	10664	22077	21599	20935	2399	2389	2418	2400	2271	2297
12:09:17	4228	4526	4170	4270	4313	4258	4394	4414	4419	6156	6199	5404	7962	7816	8894	4376	4479	4432	6907	6192	6816	4271	4305	4180	6821	7888	8072	5072	5082	4499	13894	15409	16166	7444	7178	7742	5563	7134	7142	15032	14822	10675	2268	2304	2410	2357	2395	2307	4833	5117	4912	7939	7717	6496	5352	5267	5005	23063	27057	23440	25045	32929	32376	5141	4929	4953	8573	8400	7898	5283	5065	5157	12946	13206	13347	34950	35329	35022	67535	63852	59884	19296	19637	16823	10919	11440	10308	21937	21307	20490	2355	2447	2327	2371	2351	2245
12:19:17	4061	4425	4068	4394	4218	4435	4409	4396	4442	6340	6034	5371	7669	7794	8896	4505	4253	4425	6825	6102	6700	4462	4274	4325	6833	8141	8010	5303	4891	4567	14179	15355	15772	7354	7392	7390	5554	6993	7073	15041	14613	10487	2400	2370	2349	2302	2531	2394	4661	4902	4962	8037	7823	6670	5267	5570	5130	22921	27177	23659	25778	32502	33328	5002	5064	4922	8277	8278	7702	5324	5200	5027	12734	13220	13681	34322	34607	35176	67091	62533	59816	19047	19644	17147	11245	11519	10719	21856	21009	21014	2523	2367	2374	2293	2424	2324
12:29:17	4112	4307	4310	4395	4424	4371	4439	4427	4377	6214	6076	5291	7822	7862	9121	4361	4278	4416	6890	6055	6908	4411	4322	4273	7039	8116	8207	5240	4939	4673	14328	15021	16222	7244	7531	7436	5780	7429	7198	15033	14626	10614	2215	2445	2301	2401	2310	2457	4749	5158	4993	8214	7884	6691	5293	5419	5323	23405	27939	24226	25695	33919	33314	5005	5126	4955	8346	8397	7671	5250	5192	5275	12801	13484	13490	33740	34094	34814	68131	63945	61066	19449	19676	16397	11090	11824	10696	22028	20790	20657	2379	2316	2406	2334	2321	2373
12:39:17	3900	4641	4314	4267	4227	4405	4342	4510	4640	6294	6105	5243	8051	8198	9188	4274	4309	4276	6923	5910	6856	4287	4289	4266	6975	7982	7963	5386	5005	4578	14082	14990	15973	7473	7528	7368	5680	7120	7281	14946	13972	10184	2325	2276	2485	2430	2436	2289	4757	4944	4961	8145	8057	6814	5290	5500	5316	23099	27628	23692	25979	33442	33169	4995	5275	4988	8483	8347	7794	5370	5032	5166	12947	13045	13709	33366	34159	34466	68868	63905	59485	19123	19064	16850	10889	11775	10695	21409	20622	20249	2411	2410	2309	2308	2208	2391
12:49:17	4089	4534	4264	4290	4221	4561	4540	4494	4481	6121	6206	5357	8192	8320	9178	4294	4356	4407	6725	6037	6398	4198	4299	4166	6865	7948	8111	4885	4992	4735	14284	14349	15985	7258	7426	7168	5661	7284	7464	14537	13961	10241	2483	2454	2370	2444	2304	2428	4748	4855	4926	8205	7920	6715	5543	5406	5141	22821	27261	23640	25916	33680	33327	5023	5166	5092	8259	8314	7839	5416	5119	5275	13005	13483	13246	31820	33331	34314	67043	63384	59864	18867	19544	16857	11076	11445	10680	21591	20340	19941	2421	2425	2339	2207	2469	2359
12:59:17	4265	4300	4209	4320	4302	4382	4275	4576	4639	6317	6328	5230	8420	8195	9166	4362	4369	4231	6928	6115	6599	4220	4300	4269	6745	7930	8210	4914	4827	4486	14553	14591	15896	7198	7160	6830	5675	7092	7065	14595	13280	10121	2396	2435	2220	2393	2329	2406	4722	4836	4880	8114	7928	6519	5472	5498	5491	23368	28057	23799	25998	33946	34061	5012	5050	4966	7990	8074	7730	5153	5354	5230	12591	13298	13068	30890	31866	33867	66991	62485	59617	19153	19287	16530	10887	11510	11082	20786	20070	19756	2479	2309	2206	2390	2490	2265
13:09:17	4189	4442	4183	4217	4328	4459	4424	4454	4505	6221	5861	5340	8180	8228	9186	4392	4241	4286	6996	5960	6570	4201	4312	4325	6718	8099	7957	4900	4928	4601	14477	14474	15646	7294	7228	7096	5465	7122	7276	13658	12991	9791	2441	2320	2319	2435	2284	2267	4656	4958	4857	8167	7871	6662	5609	5323	5392	23084	27789	23446	26320	33612	34752	5089	4992	5132	7895	8175	7731	5179	5236	5230	12561	13381	13732	29651	30492	32719	65827	60964	59326	18947	18849	16676	11130	11486	10680	20042	19262	19556	2288	2400	2358	2273	2333	2357
13:19:17	4194	4298	4115	4367	4385	4376	4534	4441	4469	6403	5927	5352	8221	8263	9133	4311	4324	4241	6925	5884	6355	4209	4257	4350	6973	7673	7694	4802	4790	4653	14627	14102	15337	7113	7045	6795	5628	7118	7039	13542	12855	9813	2345	2406	2308	2437	2405	2514	4613	4885	4793	8059	7616	6839	5409	5563	5536	23476	27641	23644	26530	34442	34234	5062	5118	4965	8174	8076	7418	5268	4922	5277	12357	12763	13037	28952	29836	31840	65964	58383	58796	18811	18305	16281	10831	11544	10661	19601	18818	18573	2343	2367	2354	2451	2488	2349
13:29:17	4210	4482	3951	4352	4390	4253	4575	4714	4585	6429	5943	5226	8105	8073	9194	4282	4361	4401	6708	5728	6409	4389	4290	4327	6740	7400	7591	4848	4763	4496	14072	13552	14876	7111	6653	6840	5628	6857	6811	13117	12551	9656	2418	2387	2528	2367	2325	2337	4539	4925	4730	7910	7988	6927	5462	5533	5433	23062	27027	23930	26436	33708	33685	4922	5063	4955	7915	7929	7421	5172	5248	5093	11643	12780	12851	27865	29101	30584	62667	58414	57248	17600	18177	15732	10781	11032	10680	18835	18308	18198	2439	2279	2362	2313	2385	2304
13:39:17	4206	4546	4159	4326	4442	4393	4433	4635	4646	6280	5888	5137	8379	8185	9179	4287	4240	4298	6470	5798	6431	4363	4202	4375	6567	7275	7321	4910	4774	4457	13203	13332	14507	7241	6380	6487	5417	6596	7092	12588	12470	9367	2406	2232	2393	2392	2362	2305	4554	4819	4825	7586	7788	6649	5520	5497	5384	22573	26332	23684	25726	33529	33699	4703	5031	5064	7767	7706	7334	5249	4986	5471	12111	12402	12700	27188	27917	30143	59686	56864	54695	17402	17554	14995	10544	10620	10465	18524	17697	17801	2338	2457	2282	2389	2409	2485
13:49:17	4059	4417	4076	4366	4253	4272	4442	4436	4494	6229	5911	5033	8545	8164	9253	4298	4166	4300	6297	5637	6498	4144	4332	4277	6454	7270	7229	4885	4833	4471	13074	12880	14135	6907	6637	6487	5617	6517	7098	12344	11974	9438	2463	2464	2386	2433	2163	2373	4436	4670	4675	7685	7450	6876	5578	5507	5387	21872	25853	22974	26473	33249	34183	4877	4845	4924	7492	7509	7392	4995	5037	5141	11305	12059	12386	26611	26806	28865	59378	54498	51580	16885	16938	14767	9886	10397	10459	17954	17095	17437	2383	2324	2299	2348	2383	2264
13:59:17	4077	4501	4178	4340	4424	4274	4478	4458	4451	6191	5885	5094	8296	8266	9122	4186	4299	4235	6419	5669	6234	4347	4136	4186	6447	7220	7390	4764	4650	4487	12747	12312	14012	6547	6554	6333	5140	6407	6639	12350	11417	8995	2340	2270	2255	2381	2376	2374	4375	4738	4740	7235	7262	6571	5248	5329	5600	21024	25277	23000	26738	33790	33907	4788	4834	4817	7541	7329	7160	4863	4897	5067	11034	11640	12089	25731	26259	27641	58120	52002	50150	16248	16378	14017	10012	10270	10128	17837	17035	17076	2370	2351	2408	2359	2337	2339
14:09:17	4095	4401	4233	4322	4351	4297	4371	4703	4370	5879	5637	5122	8017	8050	8871	4322	4333	4632	6493	5563	6062	4299	4225	4252	6350	6978	7073	4783	4587	4562	12834	12038	13036	6683	6487	6297	5092	6480	6589	11534	11462	8988	2370	2359	2407	2353	2336	2488	4420	4583	4689	7503	7098	6569	5250	5344	5298	19822	24162	21219	25507	32832	34214	4837	4788	4836	7139	7290	7069	4915	4880	4931	10918	10939	11440	24921	26095	26977	54827	50693	47751	15572	15965	13995	9781	9995	9847	17097	16737	16914	2366	2299	2398	2310	2370	2335
14:19:17	4109	4480	4196	4472	4249	4272	4647	4273	4444	5773	5535	5059	8678	7938	8907	4202	4396	4270	5985	5662	5885	4105	4040	4095	6216	6831	6950	4617	4728	4575	12287	11742	12861	6454	6431	6316	5378	6215	6590	11930	11541	9009	2363	2339	2459	2475	2345	2385	4482	4551	4634	7137	7171	6361	5212	5377	5479	19588	23361	21692	26637	32040	32554	4711	4787	4701	7198	6905	6799	4954	4956	4789	10717	11275	11535	24714	25108	26291	53453	49120	46727	15202	15447	13385	9790	9817	9530	16572	16453	16418	2282	2333	2290	2312	2469	2372
14:29:17	4141	4294	4076	4467	4169	4203	4343	4481	4379	5951	5594	5132	8332	7842	8465	4254	4467	4384	6097	5629	5823	4236	4137	4005	5987	6839	6958	4680	4653	4611	11960	11560	12918	6599	6393	6182	5133	6341	6408	11148	10948	8698	2305	2398	2418	2428	2321	2336	4352	4629	4575	6956	6842	6293	5190	5201	5437	18532	22770	20367	25233	31039	31943	4514	4472	4743	7022	7047	6944	4864	4793	4723	10583	11237	10923	24193	24312	26087	51942	48344	45538	14922	15342	13098	9633	9563	9438	16424	15650	16225	2389	2349	2476	2374	2461	2371
14:39:17	3958	4442	4169	4120	4390	4232	4513	4513	4426	5732	5375	5107	8270	7766	8635	4241	4288	4258	5952	5462	5704	4189	4168	4019	6133	6744	6973	4668	4600	4476	11836	11200	12508	6357	6285	6153	5138	6080	6491	11111	11040	8638	2317	2354	2284	2380	2365	2289	4401	4671	4386	6991	6853	6187	5232	5085	5247	18163	22531	19933	24639	30769	31130	4572	4639	4696	7083	7014	6828	4868	4797	4969	10249	10681	10613	23868	23954	25311	50707	46932	44572	14681	15219	13026	9372	9583	9378	16208	15649	15589	2348	2297	2365	2231	2383	2269
14:49:17	3997	4731	4147	4171	4108	4428	4661	4482	4330	5665	5661	5129	8320	7668	8120	4320	4227	4327	5890	5535	5879	4225	4139	4177	5943	6491	6568	4622	4596	4519	11615	11055	12197	6111	6415	6124	4878	6211	6321	10930	10696	8408	2350	2457	2441	2393	2493	2414	4418	4495	4596	6984	6395	6322	4950	5250	5333	17836	21994	19448	24375	30020	30461	4354	4550	4648	6634	6642	6560	4878	4684	4788	10040	10464	10679	23850	23595	24696	49790	45676	44096	14577	14958	12707	8954	9235	9219	16066	15385	15537	2341	2330	2450	2254	2372	2267
14:59:17	4096	4475	4160	4214	4307	4150	4371	4259	4322	5514	5346	5011	7825	7374	8409	4103	4151	4308	5863	5567	5719	4160	4213	4214	5867	6418	6620	4632	4585	4491	11234	10555	11873	6151	6085	6097	5246	6023	6082	10439	10603	8414	2331	2441	2379	2378	2490	2479	4376	4451	4454	6777	6515	6117	5092	4939	5218	17087	20970	18600	23773	28343	28397	4639	4472	4653	6912	6735	6509	4858	4615	4725	9964	10368	10822	23273	22914	24255	47503	44129	42116	14319	14398	12052	9005	8726	8845	15234	15052	15156	2451	2312	2322	2386	2307	2322
15:09:17	4150	4455	4038	4317	4260	4274	4345	4347	4368	5558	5448	5206	7804	7377	8015	4225	4142	4348	5819	5607	5627	4208	4174	4242	5884	6189	6580	4860	4477	4344	10987	10783	11803	6247	6117	6101	4876	5877	5932	10492	10504	8540	2487	2459	2520	2310	2397	2442	4316	4502	4512	6750	6314	5930	5074	5045	5211	17723	20662	18663	23031	28219	27904	4444	4592	4683	6608	6435	6593	4869	4524	4742	9827	10307	10529	23459	22695	24286	47809	42931	41501	13670	14821	12112	8883	8912	8940	15497	15147	14994	2393	2341	2250	2305	2321	2248
15:19:17	4202	4292	4089	4201	4249	4291	4346	4331	4408	5571	5364	5175	7607	7333	7723	4187	4097	4321	5856	5549	5690	4266	4121	4111	5783	6453	6518	4518	4583	4565	10809	10399	11586	6166	5828	6016	4982	6011	5941	10537	10387	8401	2475	2442	2468	2357	2323	2370	4517	4446	4598	6635	6420	6013	4876	4857	5016	16766	20560	18130	22930	26932	27620	4668	4515	4641	6533	6480	6437	4811	4713	4668	9700	10111	10440	23351	23227	24231	46423	42963	40944	13755	14782	11929	8857	8767	8720	15475	14938	14774	2492	2386	2383	2284	2285	2326
15:29:17	4180	4328	4010	4269	4191	4187	4373	4453	4251	5561	5227	5140	7726	7270	7674	4184	4135	4235	5954	5569	5761	4185	4158	3983	5846	6248	6516	4739	4441	4553	10727	10487	11106	6116	6065	6263	4876	5695	5759	10066	10148	8273	2532	2310	2373	2385	2220	2404	4312	4339	4589	6734	6275	6061	5061	4842	5057	16276	20050	17456	22360	26055	26950	4438	4494	4492	6600	6465	6533	4675	4676	4734	9718	10201	10199	22515	22289	23606	45436	42319	40320	13712	14355	12030	8388	8874	8603	15199	14701	15001	2359	2276	2358	2282	2369	2312
15:39:17	4128	4323	4234	4067	4289	4216	4294	4422	4287	5527	5334	5150	7367	7101	7469	4285	4178	4356	5864	5464	5599	4093	4243	4471	5687	6321	6572	4478	4489	4555	10563	10599	11105	6071	5956	6148	4962	5709	5890	10033	10344	8228	2385	2318	2479	2402	2381	2345	4338	4390	4407	6490	6294	6078	4976	4776	4962	16042	20184	17762	21792	26092	25878	4481	4475	4485	6548	6350	6613	4532	4535	4621	9609	10163	9990	22220	22436	23621	44692	41376	39022	13347	14336	11960	8485	8791	8323	15070	14869	14351	2339	2311	2263	2387	2324	2346
15:49:17	4201	4293	4011	4189	4375	4298	4193	4504	4267	5518	5141	4965	7330	6670	7474	3992	4110	4307	5676	5456	5639	4077	4156	4118	5794	6250	6331	4637	4473	4439	10491	10394	10740	6028	6060	5976	5123	5747	5833	9997	10041	8136	2384	2375	2357	2348	2416	2301	4425	4475	4425	6535	6051	5864	4628	4913	4887	15753	19621	16594	20897	25352	25144	4549	4344	4623	6463	6535	6356	4721	4711	4821	9309	9817	10290	21843	22442	23171	43913	39860	38941	12901	14222	11806	8205	8865	8396	15013	14311	14735	2245	2289	2358	2311	2469	2231
15:59:17	4190	4460	4002	4154	4399	4306	4289	4191	4284	5283	5104	5071	7243	6888	7631	4155	4316	4387	5623	5327	5581	4190	4069	4188	5606	6355	6237	4584	4720	4462	10212	10096	10651	6025	5719	5931	4844	5808	5731	9985	10234	8089	2282	2350	2343	2380	2351	2410	4457	4264	4484	6479	6294	5874	4990	4856	4920	14045	18870	16389	20723	24898	24764	4407	4526	4558	6487	6450	6170	4734	4635	4716	9192	9668	9721	22429	21700	22035	42363	40015	37795	12857	13686	11659	8155	8748	8323	14630	14367	14473	2363	2294	2367	2312	2427	2279
16:09:17	4074	4383	4188	4334	4181	4344	4143	4435	4215	5585	5064	5131	7197	6620	7294	4132	4287	4255	5498	5548	5506	4148	4232	4207	5632	6137	6313	4451	4644	4501	10175	10271	10484	6074	5874	5820	5030	5666	5844	9962	10225	8361	2415	2398	2329	2370	2334	2353	4434	4517	4624	6374	6347	5840	4940	4885	5030	14009	18789	16486	20296	24566	24029	4314	4521	4581	6350	6550	5992	4707	4546	4631	9262	9548	9838	22196	21730	22706	42358	39449	37842	12732	13669	11589	8203	8436	8108	14658	14296	14380	2450	2331	2342	2217	2294	2234
16:19:17	4222	4379	4029	4192	4297	4257	4268	4224	4301	5346	5142	5036	7060	6580	7396	4188	4409	4167	5556	5489	5643	4343	4226	4264	5608	6038	6299	4583	4639	4572	10497	10208	10212	5986	5624	5738	4995	5736	5724	9877	10022	8499	2339	2287	2268	2384	2451	2384	4447	4494	4458	6406	6136	5846	4691	4889	5025	13684	18785	16310	20347	24434	23573	4497	4495	4563	6521	6623	6347	4859	4712	4661	9393	9693	9580	22120	21872	22524	41759	39332	37699	13147	13512	11471	8306	8354	8297	14219	14268	14322	2245	2283	2311	2365	2464	2223
16:29:17	4081	4524	4066	4078	4320	4274	4237	4234	4498	5144	5172	5039	7007	6496	7453	4057	4128	4386	5666	5374	5461	4112	4114	4207	5751	6209	6047	4557	4443	4536	9964	9910	10190	5786	5490	5728	5032	5890	5858	9907	10021	7848	2406	2349	2394	2380	2323	2254	4381	4398	4333	6323	6056	6006	4886	4867	4747	12875	18287	16120	20038	23558	23507	4458	4443	4711	6463	6459	6176	4715	4542	4831	9300	9751	9613	21930	21652	22261	41152	39011	37218	12836	13692	11141	7997	8445	8028	14300	14342	14117	2376	2456	2290	2325	2262	2296
16:39:17	4022	4294	3898	4235	4441	4287	4364	4357	4197	5466	5122	5035	7226	6376	7282	4184	4153	4296	5827	5409	5549	4203	4124	4301	5600	6133	6270	4621	4518	4477	10035	9923	10283	6145	5579	5693	5015	5795	5728	10103	9924	8134	2370	2406	2365	2538	2245	2341	4389	4468	4426	6300	6021	5604	4691	4759	4750	12736	18248	15922	19921	23811	23119	4357	4368	4483	6464	6382	6265	4588	4561	4735	8720	9506	9502	22168	21712	22299	41710	38410	37157	12735	12984	11452	8069	8458	8113	14307	14111	14267	2433	2356	2349	2265	2326	2392
16:49:17	4307	4329	4114	4185	4337	4361	4334	4262	4364	5207	5318	5083	7053	6411	7225	4078	4196	4412	5633	5385	5567	4178	4116	4404	5737	6052	6278	4720	4523	4430	10204	9883	10339	5859	5581	5636	4950	5515	5643	9669	9917	8356	2387	2358	2431	2350	2337	2438	4361	4335	4314	6523	6135	5979	4770	4909	4615	12685	18154	15715	19940	23458	22771	4448	4478	4401	6305	6482	6033	4735	4606	4667	9006	9273	9669	22007	21568	22252	41573	38316	36781	12925	13213	11138	8220	8168	8140	14721	13753	14322	2383	2472	2287	2286	2291	2191
16:59:17	4184	4552	4185	4033	4381	4238	4465	4374	4250	5411	5003	4907	6880	6508	7077	4171	4183	4146	5619	5581	5581	4029	4217	4176	5557	5997	6035	4438	4367	4526	9822	9479	10207	5841	5745	5807	5025	5666	5620	9806	9856	8419	2449	2365	2307	2416	2339	2335	4328	4293	4508	6401	6056	6001	4883	4797	4937	12580	18186	15520	19831	22775	22201	4483	4257	4496	6307	6233	6062	4699	4514	4602	9151	9531	9334	22099	21443	22258	40891	37760	35805	12328	13268	10736	8095	8090	8111	14493	13862	14195	2317	2382	2342	2255	2456	2307
17:09:17	4267	4427	4045	4270	4294	4256	4297	4229	4355	5406	5233	5104	6768	6342	7198	4292	4174	4347	5742	5388	5532	4030	4147	4186	5527	6036	5991	4611	4599	4580	10078	9758	10009	5757	5591	5622	5037	5690	5637	9520	9622	8177	2251	2333	2376	2551	2320	2406	4345	4448	4356	6360	6073	6036	4912	4921	4840	12524	17701	15305	19323	22391	21536	4606	4382	4478	6235	6282	6000	4649	4451	4545	8733	9264	9295	21652	21879	21501	39968	37280	36291	12131	12968	10697	8241	8051	8052	13973	13583	14267	2434	2414	2268	2254	2336	2231
17:19:17	4173	4291	4198	4386	4254	4336	4182	4273	4196	5277	5105	5052	6949	6461	7282	4103	4319	4153	5972	5359	5490	4189	4171	4195	5534	6105	6193	4492	4601	4462	9794	9689	9819	6024	5616	5592	4954	5782	5642	9653	9745	8300	2339	2236	2331	2351	2367	2272	4310	4434	4435	6558	6126	6038	4851	4747	4841	12670	17735	15414	19023	22039	21967	4456	4462	4540	6204	6441	6249	4597	4504	4541	9104	9106	9142	21992	21617	21865	40098	37446	35896	12256	13039	10788	7951	8096	8093	14369	13854	14372	2361	2309	2297	2254	2387	2187
17:29:17	4184	4385	4293	4032	4257	4321	4200	4257	4308	5285	5006	4851	6593	6629	7060	4127	4218	4236	5517	5433	5500	4254	4215	4257	5397	6126	6130	4519	4612	4485	9822	9752	10354	5872	5618	5544	4836	5577	5465	9552	9682	8292	2372	2322	2288	2279	2430	2366	4386	4444	4284	6423	6104	6002	4791	4737	4788	12613	18074	15365	19344	21838	21801	4516	4357	4620	6300	6245	5961	4663	4623	4631	8896	9516	9060	21978	21504	21775	39649	37230	35978	12353	12796	10689	7963	8196	8032	13921	13480	14043	2356	2292	2391	2347	2400	2346
17:39:17	4305	4292	4004	4230	4200	4154	4234	4244	4400	5176	4877	5059	6702	6238	7010	4163	4329	4096	5715	5387	5565	4163	4274	4253	5468	6179	6022	4359	4401	4476	9939	9609	10078	5858	5619	5599	4855	5751	5731	9800	9618	8024	2411	2280	2386	2387	2295	2367	4395	4398	4289	6412	6152	5825	4709	4863	4651	12052	18128	14673	18661	21618	21752	4425	4461	4513	6475	6356	6136	4712	4640	4826	8694	9426	9160	22026	21297	21384	39564	36975	36055	12153	12684	10451	7979	8091	7840	14017	13810	13873	2369	2385	2255	2263	2257	2338
17:49:17	4101	4366	4125	4316	4148	4209	4246	4336	4080	5329	5078	4944	6601	6413	6927	4273	4168	4210	5605	5112	5417	4309	4158	4225	5501	6062	5913	4446	4585	4501	9572	9719	9732	5451	5506	5547	4859	5723	5584	9417	9843	8016	2350	2436	2377	2343	2426	2358	4380	4360	4463	6402	6044	5885	4894	4594	4758	12626	17142	14634	18782	21524	21006	4338	4497	4578	6097	6372	6207	4682	4444	4549	8669	9106	9166	21429	20549	21516	39207	36769	35235	11131	12535	10515	7555	7905	7956	14137	13354	14048	2350	2346	2413	2252	2303	2310
17:59:17	4176	4419	4184	4218	4317	4343	4349	4179	4407	5391	5130	5075	6359	6207	6776	4160	4273	4204	5539	5431	5564	4343	4161	4262	5199	6146	6001	4460	4542	4483	9724	9679	10093	5546	5472	5408	4913	5518	5615	9689	9673	7967	2429	2403	2328	2386	2325	2353	4317	4496	4262	6272	6025	6001	4681	4797	4705	12603	17223	13943	18523	20818	20895	4523	4607	4439	6310	6302	5912	4550	4564	4638	8765	9129	9299	21693	20652	21142	38850	35550	35119	11067	12708	9885	7930	8084	7633	13919	13368	14118	2298	2348	2424	2330	2317	2349
18:09:17	3981	4397	4136	4312	4546	4422	4265	4425	4294	5329	5189	4921	6451	6209	6890	4279	4336	4250	5693	5407	5534	4064	4112	4308	5257	6042	6099	4599	4495	4542	9996	9371	10005	5560	5406	5483	4877	5544	5456	9401	9462	8154	2437	2305	2322	2274	2308	2351	4410	4487	4429	6258	6066	5981	4683	4607	4743	12728	17066	13412	18504	21334	20791	4521	4425	4605	6205	6198	6012	4533	4563	4375	9179	9028	9188	21241	21238	21332	38759	35098	34851	10339	12785	9441	7744	7832	7633	13639	13345	13735	2335	2290	2279	2237	2411	2265
18:19:17	4392	4405	4266	4350	4439	4147	4242	4368	4274	5218	4964	5034	6450	6257	6860	4208	4283	4369	5493	5669	5427	4291	4048	4470	5331	6085	6056	4390	4584	4596	9769	9661	9901	5611	5352	5499	4904	5544	5659	9061	9712	7895	2416	2305	2281	2345	2354	2424	4322	4397	4331	6271	6061	5800	4717	4682	4765	12425	17246	13722	18227	20920	21185	4417	4330	4412	6478	6292	6118	4613	4594	4710	8942	9057	9201	21860	21242	21896	38525	36339	35368	10892	12663	9594	8233	7987	7846	13968	13080	14295	2281	2350	2274	2242	2333	2337
18:29:17	4301	4393	4111	4252	4410	4172	4392	4233	4382	5009	5093	5078	6433	6136	6891	4191	4266	4236	5609	5341	5446	4131	4264	4233	5378	5904	5949	4518	4694	4329	9748	9660	9844	5432	5503	5510	4995	5550	5538	9288	9527	8232	2270	2304	2383	2343	2359	2345	4348	4430	4422	6271	5882	5948	4766	4982	4746	12509	16942	12721	18413	21169	21247	4686	4544	4574	6284	6338	5926	4649	4714	4718	8934	9204	9040	21025	21368	21045	38044	35818	35535	10505	12416	9302	8112	7973	7891	13695	13074	14011	2409	2322	2327	2313	2271	2212
18:39:17	4304	4547	4120	4381	4276	4240	4183	4299	4295	5208	5138	5068	6387	6139	6711	4176	4198	4262	5578	5413	5516	4196	4129	4337	5307	6216	6026	4583	4553	4672	9902	9687	9591	5491	5575	5522	4973	5469	5453	9041	9694	8470	2430	2378	2347	2458	2254	2299	4511	4516	4442	6439	5995	5963	4880	4761	4714	12175	17102	13029	18186	20815	21243	4476	4523	4398	6033	6298	6131	4729	4532	4582	8847	9212	9105	21031	21000	20764	37893	35432	35563	10340	12381	9441	7862	7792	7870	13376	13558	14191	2365	2389	2314	2321	2343	2265
18:49:17	4281	4657	4247	4305	4466	4305	4406	4262	4278	5085	5251	5058	6392	6225	6586	4151	4303	4207	5691	5423	5509	4127	4138	4242	5261	6060	5965	4571	4462	4494	9774	9693	9669	5496	5302	5396	4908	5643	5517	9238	9528	8396	2370	2299	2336	2411	2391	2395	4451	4628	4385	6303	5928	5922	4825	4852	4631	12309	16743	13052	18055	20546	21134	4583	4463	4363	6429	6152	6031	4703	4611	4497	8798	9371	9081	20954	20119	20895	37453	35404	35567	10263	11870	9414	7895	7689	7597	13660	13208	14350	2399	2397	2282	2153	2283	2368
18:59:17	4274	4516	4113	4371	4347	4320	4228	4306	4381	5139	4890	5223	6487	6150	6432	4243	4283	4247	5617	5286	5529	4185	4287	4282	5385	6037	6007	4643	4507	4557	9779	9448	9653	5594	5526	5591	4958	5539	5465	9144	9604	8095	2313	2328	2269	2402	2370	2261	4354	4414	4321	6344	6204	5883	4730	4722	4652	12384	16592	12675	17689	19956	20560	4486	4717	4505	6469	6085	6212	4579	4674	4753	8607	9063	8821	20344	19660	20622	36635	34877	34439	10084	11929	9075	7876	7472	7824	13399	12498	14174	2352	2334	2374	2264	2384	2307
19:09:17	4195	4418	4198	4260	4217	4116	4396	4275	4368	5146	4988	5037	6475	6039	6405	4293	4200	4326	5584	5092	5424	4219	4261	4385	5112	6054	5890	4514	4539	4433	9699	9149	9623	5564	5567	5648	4957	5452	5489	9219	9524	8268	2467	2372	2215	2376	2233	2207	4367	4654	4530	6459	5830	5932	4782	4708	4644	12523	15988	12186	17192	19557	19847	4465	4363	4513	6248	6173	5962	4417	4703	4723	8674	8970	8708	19882	19855	20702	36673	34645	32637	10294	11189	9002	7894	7594	7812	12897	12311	14001	2441	2352	2379	2303	2270	2368
19:19:17	4259	4414	4061	4218	4434	4212	4294	4417	4374	4976	4846	4990	6538	6288	6175	4185	4236	4226	5635	5509	5254	4128	4392	4297	5280	5858	5845	4592	4541	4334	9455	9157	9739	5566	5423	5714	4984	5466	5418	8833	9407	8120	2414	2391	2478	2339	2397	2322	4450	4594	4452	6346	6091	5996	4728	4874	4661	12275	15854	12349	17142	20326	19122	4477	4471	4471	6233	6079	5635	4579	4378	4634	8562	9001	8664	19281	19527	20762	37160	34476	32862	10005	10777	9006	7533	7437	7549	12486	12419	14062	2360	2322	2335	2262	2289	2290
19:29:17	4160	4440	4225	4303	4424	4311	4347	4357	4383	5100	5038	5062	6436	6113	6188	4286	4351	4362	5479	5242	5353	4315	4494	4250	5193	6015	6160	4582	4449	4576	9489	9169	9812	5483	5480	5534	4961	5548	5499	8762	9414	8069	2266	2339	2327	2328	2243	2301	4413	4479	4506	6097	5953	5861	4622	4918	4562	12302	15594	12408	16481	19929	18201	4496	4446	4545	6262	6389	5854	4400	4727	4598	8594	9168	8776	18686	19701	20413	37448	33491	32494	10295	10403	9207	7499	7114	7682	12687	12304	13541	2377	2452	2284	2290	2388	2234
19:39:17	4337	4420	4222	4385	4490	4315	4459	4270	4368	5183	5071	5092	6158	5881	5825	4332	4288	4312	5339	5516	5248	4285	4129	4149	5350	6041	6057	4360	4562	4657	9668	8835	9622	5573	5555	5596	5073	5489	5478	8728	9197	7710	2387	2338	2390	2429	2335	2339	4320	4555	4503	6220	5928	6103	4737	4765	4763	12177	15275	12175	15838	19374	17856	4446	4547	4436	6312	6231	5995	4682	4616	4479	8317	8811	8482	18288	19248	20346	35939	32653	32475	10050	10293	9199	7531	7089	7500	12094	12107	13418	2292	2360	2302	2283	2311	2314
19:49:17	4240	4395	4102	4264	4503	4214	4209	4408	4548	5173	4969	4937	6200	6041	6215	4125	4296	4457	5569	5182	5113	4256	4486	4408	5239	5881	5914	4540	4571	4439	9437	9176	9667	5534	5482	5449	5003	5503	5643	8769	9383	7741	2315	2360	2344	2358	2333	2344	4412	4420	4297	6393	5922	6054	4900	4661	4617	12478	14708	12470	16022	19716	17941	4561	4574	4529	6283	5996	5972	4843	4543	4462	8433	8735	7935	18138	19025	20508	37123	33112	32620	10237	10412	9209	7400	6616	7674	11660	11721	13269	2270	2318	2277	2159	2284	2261
19:59:17	4123	4333	4382	4195	4394	4476	4317	4575	4440	5064	5008	5030	6364	6148	6145	4172	4333	4647	5507	5549	5403	4436	4384	4371	5197	5864	5880	4574	4480	4544	9845	9080	9760	5564	5533	5564	5032	5698	5611	8516	9128	7349	2409	2414	2260	2418	2249	2354	4467	4506	4542	6166	5925	6052	4649	4666	4707	12392	15045	12526	16244	19684	17120	4528	4497	4446	6321	6054	5708	4483	4476	4704	8471	8817	8125	18391	18797	20846	37234	33235	32278	10203	9889	9415	7591	6674	7675	11660	11839	13343	2315	2313	2340	2231	2326	2264
20:09:17	4176	4463	4191	4309	4393	4424	4489	4332	4426	5124	5203	5041	6354	6036	6023	4208	4387	4235	5590	5204	5188	4305	4527	4362	5355	6038	5842	4439	4563	4684	9478	8659	9595	5459	5522	5592	4980	5545	5528	8472	9215	7339	2338	2325	2323	2373	2331	2434	4656	4601	4626	6388	5919	6040	4820	4645	4912	12774	14775	12353	15609	19498	16913	4394	4517	4603	6254	6205	5679	4625	4461	4633	8347	8695	8078	17690	18510	20443	36456	33177	31044	10328	10059	8954	7531	6769	7514	10841	11525	13092	2503	2298	2321	2281	2278	2172
20:19:17	4237	4453	4229	4551	4236	4502	4351	4209	4463	5101	5039	4973	6288	6073	6145	4253	4324	4299	5547	5372	5212	4158	4405	4231	5341	5960	5974	4740	4550	4674	9421	8675	9463	5603	5518	5713	4932	5455	5531	8055	8894	7000	2295	2398	2383	2364	2366	2357	4162	4738	4592	6061	5848	5991	4917	4922	4675	12522	13291	12220	14999	18298	16069	4583	4515	4616	6301	5910	5759	4624	4628	4570	8515	8677	7643	16295	17424	19553	35364	29797	28429	10240	10167	9233	6965	6740	7273	10672	11119	12861	2379	2381	2321	2438	2365	2285
20:29:17	4291	4474	4285	4478	4464	4502	4438	4152	4482	5296	5092	5247	6218	6163	6074	4094	4397	4260	5374	5481	5394	4358	4337	4464	5145	5807	6052	4479	4624	4520	9028	8728	9402	5587	5561	5544	4729	5532	5409	7964	8762	7222	2252	2305	2447	2279	2349	2332	4379	4676	4379	6138	5576	5916	4860	4731	4745	12730	13205	12724	15073	19225	15653	4474	4637	4568	6242	5893	5537	4759	4716	4739	8291	8893	7493	15839	16569	18606	34893	29409	26708	10166	10334	9553	7180	6474	7276	10728	10667	12469	2309	2411	2384	2286	2391	2256
20:39:17	4307	4411	4346	4496	4273	4398	4366	4294	4335	5047	4988	4854	6316	6085	6128	4310	4289	4390	5366	5347	5242	4289	4355	4264	5386	5877	5931	4545	4579	4753	8917	8338	9791	5441	5623	5506	4980	5461	5472	7556	9013	7147	2346	2352	2305	2354	2447	2344	4334	4496	4568	6042	5534	6052	4626	4794	4664	12665	12885	12557	14732	18393	14792	4524	4543	4379	5853	5799	5599	4676	4535	4516	8233	8636	7309	15038	15374	18327	34139	28852	24821	10423	10107	9294	6813	6590	7207	10162	10467	12651	2498	2445	2343	2290	2376	2210
20:49:17	4140	4524	4159	4421	4476	4464	4567	4388	4539	5228	4893	5309	6282	6189	6133	4330	4305	4381	5537	5383	5179	4249	4356	4267	5157	6031	5998	4645	4544	4515	9180	8340	9501	5701	5466	5669	4917	5472	5519	7140	8338	7062	2434	2323	2315	2364	2281	2455	4508	4606	4658	5900	5868	6059	4657	4871	4879	12777	12822	12400	14962	18285	15316	4607	4493	4597	6191	5969	5509	4517	4752	4873	7923	8592	7283	15171	15013	18608	35251	28528	25866	10483	10104	9305	6764	6733	6977	10539	10599	12626	2387	2385	2384	2278	2228	2291
20:59:17	4339	4288	4194	4333	4468	4423	4625	4441	4489	5061	5054	5232	6165	6114	5995	4270	4283	4433	5517	5595	5128	4370	4378	4274	5352	6038	5852	4572	4610	4425	8614	8255	9669	5554	5530	5498	4939	5610	5220	7010	8074	7105	2269	2349	2389	2337	2346	2533	4605	4495	4522	6076	5724	5967	4660	4676	4599	12980	12894	12512	14756	18096	14938	4621	4519	4500	6175	5845	5708	4506	4647	4735	7510	8439	7350	14642	14670	18180	35502	27638	25050	10235	9919	9526	6638	6608	7014	10395	10222	12365	2362	2410	2355	2160	2399	2260
21:09:17	4230	4355	4228	4396	4384	4502	4231	4475	4467	5207	5158	5077	6209	6081	6025	4368	4330	4287	5358	5383	5375	4250	4389	4369	5193	5803	5716	4533	4565	4431	9189	8121	9616	5564	5530	5536	5142	5578	5549	7333	7849	7104	2292	2299	2303	2302	2269	2316	4544	4544	4682	5995	5841	6080	4678	4711	4771	12765	12949	12514	15451	18442	14775	4583	4375	4532	6220	5955	5659	4573	4823	4512	7404	8247	7391	14897	14768	18156	35503	27852	24883	10328	10433	9074	6875	6548	7054	10127	10452	12244	2306	2455	2284	2330	2180	2231
21:19:17	4293	4581	4107	4421	4365	4442	4303	4488	4504	5135	5172	5097	6420	5981	6136	4275	4161	4399	5482	5332	5262	4248	4308	4313	5381	5779	5841	4598	4445	4622	9009	8094	9883	5334	5474	5626	5017	5647	5407	7067	7177	7056	2362	2280	2454	2350	2376	2274	4525	4452	4352	6238	5705	6060	4760	4690	4609	12542	12950	12485	15134	18170	14697	4463	4432	4648	6296	5783	5564	4789	4626	4582	7371	8349	7478	14685	14621	17031	35474	27867	25565	10254	10017	9120	6698	6815	6740	10228	10088	11983	2280	2332	2379	2238	2268	2227
21:29:17	4351	4483	4331	4490	4240	4489	4379	4436	4625	5165	5067	5151	6382	5899	6292	4217	4168	4402	5359	5453	5126	4342	4329	4227	5228	5867	5858	4457	4605	4595	8922	8045	9673	5558	5720	5651	5174	5578	5269	7338	7244	6966	2317	2288	2397	2418	2304	2252	4513	4550	4488	6036	5582	6107	4732	4733	4713	12552	12789	12554	14878	17960	14732	4542	4570	4499	6160	5878	5577	4671	4611	4623	7204	8098	7438	14764	14897	16660	34778	27987	24890	10453	10420	9479	6701	6974	6828	10350	10353	10933	2359	2420	2309	2262	2334	2359
21:39:17	4232	4528	4332	4348	4450	4389	4476	4374	4362	5281	5045	5065	6272	6087	6143	4552	4273	4401	5384	5624	5156	4350	4274	4397	5384	5862	5685	4538	4486	4647	8862	8218	9660	5576	5652	5674	4953	5559	5251	7160	7191	6986	2350	2271	2287	2441	2315	2383	4545	4760	4584	6090	5712	6215	4747	4709	4729	12640	12838	12499	14749	17370	14688	4524	4622	4658	6411	5902	5513	4667	4563	4679	7212	7863	7384	14758	14792	16256	34416	27782	24947	10263	10281	9355	6805	6605	6695	10297	10104	10439	2427	2345	2202	2218	2390	2289
21:49:17	4288	4606	4303	4547	4433	4661	4331	4462	4468	5128	5083	5013	6212	6051	6219	4409	4354	4293	5356	5277	5297	4266	4141	4361	5275	5759	5767	4477	4579	4552	8977	7984	9629	5586	5614	5821	5066	5842	5219	7439	7355	7158	2371	2195	2373	2333	2361	2222	4518	4449	4552	6227	5687	6076	4758	4694	4743	12550	12806	12422	14241	17136	14835	4415	4601	4510	6226	5804	5618	4608	4588	4633	7167	7440	7353	14767	15278	15631	34637	26736	24885	10306	10401	9292	6811	6689	6928	10194	10628	10485	2443	2354	2309	2245	2302	2332
21:59:17	4243	4497	4258	4398	4442	4452	4407	4535	4588	5151	5098	5053	6105	6143	6161	4425	4378	4390	5104	5336	5247	4448	4186	4421	5133	5592	5823	4640	4594	4552	8898	7724	9902	5549	5649	5648	5082	5553	5238	7226	7275	7099	2339	2349	2361	2386	2390	2268	4447	4521	4555	6073	5614	6035	4685	4886	4691	13012	12904	12602	14342	16397	14754	4390	4530	4591	6011	5824	5726	4851	4766	4674	7237	7569	7286	14786	14438	14610	34517	25704	24255	10439	10341	9257	6799	6867	6871	10299	10549	10530	2408	2215	2474	2333	2292	2201
22:09:17	4266	4386	4256	4399	4433	4464	4389	4494	4390	5050	5197	5190	6149	6229	6031	4360	4371	4348	5298	5396	5158	4364	4353	4302	5491	5721	5842	4515	4575	4586	8883	7731	9554	5702	5639	5773	5037	5582	5367	7282	7175	7203	2326	2272	2294	2357	2301	2289	4420	4599	4427	5970	5615	6064	4876	4864	4655	12742	13168	12585	14869	16550	14949	4502	4550	4512	6288	5652	5569	4640	4615	4606	7328	7309	7386	15135	15226	15063	34674	25451	24513	10594	10134	9435	6890	6613	6713	10481	10350	10286	2342	2410	2276	2315	2382	2279
22:19:17	4412	4671	4313	4361	4282	4577	4397	4438	4560	5043	4995	5135	6170	5994	6170	4467	4331	4386	5127	5586	5104	4330	4426	4326	5262	5743	5843	4529	4720	4437	8690	7703	9559	5642	5775	5620	4844	5410	5171	7394	7196	7105	2369	2311	2326	2406	2421	2249	4529	4675	4498	5783	5692	6243	4859	4708	4600	12701	12899	12468	14564	15844	14713	4501	4594	4634	6105	5770	5390	4808	4703	4672	7506	7287	7435	14705	14652	15206	35114	24909	24310	10366	10194	9284	6804	6846	6777	10372	10273	10357	2417	2307	2295	2175	2368	2329
22:29:17	4344	4437	4257	4537	4441	4480	4434	4442	4560	5260	5134	5123	6109	6136	6051	4394	4350	4355	5250	5804	5148	4330	4361	4406	5417	5676	5614	4513	4559	4712	8753	7925	9815	5487	5751	5680	5070	5643	5171	7010	7317	7178	2394	2341	2355	2341	2389	2265	4438	4622	4615	5694	5681	6044	4752	4798	4778	12985	12868	12709	14377	15133	14619	4596	4603	4597	5889	5475	5505	4617	4834	4536	7173	7481	7523	14938	15134	14839	35770	24932	24045	10359	10288	9720	6818	6828	6738	10201	10272	10609	2382	2406	2230	2281	2346	2385
22:39:17	4486	4506	4392	4380	4280	4544	4382	4490	4504	5318	5045	5144	6165	5882	6116	4292	4246	4425	5246	5406	5140	4480	4321	4235	5303	5759	5682	4537	4549	4657	8644	7727	9501	5458	5608	5556	5033	5685	5232	7189	7188	7196	2289	2338	2308	2276	2307	2349	4359	4649	4641	5835	5647	6048	4801	4634	4690	12495	12538	12626	14608	14926	14496	4765	4683	4713	6156	5614	5415	4752	4682	4704	7354	7202	7408	14808	14729	15084	34858	24859	24310	10689	10117	9503	6767	6853	6804	10260	10428	10680	2155	2244	2354	2254	2385	2282
22:49:17	4326	4545	4281	4516	4285	4393	4290	4429	4591	5072	5166	5167	6252	6341	6200	4606	4414	4407	5054	5425	5316	4456	4387	4402	5078	5521	5974	4531	4280	4606	8564	7738	9770	5485	5710	5560	5077	5399	5088	7372	7064	7309	2507	2326	2310	2419	2344	2328	4534	4703	4590	5593	5453	6130	4677	4718	4729	12803	12678	12646	14660	14617	14702	4488	4633	4627	6232	5656	5556	4654	4605	4784	7339	7259	7196	15117	14972	14576	35078	24794	24870	10577	10374	9671	6625	6774	6624	10138	10360	10650	2326	2473	2321	2279	2349	2322
22:59:17	4470	4447	4166	4631	4460	4586	4431	4456	4433	5124	5183	5197	6179	6357	6248	4433	4367	4276	5326	5341	5180	4451	4291	4351	5212	5341	5456	4600	4565	4480	8581	7792	9622	5707	5552	5544	5140	5383	4997	6980	7136	7079	2313	2461	2318	2540	2354	2353	4609	4646	4548	5637	5525	6020	4890	4855	4747	12676	12914	12959	14692	14446	15005	4642	4520	4563	6040	5830	5532	4786	4677	4608	7046	7454	7625	15083	14909	14863	33992	24926	24202	10408	10251	9588	6786	6933	6595	10351	10202	10656	2358	2307	2235	2336	2275	2214
23:09:17	4393	4430	4279	4426	4465	4455	4467	4513	4539	5219	5125	5066	6108	6240	6175	4176	4286	4452	5170	5379	5177	4445	4267	4347	5356	5426	5758	4617	4612	4720	8227	7838	9447	5661	5652	5673	5071	5453	5021	7150	7449	7338	2380	2245	2300	2365	2343	2243	4290	4489	4449	5478	5652	6003	4638	4677	4608	12630	12696	12607	14434	14336	14971	4537	4509	4660	6419	5811	5565	4553	4604	4680	7388	7544	7239	15264	14827	14480	33501	24750	24236	10431	10313	9417	6641	6806	6796	10109	10458	10373	2347	2352	2355	2272	2460	2346
23:19:17	4398	4480	4329	4270	4536	4506	4474	4473	4539	5109	5160	5195	6160	5961	6200	4391	4207	4447	5148	5343	5264	4337	4330	4320	5428	5499	5172	4546	4615	4541	7894	7697	9737	5490	5627	5765	5096	5086	5154	7050	7097	7136	2218	2357	2340	2398	2294	2340	4579	4723	4711	5764	5342	6204	4929	4909	4746	12866	12842	12699	14536	14669	15170	4467	4542	4500	6113	5638	5435	4641	4763	4796	7418	7330	7408	14920	14775	14713	33137	24586	24501	10671	10282	9578	6743	6598	6886	10240	10673	10592	2286	2378	2281	2364	2283	2337
23:29:17	4331	4368	4299	4419	4432	4473	4429	4633	4491	5184	4958	5258	6281	6296	6072	4576	4354	4317	5241	5441	5179	4452	4440	4439	5370	5433	5388	4635	4381	4557	7822	7829	9312	5722	5675	5932	5113	5286	5197	7199	7300	7419	2341	2384	2344	2388	2395	2412	4493	4629	4774	5557	5492	5990	4800	5031	4819	12717	12977	12732	14596	14413	14862	4584	4577	4708	5917	5753	5568	4705	4701	4642	7297	7360	7505	15236	14822	14575	32711	24694	24767	10928	10379	9430	6736	6879	6877	10109	10390	10668	2346	2324	2347	2312	2382	2272
23:39:17	4413	4387	4168	4463	4374	4575	4465	4385	4554	5217	5096	5194	6104	6166	6284	4157	4250	4269	5206	5559	5147	4393	4329	4427	5286	5396	5252	4697	4516	4627	7781	7709	9496	5738	5720	5603	5156	5297	5099	7258	7204	7187	2329	2224	2296	2349	2335	2404	4445	4654	4624	5604	5677	5976	4890	4854	4975	12723	13007	12866	14664	14534	14875	4564	4526	4482	5767	5625	5641	4732	4755	4692	7438	7520	7478	15167	14901	14580	31699	24543	24866	10473	10723	9392	6665	6859	6805	10330	10486	10926	2454	2433	2355	2309	2451	2368
23:49:17	4455	4420	4293	4412	4480	4349	4463	4503	4774	5165	5252	5291	6222	6071	6075	4351	4285	4283	5286	5437	5356	4418	4398	4377	5335	5274	5272	4664	4627	4615	7780	7761	9403	5820	5506	5664	5061	5009	5156	7415	7305	7233	2315	2404	2390	2229	2220	2341	4598	4672	4735	5708	5675	6271	4931	4843	4799	12824	12937	12735	14399	14804	15056	4670	4507	4662	5898	5637	5601	4695	4732	4557	7205	7475	7593	15244	15062	14881	30568	24471	24510	10916	10405	9453	6619	6987	6795	10309	10359	10554	2315	2273	2218	2237	2446	2352
23:59:17	4468	4265	4439	4519	4631	4632	4530	4524	4439	5431	5201	5184	6250	6168	6158	4338	4361	4395	5361	5495	5257	4421	4263	4458	5552	5567	5347	4691	4639	4549	7897	7549	9085	5594	5639	5728	5222	5196	5178	7091	7124	7249	2378	2347	2302	2408	2334	2198	4481	4706	4657	5554	5533	6134	4856	4724	4883	12819	12984	12723	14614	14707	14819	4476	4644	4545	5692	5701	5686	4819	4783	4646	7208	7432	7516	15106	15386	14832	29961	24515	24739	10640	10429	9722	6845	6722	6866	10124	10580	10607	2388	2361	2302	2220	2264	2288
24:09:17	4436	4304	4486	4242	4460	4503	4564	4458	4485	5212	5018	5273	6125	6099	6179	4382	4336	4420	5085	5317	5258	4308	4356	4357	5115	5414	5461	4762	4482	4603	7699	7527	9302	5537	5825	5740	5186	5121	5083	7217	7422	7104	2223	2351	2331	2340	2289	2334	4452	4614	4555	5576	5503	5957	4782	4866	4815	12592	12951	12727	14427	14427	14823	4527	4642	4653	5697	5672	5650	4719	4799	4730	7284	7427	7606	15300	14945	14576	27852	24535	24657	10674	10350	9733	6886	6758	6738	10306	10483	10764	2282	2276	2284	2362	2307	2293
24:19:17	4466	4471	4378	4550	4348	4449	4549	4495	4576	5238	5122	5191	6156	6178	6061	4397	4432	4413	5210	5553	5288	4335	4273	4392	5450	5460	5273	4619	4728	4666	7702	7838	9534	5592	5717	5573	5164	5055	5073	7428	7237	7117	2326	2381	2295	2327	2266	2346	4673	4425	4587	5864	5611	6208	4858	4807	4736	12646	12929	12826	14448	14905	15301	4697	4649	4515	5831	5550	5559	4647	4668	4650	7373	7347	7535	15132	15187	14840	26441	24709	25015	10404	10614	9440	6842	6925	6857	10178	10555	10590	2385	2403	2389	2219	2331	2218
24:29:17	4373	4324	4293	4411	4452	4430	4373	4478	4523	5080	5359	5099	6087	6053	6059	4506	4463	4445	5084	5542	5311	4475	4345	4214	5210	5398	5292	4650	4598	4688	7859	7660	9209	5662	5716	5821	5039	5245	4922	7465	7366	7248	2390	2249	2393	2480	2204	2282	4602	4599	4654	5635	5601	6181	4928	4959	4812	12894	12756	13203	14426	14558	15410	4562	4737	4693	5686	5606	5682	4618	4795	4791	7324	7345	7587	15035	14997	14805	24925	25380	24817	10752	10610	9475	6826	6633	6909	10371	10533	10472	2436	2403	2306	2292	2368	2273
24:39:17	4548	4323	4474	4229	4396	4374	4513	4360	4455	5120	5187	5270	6192	6040	6073	4461	4394	4428	5130	5411	5159	4573	4376	4443	5119	5395	5565	4583	4677	4608	7793	7863	9225	5884	5862	5868	5236	5116	4983	6970	7235	7005	2349	2381	2256	2316	2399	2407	4705	4551	4483	5776	5567	6259	4997	4998	4879	12619	13007	12924	14432	14825	14993	4571	4564	4691	5791	5601	5463	4787	4899	4785	7307	7596	7538	15219	15153	14864	24588	24856	24886	10467	10444	9356	6950	6760	6902	10567	10553	10614	2388	2428	2321	2246	2303	2348
24:49:17	4378	4550	4310	4391	4378	4350	4432	4517	4515	5186	5084	5270	6165	6234	6216	4420	4447	4398	5374	5339	5228	4569	4213	4464	5290	5083	5472	4602	4728	4597	7623	7671	9019	5754	5772	5711	5327	5112	5138	7476	7395	7118	2368	2373	2282	2364	2273	2294	4580	4645	4450	5721	5616	6068	4864	4838	4754	12676	13064	12672	14564	14624	14986	4535	4587	4624	5650	5565	5489	4774	5041	4850	7209	7537	7429	15165	14847	14609	24500	25322	24919	10617	10531	9451	6981	6700	6901	10499	10577	10869	2349	2338	2267	2191	2416	2245
24:59:17	4286	4484	4511	4382	4407	4755	4411	4565	4612	5254	5150	5317	6211	6280	6107	4409	4435	4322	5396	5366	5163	4406	4271	4507	5475	5349	5289	4659	4575	4468	7690	7838	8892	5673	5715	5723	5036	5234	5114	7275	7227	7413	2343	2381	2327	2343	2354	2283	4695	4717	4625	5661	5741	6342	4690	4800	4749	12410	13074	12837	14809	14963	15232	4631	4761	4700	5666	5658	5782	4727	4774	4621	7377	7272	7403	15324	15373	15261	24625	24873	24748	10526	10573	9615	7001	6898	6811	10098	10603	10560	2363	2295	2274	2246	2248	2406
25:09:17	4423	4234	4439	4544	4448	4639	4367	4680	4574	5282	5112	5240	6109	6102	6083	4240	4558	4446	5360	5251	5213	4332	4419	4315	5364	5376	5298	4625	4545	4693	7733	7863	8882	5767	5896	5524	5267	5076	5100	7284	7387	7286	2473	2364	2344	2285	2285	2374	4541	4607	4826	5775	5658	6032	4884	4815	4933	12730	12974	13176	14908	14489	15017	4595	4653	4635	5799	5795	5719	4712	4817	4564	7303	7612	7491	15175	14876	14786	24558	24533	24520	10654	10661	9571	6917	6705	6997	10056	10543	10816	2257	2280	2313	2263	2381	2311
25:19:17	4367	4431	4518	4409	4432	4479	4430	4644	4565	4988	5265	5164	6366	6334	6157	4432	4426	4386	5193	5396	5286	4295	4413	4313	5416	5317	5422	4580	4467	4724	7598	7818	8661	5749	5779	5904	5113	5083	4975	7130	7222	7171	2360	2247	2374	2330	2434	2433	4740	4682	4659	5630	5657	5976	4734	4781	4859	12759	13018	12806	14475	14465	14933	4632	4704	4679	5782	5723	5547	4806	4876	4902	7413	7580	7438	15577	15073	14911	24468	25009	25101	10687	10803	9468	6974	6789	6783	10158	10477	10518	2399	2340	2257	2118	2348	2406
25:29:17	4440	4421	4456	4468	4430	4530	4385	4558	4662	5463	5260	5318	6239	6154	6293	4381	4434	4514	5079	5252	5206	4497	4292	4268	5218	5650	5420	4595	4486	4883	7600	7806	8246	5844	5790	5946	5096	5117	5244	7259	7213	7511	2332	2402	2381	2404	2218	2326	4583	4558	4584	5759	5771	6259	4743	4783	4913	12761	12836	13144	14556	14867	14938	4567	4621	4463	5666	5819	5676	4888	4794	4613	7520	7463	7584	15125	15111	14651	24673	25333	25115	11142	10612	9320	7262	7071	6980	10139	10938	10863	2380	2234	2249	2259	2284	2229
25:39:17	4368	4409	4430	4507	4274	4466	4495	4474	4680	5122	5098	5241	6243	6204	6291	4419	4375	4407	5213	5288	5192	4515	4450	4203	5318	5337	5536	4647	4441	4692	7776	7876	8199	5657	5586	5737	5095	5126	5092	7393	7421	7414	2468	2297	2273	2294	2265	2384	4671	4627	4848	5724	5753	6162	4746	4774	4751	12898	12866	13157	14942	14677	14830	4675	4570	4840	5612	5689	5629	4755	4773	4743	7451	7348	7542	15182	15118	14876	25166	24963	24796	10618	10641	9615	6945	6820	6834	10050	10911	10763	2410	2295	2297	2191	2316	2213

