mScarlet-i:570,593

Kinetic read	A1	A2	A3	A4	A5	A6	A7	A8	A9	A10	A11	A12	B1	B2	B3	B4	B5	B6	B7	B8	B9	B10	B11	B12	C1	C2	C3	C4	C5	C6	C7	C8	C9	C10	C11	C12	D1	D2	D3	D4	D5	D6	D7	D8	D9	D10	D11	D12	E1	E2	E3	E4	E5	E6	E7	E8	E9	E10	E11	E12	F1	F2	F3	F4	F5	F6	F7	F8	F9	F10	F11	F12	G1	G2	G3	G4	G5	G6	G7	G8	G9	G10	G11	G12	H1	H2	H3	H4	H5	H6	H7	H8	H9	H10	H11	H12
0:07:15	34	15	10	8	11	0	20	11	22	27	14	21	0	17	8	13	0	6	0	0	5	3	4	7	10	11	11	0	0	3	5	22	0	17	16	0	1	22	14	22	0	0	12	1	4	27	6	10	16	11	13	11	11	14	7	16	25	0	9	0	29	7	7	0	8	23	1	0	23	12	0	11	9	12	13	21	7	10	0	32	9	6	11	17	7	0	0	14	0	6	0	31	14	20	11	0
0:17:15	16	1	0	28	28	12	11	23	1	17	0	6	14	10	23	0	0	27	0	0	0	21	10	0	27	4	20	4	20	10	40	0	6	0	21	0	11	0	21	21	7	1	21	17	0	13	9	13	0	3	22	1	0	24	0	19	0	0	6	24	9	6	9	17	13	20	19	2	0	0	3	5	9	16	23	14	13	0	13	25	0	18	11	0	2	1	0	0	15	33	25	9	0	26	0	0
0:27:15	23	14	5	0	12	13	14	18	14	0	26	0	0	0	0	1	0	16	23	1	4	6	0	0	0	0	1	4	2	7	8	27	17	23	28	18	12	0	13	10	0	17	25	30	23	26	0	13	0	18	0	3	7	6	24	11	31	0	31	0	32	18	21	0	19	12	27	8	19	0	12	35	0	0	16	19	0	7	1	0	6	13	0	4	0	24	0	12	18	0	2	4	0	0	0	8
0:37:15	0	12	2	25	0	10	31	0	3	0	0	26	12	10	2	24	7	20	11	0	0	0	0	11	15	1	1	22	0	0	22	18	0	22	22	0	17	3	16	8	6	23	24	18	0	5	38	0	0	15	15	0	31	20	12	10	2	0	25	1	0	33	38	11	1	0	0	22	23	0	0	13	1	0	26	2	6	0	28	0	33	37	0	23	18	0	10	22	8	6	15	2	44	0	8	0
0:47:15	7	0	16	5	10	0	3	22	0	0	0	22	0	9	0	0	0	0	0	18	0	12	17	0	22	0	1	25	17	12	0	17	0	0	0	8	0	0	16	2	18	0	14	16	10	9	14	0	5	31	20	0	18	3	10	7	8	16	15	12	20	0	10	0	0	35	7	20	26	0	24	1	20	21	9	29	3	11	0	17	0	0	10	18	15	14	30	26	0	0	0	2	1	33	40	24
0:57:15	0	25	39	1	27	0	15	7	0	5	0	6	0	15	12	0	23	0	7	11	17	8	22	0	0	0	13	7	25	20	16	23	3	8	0	1	0	0	0	0	0	23	5	5	23	0	5	0	14	0	19	0	9	0	38	8	0	28	34	22	22	0	0	0	26	0	4	30	18	17	11	16	19	0	0	8	18	4	7	16	17	11	0	0	28	7	2	28	5	19	17	27	16	0	0	15
1:07:15	5	1	0	25	12	0	9	1	17	13	6	0	2	29	12	13	10	0	16	0	0	0	0	0	1	0	0	14	0	24	3	5	0	0	4	33	2	2	17	15	13	30	6	0	25	0	5	0	31	0	0	0	6	18	9	2	3	10	21	18	0	0	13	17	0	2	0	13	11	12	3	16	0	5	0	18	16	10	18	10	0	14	25	0	18	11	32	20	13	0	8	11	11	0	16	17
1:17:15	14	22	7	1	21	4	21	11	0	0	6	0	8	0	0	2	7	8	21	6	0	0	7	0	0	3	18	0	23	5	0	0	12	26	0	6	0	24	0	6	14	26	4	22	0	0	2	6	0	1	0	19	21	6	20	5	20	10	16	5	1	0	3	12	23	29	0	0	9	20	0	8	0	10	0	37	2	0	10	9	32	0	0	9	12	32	0	14	20	5	6	34	0	12	15	3
1:27:15	11	20	18	24	22	1	0	20	13	19	17	16	6	17	5	12	54	18	0	0	1	15	10	4	2	15	9	10	14	14	0	7	16	0	0	16	17	14	15	0	0	15	38	0	0	0	0	0	9	8	5	0	20	10	9	18	14	23	18	10	0	8	0	0	7	23	30	7	0	0	6	12	8	19	14	19	0	3	12	30	23	5	0	6	29	0	0	0	0	24	44	24	9	5	0	3
1:37:15	0	0	0	29	17	1	10	2	0	16	0	14	0	15	5	9	7	13	18	0	0	4	0	27	0	1	9	7	11	30	0	0	11	1	0	26	0	24	4	0	0	13	21	22	0	5	6	0	0	7	26	11	35	3	14	25	17	4	0	15	0	38	45	20	5	31	40	0	20	0	49	10	14	7	29	50	0	25	23	19	24	24	10	8	4	9	7	0	3	14	0	7	21	0	18	1
1:47:15	8	0	8	13	5	12	26	22	33	0	10	0	0	0	0	0	0	0	7	15	13	5	0	0	8	0	23	0	9	35	20	0	0	0	7	39	47	3	0	0	9	20	2	10	17	0	20	0	4	7	15	0	34	7	28	11	15	0	54	39	0	5	2	0	6	1	11	12	32	12	11	33	0	0	22	15	22	11	9	35	3	15	0	0	26	9	22	15	11	31	27	0	11	26	16	24
1:57:15	3	10	17	37	22	33	11	9	0	16	1	8	0	16	30	0	9	4	47	0	0	16	0	11	13	13	3	9	48	31	10	0	19	19	15	15	6	7	0	18	4	31	7	0	18	12	12	0	23	6	38	18	0	22	20	3	4	22	0	31	4	12	6	21	0	6	32	6	17	40	3	0	23	0	0	0	21	14	24	20	1	5	32	0	29	4	17	17	3	8	2	0	0	9	0	11
2:07:15	0	16	42	0	7	40	3	8	28	0	10	7	16	8	12	16	4	22	10	6	16	0	4	0	10	0	2	14	0	21	29	0	23	0	27	0	14	17	3	10	0	14	2	15	8	13	1	0	20	1	37	12	30	6	7	13	29	15	23	15	0	15	32	0	7	31	35	20	27	7	15	23	24	0	25	28	17	23	15	5	11	11	20	13	15	22	5	53	0	18	0	0	5	22	32	37
2:17:15	0	8	0	14	49	15	20	0	34	27	7	38	8	7	31	27	22	15	0	10	0	22	7	19	5	0	21	10	0	0	21	0	3	32	20	0	15	10	4	31	17	5	0	19	0	1	10	19	0	8	5	1	17	11	22	17	22	24	26	9	18	0	31	30	15	1	21	32	26	43	15	22	23	54	34	24	51	31	56	9	27	25	26	21	16	37	9	7	12	30	9	0	0	23	22	0
2:27:15	7	0	8	20	6	6	27	29	22	2	5	0	0	13	0	0	7	0	18	20	34	2	15	0	1	11	0	21	4	5	0	0	10	0	0	9	0	0	7	0	0	0	34	0	8	0	17	22	41	10	20	17	39	16	42	27	12	24	23	22	0	28	19	35	29	10	20	55	3	24	38	3	16	20	15	53	0	45	29	23	17	24	50	3	34	35	50	11	21	18	1	21	11	0	10	13
2:37:15	17	8	0	7	0	16	10	7	29	6	16	0	8	0	0	26	0	11	0	0	24	15	11	0	4	14	31	2	11	17	34	0	25	13	35	14	32	0	0	18	12	10	16	2	17	20	29	10	32	25	37	37	46	18	38	29	27	28	14	31	16	0	11	16	38	26	48	39	36	25	23	25	38	7	28	35	31	54	24	2	32	49	6	34	18	20	19	14	28	11	0	48	21	20	9	32
2:47:15	0	19	9	18	8	0	0	0	16	0	0	18	0	13	4	9	17	5	25	0	21	0	24	5	1	10	11	15	28	0	0	15	14	0	0	16	19	14	0	0	0	26	29	0	5	9	8	6	32	32	13	10	19	24	15	44	21	37	40	21	34	49	45	50	20	28	31	42	52	27	52	27	59	31	27	62	25	42	37	32	36	21	17	25	29	24	27	40	34	19	0	24	5	7	11	10
2:57:15	4	20	22	8	3	0	9	16	30	5	16	3	12	9	0	21	0	14	11	21	2	16	9	16	4	29	16	25	0	0	19	10	32	6	3	4	5	11	34	26	5	0	24	3	0	48	27	7	43	41	32	16	32	8	45	51	37	52	36	57	13	28	46	29	6	40	37	51	67	49	38	25	43	43	51	50	31	39	29	29	23	37	44	44	38	50	44	34	31	56	19	23	13	17	0	15
3:07:15	1	0	10	0	25	14	15	0	4	22	0	29	0	13	0	19	0	23	2	0	0	8	0	17	17	0	18	6	26	20	4	11	16	0	2	3	32	10	23	19	9	0	0	14	6	0	0	16	43	35	28	58	38	26	37	27	37	37	17	34	45	40	44	56	31	20	38	45	40	54	38	68	0	39	65	52	33	48	56	53	30	30	50	60	35	55	61	39	18	43	30	2	34	0	0	15
3:17:15	6	0	0	8	0	8	37	0	28	0	0	0	11	8	2	17	18	14	7	7	8	3	0	39	0	22	0	0	30	0	29	0	0	26	0	11	0	21	17	9	12	17	0	9	26	28	0	17	67	70	46	53	55	43	35	51	46	52	80	46	41	46	20	64	45	56	54	74	67	79	41	48	59	67	47	60	66	40	38	51	57	37	48	48	62	61	50	45	57	65	13	17	4	21	15	19
3:27:15	8	3	6	35	8	9	29	3	0	13	0	6	20	41	17	39	0	0	22	0	0	14	0	5	0	9	10	11	6	32	30	37	0	0	20	45	3	0	0	0	11	13	9	0	0	3	9	0	72	61	45	69	57	48	48	59	55	69	50	49	46	40	21	81	74	50	69	66	58	84	53	73	59	66	70	73	67	58	71	40	64	62	55	45	71	47	47	46	82	59	0	4	15	9	21	0
3:37:15	13	16	1	34	0	8	0	8	13	3	0	13	7	0	11	3	24	0	0	19	9	0	28	6	6	0	0	0	36	0	22	14	0	1	5	11	19	9	0	8	14	0	1	38	9	8	4	0	56	64	74	61	57	71	35	61	30	53	52	41	57	57	49	60	56	50	62	87	66	57	61	66	79	91	68	83	83	65	66	80	52	62	60	69	67	75	73	64	85	77	8	19	20	0	6	14
3:47:15	24	0	0	0	0	10	29	17	32	2	0	3	31	1	9	3	15	5	38	42	0	14	0	27	5	0	0	0	13	12	0	0	16	17	0	0	0	0	21	12	26	9	9	14	0	15	24	26	83	71	57	94	80	63	45	65	37	90	77	75	44	54	57	80	85	71	85	86	35	73	81	67	56	68	58	93	107	68	78	76	77	46	62	85	75	66	91	77	90	94	17	11	0	0	0	26
3:57:15	13	0	22	0	18	6	14	50	11	13	0	33	8	0	0	19	22	25	0	9	12	0	21	0	9	18	16	26	0	0	10	0	9	15	0	39	7	0	26	34	0	14	0	22	0	0	9	0	100	72	78	72	81	79	66	86	43	82	75	74	61	53	50	66	60	79	83	64	87	100	73	71	101	94	56	110	100	102	70	85	89	63	80	97	77	97	48	82	66	99	8	17	0	0	22	15
4:07:15	23	4	0	7	12	13	0	19	19	9	0	28	4	0	31	9	9	7	32	25	0	22	0	23	18	20	9	23	0	35	0	8	0	24	13	25	47	0	0	0	1	17	15	1	0	0	14	0	96	103	106	82	67	79	71	54	35	99	90	58	64	49	71	80	92	98	74	106	92	108	108	62	81	104	104	136	77	90	95	78	96	91	118	96	88	86	87	103	79	103	24	30	20	7	40	4
4:17:15	0	5	0	0	0	1	9	8	5	9	15	11	6	18	1	8	0	0	35	0	0	25	1	5	25	2	0	26	0	3	3	5	0	12	1	0	15	9	37	4	0	0	9	18	39	5	0	8	115	99	78	95	67	93	80	73	45	115	90	54	71	53	70	94	88	86	133	103	87	86	101	85	98	106	104	114	132	84	107	130	120	120	122	134	89	87	56	96	94	127	0	1	15	0	11	10
4:27:15	28	19	13	26	27	13	0	0	0	2	0	0	8	0	12	33	0	7	0	3	10	18	0	10	27	10	8	21	12	10	10	0	16	0	0	4	0	22	19	18	0	7	0	4	6	7	22	6	118	114	101	128	87	110	64	64	73	59	111	116	73	61	71	122	107	98	108	137	84	92	88	115	105	115	111	142	111	127	96	102	107	121	113	137	112	110	72	111	136	125	0	23	11	0	0	0
4:37:15	13	9	21	1	7	10	1	24	0	7	19	3	10	4	21	0	8	26	0	20	11	22	7	6	20	10	0	9	29	2	11	23	0	18	1	23	0	1	37	0	8	23	12	2	0	16	28	26	124	139	137	104	117	71	91	91	67	125	112	116	85	70	105	107	129	85	125	125	117	111	122	113	102	129	108	138	129	124	111	148	91	134	130	81	137	98	103	123	117	140	0	2	5	8	0	14
4:47:15	6	0	0	0	11	23	25	12	12	0	0	28	0	5	0	12	28	11	0	15	34	0	19	0	0	2	0	2	0	9	16	30	0	0	0	11	13	4	0	19	0	0	3	1	6	0	14	0	106	117	125	141	146	132	96	107	86	104	116	97	61	91	105	117	126	128	127	143	92	109	140	114	109	117	114	162	170	152	134	144	116	148	150	133	142	120	113	129	138	157	13	0	9	5	0	14
4:57:15	6	0	15	3	0	22	0	0	10	14	17	28	9	0	16	12	10	0	0	5	0	19	20	0	8	25	8	2	0	13	5	0	32	4	15	0	0	17	2	11	19	16	0	0	2	11	25	0	141	155	136	130	145	137	132	102	80	119	128	112	124	98	113	131	114	153	149	145	143	139	124	142	141	155	139	162	135	182	153	109	119	147	140	126	146	135	128	179	158	129	14	13	5	19	12	3
5:07:15	20	14	26	24	13	0	17	15	3	11	5	10	6	8	15	21	15	14	9	20	0	0	28	7	0	17	0	0	5	0	4	22	0	3	21	0	22	2	0	12	12	0	0	9	15	4	0	35	154	159	150	144	126	144	125	66	85	121	138	113	97	84	111	143	115	140	121	145	157	139	148	174	148	160	165	175	150	171	136	136	166	147	171	154	132	161	142	193	190	156	17	12	2	4	20	0
5:17:15	31	9	10	29	30	25	0	19	15	10	0	0	0	4	16	5	0	6	17	0	0	0	0	25	14	13	13	0	13	22	0	0	12	6	21	12	34	30	0	0	9	24	0	10	10	32	4	4	170	164	195	167	166	130	138	164	139	124	141	136	140	94	100	134	156	145	154	175	152	137	147	150	172	169	153	219	209	209	150	178	154	172	164	175	139	155	165	199	167	190	17	0	28	5	0	0
5:27:15	0	11	0	3	22	20	29	15	0	0	0	11	13	1	7	0	4	0	15	0	7	16	0	13	0	0	15	35	6	30	8	0	11	22	0	0	12	22	25	12	9	28	18	24	0	13	28	11	181	210	191	151	159	153	147	149	103	123	156	168	151	108	150	150	158	152	180	210	161	171	178	167	184	186	149	220	203	226	171	168	166	174	188	158	202	152	165	215	202	178	8	0	0	5	11	2
5:37:15	0	22	27	6	27	3	0	26	15	4	31	7	0	39	0	11	35	18	5	13	14	2	24	15	36	0	10	6	0	2	2	0	0	23	10	15	19	2	9	12	14	8	11	0	24	0	12	13	199	212	187	181	142	176	157	138	113	160	148	155	162	134	141	167	185	178	178	197	189	180	197	199	192	201	186	242	231	232	179	197	188	195	207	175	220	187	180	239	227	233	17	0	22	13	18	23
5:47:15	5	12	20	0	31	10	3	32	0	2	38	22	5	0	0	5	1	0	15	7	6	0	0	10	0	20	0	1	0	22	0	13	6	1	0	0	18	7	9	18	0	0	0	12	16	0	25	38	215	210	221	169	192	205	170	189	138	194	177	164	155	120	135	215	170	182	206	200	145	188	187	209	213	206	155	313	223	248	208	181	207	213	211	182	206	187	171	265	243	250	34	8	15	9	12	5
5:57:15	19	13	32	22	2	17	0	12	8	7	0	0	5	0	18	14	0	2	17	37	18	10	0	30	0	0	7	0	10	4	5	18	7	13	17	4	18	10	33	13	10	18	14	11	25	18	28	0	215	207	234	222	240	201	164	167	142	203	207	171	130	135	154	198	191	173	221	262	205	203	209	230	239	220	217	299	278	275	216	221	212	214	232	230	209	206	197	263	262	296	16	20	19	16	0	31
6:07:15	5	33	13	7	3	0	0	8	3	4	4	37	11	21	0	0	14	10	0	1	0	16	16	9	0	0	21	0	6	28	12	21	2	4	0	0	20	0	0	18	17	6	15	0	7	0	10	46	248	248	267	198	269	220	202	206	169	196	252	204	156	173	177	241	231	209	220	263	223	229	229	222	187	244	240	353	323	316	224	247	247	202	223	219	241	222	190	295	306	291	52	0	0	1	5	8
6:17:15	0	0	11	0	18	0	10	0	13	34	12	16	27	4	13	23	19	37	7	0	31	13	46	12	7	12	0	0	0	29	7	16	28	0	0	19	32	0	4	21	27	20	20	0	19	0	18	0	237	304	288	215	276	217	220	180	169	212	209	195	201	153	208	256	225	232	218	285	228	254	242	266	234	273	236	385	330	302	237	260	250	249	252	250	237	264	219	344	307	309	1	1	0	20	23	6
6:27:15	0	13	6	6	11	13	0	5	0	28	23	10	12	37	9	18	0	19	13	0	0	10	22	20	0	7	13	13	0	4	0	0	0	0	15	26	4	23	19	8	2	35	1	11	16	0	12	15	235	361	305	248	275	248	223	220	174	210	251	231	190	188	186	292	248	232	339	344	261	236	232	288	246	267	273	421	359	345	254	325	284	255	325	287	267	265	239	371	355	333	0	6	25	6	28	15
6:37:15	0	24	0	28	13	0	9	13	0	22	17	0	0	13	45	19	0	16	47	0	9	4	0	0	14	5	12	25	0	0	13	0	0	34	0	8	2	21	19	0	0	7	0	16	0	14	16	10	289	372	313	295	325	277	248	255	182	259	246	243	172	196	199	298	254	281	348	321	282	293	273	296	249	301	303	447	394	387	286	329	344	302	356	301	293	269	237	371	367	392	1	0	0	6	13	31
6:47:15	16	0	29	3	4	11	7	15	10	0	0	5	2	26	11	0	13	15	21	0	31	4	14	0	0	35	11	17	25	24	21	14	40	10	0	0	2	0	5	27	18	20	13	4	8	0	11	8	331	391	380	315	324	250	255	241	188	259	275	260	219	226	230	332	284	276	381	353	347	304	301	307	298	338	300	479	396	400	320	384	376	360	349	312	300	280	277	413	401	411	20	0	31	3	0	21
6:57:15	42	28	17	8	22	24	0	7	8	0	18	22	11	10	0	13	0	1	0	22	0	4	29	18	13	0	0	0	9	7	17	21	13	29	0	0	0	3	0	0	13	0	24	0	15	19	8	0	363	418	382	364	335	283	264	270	185	237	317	325	222	195	220	348	308	306	380	388	350	340	324	374	340	404	326	496	423	441	352	390	360	359	389	356	347	339	281	434	431	392	1	21	23	0	13	7
7:07:15	11	14	13	21	31	18	6	19	24	17	0	19	15	14	0	12	0	15	0	5	21	9	0	28	14	24	0	10	13	4	17	0	6	0	0	12	0	0	0	6	35	4	19	21	5	28	0	7	368	440	442	363	375	298	278	264	191	276	317	317	237	224	232	370	374	353	434	443	393	398	348	385	346	415	394	573	488	405	403	407	379	382	445	357	383	370	317	478	437	452	0	3	0	24	6	0
7:17:15	8	0	16	0	0	0	23	4	0	3	0	9	13	27	5	12	0	0	0	22	3	0	11	15	16	27	20	16	18	0	12	0	18	1	17	3	4	28	20	21	0	0	31	1	17	0	23	14	423	492	451	407	379	346	320	319	232	310	358	363	269	275	298	422	387	380	447	493	428	418	414	397	418	440	417	600	527	531	445	443	406	444	459	399	356	398	374	506	480	470	6	10	0	21	38	17
7:27:15	0	0	14	10	9	12	11	3	16	16	20	6	19	0	10	26	32	0	24	0	3	20	0	24	25	22	17	3	0	8	25	4	27	0	0	15	0	4	19	1	22	9	7	10	7	0	6	1	407	568	489	448	403	333	353	310	238	304	395	386	253	286	287	416	395	432	508	508	437	461	403	405	445	463	461	639	549	542	461	473	421	486	511	442	422	411	366	577	511	538	12	3	12	0	9	0
7:37:15	20	24	0	0	4	46	12	29	6	20	1	18	0	11	0	21	0	4	0	13	0	19	3	21	0	16	15	17	0	12	21	0	0	11	7	0	3	0	14	0	11	22	0	0	0	28	30	3	483	595	529	491	486	323	384	357	279	339	392	396	289	290	309	464	462	466	547	564	476	453	454	488	483	502	459	660	596	573	499	492	500	508	553	466	463	439	414	579	556	603	0	21	1	7	6	18
7:47:15	0	7	19	0	23	0	0	33	0	9	20	0	13	7	2	0	0	0	27	0	2	16	35	0	2	0	14	10	5	27	0	1	1	14	0	12	1	2	0	11	5	23	2	0	0	8	5	24	498	646	582	514	494	436	419	361	297	391	477	465	307	353	346	519	525	500	571	575	467	489	521	489	512	551	513	720	641	606	549	547	499	546	603	520	464	501	451	652	616	639	29	0	0	2	0	14
7:57:15	0	5	0	6	33	8	15	22	0	3	7	0	7	24	0	0	7	28	0	0	18	15	2	0	0	16	0	0	13	21	13	1	26	0	0	0	4	30	0	6	2	9	30	0	6	0	18	10	520	672	628	575	553	433	429	438	342	373	521	444	317	386	356	580	545	556	612	633	560	519	541	546	540	581	564	771	681	667	573	566	534	620	616	538	520	556	511	695	659	679	1	0	0	1	10	0
8:07:15	15	29	11	20	13	0	0	17	0	45	14	0	3	0	0	0	0	13	0	0	0	3	0	5	0	5	11	16	4	5	0	19	0	16	2	5	8	1	14	0	22	20	1	1	0	5	12	3	558	733	620	638	625	474	451	441	355	415	554	483	309	396	395	636	579	568	653	680	562	559	548	550	592	626	579	779	733	717	589	632	547	632	644	592	554	594	501	709	689	714	9	0	17	0	0	16
8:17:15	0	20	0	20	10	0	1	8	28	21	11	6	6	30	6	14	3	22	28	10	10	1	4	0	28	10	0	10	10	0	14	16	18	0	0	5	9	30	22	1	0	11	18	38	0	13	12	17	600	735	673	636	677	504	500	482	418	444	598	529	363	429	436	612	601	623	645	705	608	622	588	614	653	661	627	767	769	756	626	630	639	666	697	627	538	601	563	744	717	713	0	25	0	6	0	21
8:27:15	25	17	8	8	0	22	17	0	15	3	16	6	31	26	0	6	0	1	6	0	15	9	7	0	0	3	4	0	2	16	0	12	6	17	32	2	20	14	10	33	25	24	25	0	30	0	7	9	629	781	725	710	698	484	562	519	434	482	610	540	431	443	448	653	656	627	704	681	658	688	609	649	628	714	688	818	767	746	711	683	669	724	708	662	596	630	564	772	745	741	17	36	22	0	0	15
8:37:15	11	0	6	0	7	5	8	3	0	0	4	4	5	7	0	0	28	16	17	17	0	0	9	0	15	0	8	27	36	2	36	0	0	0	0	31	6	12	17	0	28	0	19	3	14	0	22	10	666	813	742	759	660	507	568	564	485	501	699	566	419	491	479	704	695	675	728	734	669	682	641	672	648	702	719	840	810	806	735	730	676	732	729	677	637	699	627	773	731	796	0	0	0	0	0	16
8:47:15	1	0	2	0	14	0	33	5	9	9	27	0	8	0	2	0	10	9	11	14	19	14	12	7	18	8	9	10	3	19	0	0	16	0	0	14	20	21	12	7	0	28	9	19	30	4	25	16	690	810	780	790	713	544	615	596	498	502	679	614	456	527	515	722	682	674	728	794	669	710	697	673	674	698	732	861	825	800	760	737	715	745	770	675	681	714	649	797	749	840	5	17	3	9	27	7
8:57:15	19	0	11	0	26	28	8	21	0	22	0	23	0	25	6	17	13	6	0	10	9	0	18	3	29	25	0	11	11	0	36	1	10	8	6	0	2	21	0	0	10	13	11	9	17	0	0	31	727	852	762	738	723	549	640	632	514	497	719	632	469	565	558	710	699	717	732	786	694	729	697	642	726	718	749	892	825	819	726	750	740	768	790	699	713	724	657	796	764	798	0	16	14	31	4	11
9:07:15	10	25	0	19	0	7	23	15	0	13	23	7	11	0	10	17	0	47	19	8	0	1	11	0	16	13	0	10	28	11	2	7	25	15	7	0	14	0	43	5	0	0	12	10	4	21	0	0	773	806	784	821	767	569	694	680	552	552	722	666	507	582	552	779	716	782	791	808	705	723	729	713	719	752	692	909	866	820	777	794	763	761	804	712	701	759	711	824	793	806	0	28	5	6	18	5
9:17:15	8	3	28	22	16	0	15	0	4	0	14	0	0	6	16	12	24	1	9	16	0	2	22	1	20	17	25	10	0	15	5	0	6	25	36	8	0	2	12	0	25	23	3	0	29	0	0	5	757	875	817	835	781	501	672	684	584	548	719	672	510	637	645	755	746	757	788	867	713	700	741	718	781	793	769	937	883	869	789	846	789	793	808	743	719	769	724	829	826	849	8	0	17	7	1	4
9:27:15	0	0	12	10	13	23	0	2	13	1	6	8	0	1	26	38	0	0	1	27	13	9	0	15	10	14	6	9	20	0	0	27	0	0	0	0	14	0	26	26	4	3	0	16	16	12	22	15	805	915	802	836	834	566	723	757	631	603	770	700	531	629	657	824	805	793	802	849	784	760	768	758	760	805	762	915	919	902	815	824	844	819	834	724	739	790	725	870	840	836	26	41	15	0	27	40
9:37:15	2	19	16	6	18	22	19	15	1	16	0	2	0	0	0	0	0	0	17	31	30	30	10	21	0	3	22	34	0	0	11	0	0	0	0	12	21	4	0	22	12	0	0	0	22	22	10	0	785	906	866	858	792	582	762	771	665	643	774	716	552	701	650	821	821	828	813	867	803	808	751	752	785	801	791	949	924	933	877	857	824	826	858	751	795	820	706	915	866	872	7	1	15	14	16	0
9:47:15	21	0	0	15	7	10	7	9	0	0	18	16	40	2	17	0	35	0	10	1	3	5	0	29	17	20	3	20	7	5	18	6	11	17	10	0	15	0	15	0	13	10	7	0	21	0	10	7	781	954	880	875	810	583	758	779	713	650	805	719	555	702	714	801	826	786	842	857	756	782	756	735	784	791	806	940	944	903	878	855	821	835	845	759	783	802	751	865	851	907	39	0	22	16	10	0
9:57:15	0	0	25	0	7	0	21	0	0	10	0	13	4	0	19	0	18	14	26	12	0	5	0	0	6	8	20	31	32	0	7	25	11	3	1	24	18	0	0	0	20	0	8	0	6	3	9	26	812	942	867	919	822	570	785	786	716	617	828	716	574	712	714	842	808	851	870	875	768	776	773	779	802	831	825	958	903	911	906	911	875	840	883	769	813	829	782	892	894	890	0	1	20	9	16	3
10:07:15	25	13	14	8	7	16	23	5	17	10	13	0	13	40	32	24	1	14	0	15	11	16	24	0	0	27	19	24	10	21	0	29	9	24	8	21	9	0	21	0	11	3	13	14	0	0	14	18	823	1000	921	934	851	579	847	780	729	657	841	701	607	723	737	842	839	844	861	909	750	811	807	767	861	839	837	913	973	922	884	878	869	866	869	764	801	815	778	910	900	895	11	20	0	16	21	10
10:17:15	25	17	5	0	7	28	25	42	13	32	5	11	0	47	16	24	24	4	0	13	30	2	3	12	40	15	12	17	24	10	0	18	3	10	0	0	0	8	10	7	1	18	0	2	14	13	0	0	831	993	916	916	862	592	812	824	752	650	855	726	619	782	772	858	856	866	870	930	816	834	804	791	813	847	828	979	950	929	949	894	847	849	900	815	817	844	798	901	880	909	12	21	0	0	0	1
10:27:15	37	16	3	0	14	0	3	24	6	0	14	0	0	4	0	0	0	0	1	9	17	0	9	29	0	0	18	30	16	14	9	26	39	23	0	0	0	10	4	18	0	33	0	0	0	5	1	1	847	988	910	951	873	607	831	847	785	736	886	747	617	792	751	886	905	892	883	935	824	826	825	819	833	898	863	978	982	938	900	897	891	900	892	793	832	874	758	934	925	923	2	10	0	18	0	26
10:37:15	25	6	0	6	11	4	0	25	23	11	8	18	19	22	13	11	17	0	0	6	0	8	0	7	11	12	2	18	5	0	5	5	2	0	0	21	0	0	18	55	0	0	38	17	13	13	21	29	858	1019	963	943	909	622	833	843	813	732	865	740	641	801	774	924	876	892	899	930	818	835	843	815	873	883	874	977	974	946	919	888	873	900	930	804	852	853	831	946	928	962	2	0	6	0	0	0
10:47:15	9	0	13	0	1	19	0	4	13	0	0	10	10	13	2	17	9	0	5	0	34	26	0	4	16	0	3	0	2	17	7	3	16	9	11	0	20	12	9	0	14	0	0	15	11	6	12	3	852	1000	977	947	891	610	843	832	769	729	877	752	647	816	812	892	900	887	940	895	831	823	830	801	841	895	848	979	979	948	959	899	873	918	918	806	821	852	805	947	928	897	16	0	0	4	6	3
10:57:15	10	0	0	0	0	5	0	28	17	0	11	16	2	0	0	20	0	12	12	30	4	2	15	24	22	24	0	0	16	36	37	6	0	9	7	3	25	8	17	0	10	30	29	0	2	0	4	0	838	1066	985	948	917	687	834	872	816	743	851	743	673	813	821	878	903	925	923	939	859	813	833	814	847	889	886	1000	973	947	932	917	901	905	925	802	862	877	818	947	912	936	11	4	5	14	0	0
11:07:15	0	0	2	0	9	17	29	8	13	23	14	0	4	0	27	18	6	15	25	7	14	8	23	33	0	18	0	21	5	26	6	0	21	3	0	24	0	13	0	22	12	0	0	11	9	2	8	16	869	1042	994	955	916	716	838	882	833	736	868	768	662	851	794	911	929	948	937	950	877	863	857	818	883	892	901	1007	1002	972	932	960	896	937	975	823	850	892	836	945	956	932	2	14	38	2	21	0
11:17:15	11	36	6	18	0	6	0	0	0	13	14	27	0	5	0	21	1	8	8	22	0	4	0	34	0	0	0	19	6	19	9	16	0	7	18	31	0	11	15	10	11	7	27	0	3	12	0	11	857	1072	978	969	939	721	890	897	856	747	884	763	689	818	814	932	937	946	928	963	885	890	871	861	892	894	923	959	998	979	989	888	903	943	941	846	834	869	845	950	940	938	0	6	29	14	19	0
11:27:15	9	16	11	0	14	5	22	0	4	0	25	0	0	4	0	25	11	28	30	5	0	0	0	10	0	39	17	0	0	12	12	0	15	0	13	29	0	23	14	2	38	4	7	9	0	0	1	4	880	1058	1026	1030	963	735	885	902	859	767	947	795	675	872	837	930	992	933	944	973	872	943	887	869	897	926	917	1062	1007	1023	981	957	912	970	977	831	859	910	871	946	995	970	63	1	32	0	25	11
11:37:15	4	0	23	0	26	0	13	0	0	38	0	9	0	12	0	5	9	8	26	13	3	0	0	26	2	0	6	0	28	0	0	0	17	39	0	8	0	11	18	16	35	4	3	11	0	10	1	9	894	1074	1005	973	969	745	898	893	907	768	900	790	683	857	833	951	967	941	991	978	860	907	896	850	916	926	921	1038	1039	1003	1039	991	912	941	969	842	889	936	853	989	970	978	1	3	21	0	0	17
11:47:15	17	0	6	0	0	0	0	29	17	13	0	2	25	17	8	32	11	0	15	12	18	19	33	3	18	26	0	14	17	0	21	0	0	0	0	0	24	4	33	0	9	5	12	0	1	4	12	0	882	1073	1007	988	966	764	889	901	869	740	915	771	671	836	835	944	1015	953	977	976	913	905	860	876	896	971	963	1037	1008	1005	1027	991	901	936	944	813	919	871	845	997	940	954	8	0	26	10	0	0
11:57:15	19	19	35	15	0	14	0	29	7	2	9	14	6	7	0	21	14	1	23	5	24	20	28	37	2	9	10	20	10	9	0	17	0	0	6	12	16	24	0	0	0	3	5	12	6	5	6	8	897	1105	1033	1027	1006	776	922	942	873	782	916	759	705	879	870	980	970	964	1000	982	877	900	865	858	923	945	948	1016	1033	1032	1057	972	903	944	1007	841	898	939	870	998	973	995	22	14	16	0	12	0
12:07:15	5	4	0	20	12	44	15	0	0	14	0	0	6	0	0	0	0	32	12	30	26	0	22	9	0	16	0	11	0	17	0	0	14	0	37	0	0	26	28	18	18	10	5	0	0	3	14	0	861	1072	1059	1039	1036	745	875	918	889	762	908	796	698	867	851	982	972	963	968	969	892	904	902	860	891	942	920	1045	1018	1020	1073	993	916	954	995	874	906	917	867	984	987	1002	0	8	0	19	16	3
12:17:15	3	0	11	32	0	0	0	2	11	0	7	0	13	7	5	0	6	41	15	21	5	14	6	5	22	8	1	12	17	21	7	26	8	0	2	0	8	12	7	3	22	0	13	0	0	44	0	28	913	1056	1056	1028	1035	787	909	897	916	741	899	810	698	917	861	980	969	957	958	985	891	884	899	891	901	968	963	1034	1042	1038	1048	967	944	928	1001	864	879	932	842	992	958	976	0	3	0	0	5	12
12:27:15	4	14	0	12	0	3	0	17	33	16	1	15	16	11	13	2	10	0	11	5	16	19	20	26	12	0	9	0	11	17	5	17	0	2	16	3	0	4	18	0	16	19	3	0	19	7	7	7	909	1083	1093	1053	1006	813	923	937	924	773	915	834	726	873	884	986	982	988	993	969	873	951	900	860	884	936	979	1034	1046	1021	1089	968	938	982	981	868	929	962	872	999	942	978	13	15	8	0	9	0
12:37:15	11	7	17	10	9	26	11	11	7	0	10	0	14	0	8	7	18	7	0	10	8	4	8	1	17	13	40	25	12	16	25	12	0	11	0	8	5	9	36	35	0	13	2	14	18	12	9	13	900	1116	1075	1023	1011	805	933	921	945	802	916	812	747	897	862	1003	1011	1004	974	976	914	910	899	862	895	923	937	1032	1004	1039	1048	1035	958	962	980	835	900	925	888	997	967	946	11	14	19	17	19	19
12:47:15	9	0	19	7	8	18	9	0	8	0	13	26	0	21	1	31	7	0	34	3	0	16	0	6	0	0	0	11	5	13	27	25	0	5	0	0	5	0	22	9	10	0	0	25	8	33	24	6	879	1079	1058	1087	1003	845	925	952	915	791	922	802	708	897	909	984	1017	973	972	976	887	922	890	874	913	980	952	989	1031	1021	1051	1001	939	969	980	836	904	936	885	984	938	986	20	0	0	0	14	5
12:57:15	0	13	0	15	3	3	0	16	0	4	16	17	12	5	15	1	26	32	20	10	11	15	14	0	0	0	11	20	11	13	0	11	4	8	13	1	0	2	23	0	22	19	0	45	0	1	20	20	876	1101	1068	1048	1039	820	927	937	883	770	893	851	752	895	875	994	999	977	1003	983	869	947	884	901	922	976	973	984	996	1028	1057	999	968	971	991	852	890	954	887	977	914	966	10	26	0	0	12	21
13:07:15	28	2	17	14	0	20	5	0	38	4	11	0	9	0	5	34	8	21	36	1	6	22	0	9	14	33	0	0	16	0	9	0	13	9	33	7	5	12	0	15	0	10	0	1	0	0	27	0	870	1087	1071	1045	1029	798	961	955	932	835	928	821	751	896	899	997	996	986	984	1002	890	906	911	950	904	937	947	944	973	1024	1056	960	951	933	950	860	894	951	894	980	951	970	33	11	0	2	10	0
13:17:15	12	0	0	13	20	2	17	4	10	7	12	23	28	8	5	0	22	0	16	35	30	42	11	0	0	0	1	20	21	7	6	16	0	0	0	23	0	6	17	1	8	17	6	38	17	14	25	20	860	1123	1014	999	1031	789	933	934	922	780	935	814	727	888	886	973	992	976	989	1004	888	941	921	882	912	927	982	954	982	996	1027	985	978	970	997	862	890	936	891	934	908	934	14	23	1	15	0	0
13:27:15	0	33	17	0	4	0	0	0	8	0	7	13	10	9	6	13	17	0	17	14	6	0	0	17	15	10	0	15	22	23	0	0	0	6	9	26	0	12	0	0	2	0	22	3	15	32	0	14	864	1107	1050	1021	995	841	953	926	902	763	919	823	712	911	918	967	1012	968	972	963	900	930	900	899	894	928	941	959	956	988	1076	973	983	932	986	810	857	912	913	921	934	909	0	11	0	0	38	21
13:37:15	0	0	0	0	0	12	19	6	8	0	5	25	0	11	6	0	12	0	17	0	30	13	8	16	21	0	25	0	3	40	5	45	22	18	10	0	18	0	0	5	0	18	3	11	21	9	7	10	860	1054	1027	988	1014	830	932	948	929	789	914	812	750	890	912	932	996	975	944	940	893	910	912	859	882	908	965	908	931	937	975	947	961	930	941	820	878	918	891	903	912	897	16	22	0	14	11	14
13:47:15	3	0	3	11	30	0	7	0	0	13	0	0	0	0	34	29	0	2	17	0	0	0	0	14	27	0	9	21	13	5	20	29	8	10	17	18	0	8	35	0	0	7	2	14	5	12	0	0	807	1051	970	981	979	811	939	949	921	745	905	831	754	927	886	925	1021	955	936	906	864	924	886	879	839	919	960	914	921	915	983	954	939	904	943	804	847	920	888	903	895	927	31	18	2	11	19	2
13:57:15	0	9	7	22	0	9	14	0	13	7	7	0	24	0	0	28	7	12	18	12	0	14	3	27	0	15	7	24	9	13	13	8	0	2	22	3	35	0	0	13	13	27	15	12	10	20	18	4	798	997	1007	1014	967	856	887	904	922	743	906	802	754	906	921	933	985	957	902	898	826	880	850	868	815	906	955	882	915	924	951	933	918	840	893	790	854	867	860	867	883	855	0	0	7	12	33	15
14:07:15	24	2	11	19	3	18	2	26	18	0	7	35	4	5	31	5	0	9	0	9	0	19	18	2	0	13	0	18	28	4	8	14	12	0	8	22	13	2	11	8	0	0	10	11	0	7	14	1	782	1028	973	949	969	806	931	921	923	735	858	799	708	892	869	927	970	961	885	891	847	908	824	839	805	880	878	859	909	918	982	909	853	858	878	756	835	862	855	850	846	879	0	0	13	8	1	0
14:17:15	28	11	3	0	0	14	0	42	0	0	10	18	7	22	7	20	27	0	0	13	18	3	38	3	4	25	27	25	0	5	19	0	52	23	0	6	0	4	9	7	7	0	11	10	19	0	4	36	803	974	954	953	954	816	915	882	949	727	871	800	751	868	899	913	974	912	895	908	840	879	863	837	850	911	934	836	858	899	964	889	892	839	866	745	835	884	832	838	858	868	15	0	12	14	13	9
14:27:15	0	2	1	0	19	20	0	0	0	16	12	9	19	6	1	8	0	22	28	0	0	0	18	5	19	0	7	13	0	6	12	6	26	0	3	14	0	0	0	18	0	0	0	19	22	0	20	0	751	973	942	939	939	798	921	881	937	678	837	750	726	880	896	882	933	912	897	880	847	840	854	837	827	856	885	874	890	866	935	874	840	827	847	748	827	833	807	854	867	862	0	7	16	7	15	41
14:37:15	6	37	5	13	9	10	28	24	5	0	25	16	29	16	16	15	17	0	18	16	14	3	12	0	6	45	0	0	6	0	0	0	8	7	12	0	0	0	6	0	16	1	18	19	17	18	22	0	789	935	912	911	905	780	848	852	873	710	845	722	738	856	886	867	924	891	873	854	818	855	790	824	782	857	891	835	834	896	915	872	824	788	865	721	802	789	822	836	830	840	1	14	0	0	0	2
14:47:15	22	0	18	17	14	29	10	0	0	18	8	1	0	0	9	6	19	2	0	0	6	22	22	0	0	0	0	6	0	0	0	0	5	1	25	20	6	15	6	7	12	17	0	12	5	0	0	0	763	946	905	897	878	770	890	831	892	667	820	756	737	876	865	879	948	902	867	835	815	816	775	820	776	848	880	841	850	871	928	860	817	817	840	706	805	812	828	807	809	821	10	48	0	13	0	4
14:57:15	0	10	25	0	10	29	0	25	0	0	0	22	14	0	21	27	8	0	7	0	9	16	32	27	0	11	9	0	0	0	0	22	17	36	16	7	6	0	11	12	0	12	11	10	15	0	0	24	747	936	899	872	861	801	836	811	867	693	781	767	675	841	854	817	890	901	873	826	816	794	789	774	779	820	815	838	804	836	901	850	758	730	813	670	801	782	818	816	796	840	0	24	0	26	6	11
15:07:15	20	26	1	21	28	0	3	1	7	0	0	18	17	4	14	0	0	16	0	0	0	0	16	44	2	0	7	6	16	2	3	5	20	29	0	31	0	0	7	2	0	9	13	0	0	4	0	0	729	945	860	902	844	789	823	785	850	669	818	758	724	860	828	886	874	906	850	814	821	792	750	746	789	816	829	858	805	873	890	835	811	772	816	684	783	783	790	835	792	805	11	9	19	9	0	10
15:17:15	17	5	13	22	0	0	0	0	0	0	12	0	1	19	0	10	0	0	16	0	3	8	35	10	5	0	0	0	28	0	4	7	36	10	6	1	2	0	4	15	9	0	0	0	0	8	0	12	733	870	848	885	838	783	806	816	819	650	831	754	699	821	828	860	860	884	805	802	796	789	752	797	776	804	787	837	842	833	912	848	821	765	826	680	798	784	771	814	796	784	16	14	3	12	0	13
15:27:15	17	21	17	11	0	0	0	34	0	17	5	0	20	0	15	16	0	6	5	39	0	37	7	0	0	0	7	0	22	3	0	0	6	29	0	19	4	0	0	0	20	24	4	7	32	15	7	0	712	889	833	869	838	762	785	819	857	624	783	671	699	808	838	804	849	855	817	822	789	784	748	786	757	792	814	798	813	863	864	834	787	719	798	682	752	773	759	810	803	800	16	0	18	2	10	0
15:37:15	7	23	6	0	35	28	9	0	0	8	0	14	11	0	5	25	0	11	16	0	0	0	4	23	0	22	12	13	1	0	2	0	0	13	6	0	7	7	9	12	17	33	0	3	11	9	11	34	731	869	824	868	824	736	815	767	829	662	762	702	700	797	809	811	812	809	838	788	809	781	748	739	746	797	824	790	829	848	879	816	819	700	779	685	761	744	773	816	769	788	38	0	16	12	13	0
15:47:15	25	8	0	2	50	16	7	0	15	0	28	0	34	0	15	0	14	11	15	7	0	0	16	12	0	43	7	0	29	0	33	19	0	16	13	15	2	0	7	17	0	13	20	2	0	12	0	0	719	874	829	844	837	747	774	804	838	645	801	666	661	783	810	790	838	841	812	798	758	766	728	733	745	765	806	813	831	793	845	789	755	733	815	679	751	764	762	800	793	791	13	0	10	21	4	26
15:57:15	11	25	15	0	0	0	26	23	0	3	17	5	20	0	24	7	2	18	0	33	2	0	9	0	20	0	0	0	0	13	0	0	5	0	23	29	9	6	0	0	9	1	16	11	23	3	0	0	681	892	837	858	804	761	764	744	776	603	761	677	648	784	775	798	792	804	807	783	762	718	714	718	730	746	787	824	810	798	861	779	727	708	771	650	712	756	752	765	781	781	3	20	12	2	22	0
16:07:15	1	0	0	0	8	16	0	0	39	0	10	4	20	33	0	23	15	12	11	24	21	0	19	8	5	2	9	3	10	25	0	0	17	12	0	30	0	29	15	4	29	0	21	0	0	1	1	19	718	859	829	809	813	717	811	749	768	550	749	676	684	762	734	797	785	846	834	778	751	752	754	756	712	786	751	782	796	808	855	814	780	697	749	643	719	738	745	751	755	777	13	9	10	0	0	35
16:17:15	0	4	0	17	22	5	0	13	37	0	0	20	7	13	6	0	15	15	27	0	0	0	2	13	0	28	33	0	14	18	23	11	0	11	48	0	14	7	1	0	12	23	0	12	12	0	1	9	724	850	817	842	781	768	757	772	806	551	746	682	672	767	748	805	817	821	806	762	735	764	713	703	713	761	773	803	780	826	845	788	759	719	753	678	719	760	731	792	771	739	25	4	17	0	6	11
16:27:15	4	22	17	0	12	25	21	28	17	8	12	28	26	30	12	26	0	18	15	42	12	0	0	0	17	9	3	8	0	0	0	0	11	7	0	21	7	9	18	0	4	0	7	0	0	0	0	0	710	868	811	848	770	770	741	741	772	508	757	662	675	751	706	755	787	780	762	752	711	734	704	699	729	764	739	803	765	823	815	783	704	700	735	623	701	751	727	768	741	760	6	4	34	0	11	19
16:37:15	6	0	14	25	0	32	0	0	0	0	26	18	26	16	9	38	21	7	1	0	7	0	0	15	22	0	39	11	0	0	0	9	8	15	0	15	11	21	0	15	16	9	13	0	12	7	0	10	682	861	808	816	757	768	729	748	793	531	742	661	641	752	740	761	819	802	799	780	745	724	671	694	691	772	725	792	762	822	833	778	745	691	723	641	693	760	710	733	726	783	23	19	0	5	10	16
16:47:15	0	10	15	0	0	0	0	15	17	15	14	27	11	19	21	2	13	4	0	15	1	0	0	0	8	0	0	3	11	0	5	3	5	8	3	35	3	2	0	34	6	19	27	10	21	22	0	26	688	859	777	845	748	761	752	756	775	507	747	650	627	746	724	739	812	817	778	759	709	745	683	682	706	741	732	803	780	824	815	774	765	733	738	670	729	713	714	761	744	795	4	21	7	0	0	0
16:57:15	0	7	38	13	0	0	24	0	13	0	12	10	0	11	22	26	0	12	21	4	3	18	0	21	6	24	23	0	0	5	6	7	30	5	5	32	12	6	0	0	2	3	44	41	0	13	0	0	677	849	818	794	753	745	760	727	736	507	708	614	663	775	700	755	764	783	759	723	704	737	690	704	723	766	770	784	778	774	800	763	724	680	742	605	725	680	750	710	751	803	11	3	24	5	14	30
17:07:15	0	17	13	11	1	23	0	28	0	0	0	18	14	0	18	31	19	0	41	2	0	0	16	35	7	0	0	0	27	24	0	11	11	0	23	9	35	20	0	21	26	36	7	18	6	24	0	0	679	816	825	826	772	747	774	714	757	491	705	620	661	739	727	745	792	774	773	784	725	698	653	635	711	741	731	770	811	769	800	757	706	683	681	621	683	703	693	746	685	740	17	21	5	28	0	10
17:17:15	9	0	10	0	19	0	8	26	14	0	0	12	28	0	14	12	0	0	9	0	7	21	6	16	13	5	10	0	0	21	10	0	12	25	13	11	0	31	8	9	19	7	0	0	0	0	3	0	660	841	761	815	733	754	767	701	732	488	730	619	661	716	701	758	773	754	746	731	678	703	687	673	712	758	750	777	749	776	812	721	706	677	734	611	651	708	719	730	736	753	4	0	31	5	31	10
17:27:15	0	0	0	14	0	0	13	33	37	16	19	24	1	20	0	20	11	0	14	0	1	0	0	0	17	1	12	1	2	15	2	0	11	19	0	0	0	0	7	0	0	15	0	5	26	3	15	9	675	843	739	805	738	748	733	732	742	484	745	631	649	699	735	750	750	773	751	708	658	724	672	661	721	727	766	798	754	813	783	737	723	659	693	609	688	683	681	749	746	786	4	16	24	6	0	0
17:37:15	17	10	5	0	0	0	0	0	23	0	7	0	0	0	23	10	25	24	18	22	0	0	18	18	15	0	13	0	9	28	2	0	10	31	2	6	13	30	16	0	15	3	5	14	0	25	8	31	658	825	759	824	744	749	750	704	733	494	693	638	639	734	752	753	781	777	751	701	694	691	644	636	712	742	716	768	750	824	799	792	720	689	717	596	674	697	698	727	750	758	10	0	25	5	0	0
17:47:15	21	0	12	21	21	6	2	11	25	13	12	0	15	10	0	9	0	0	5	1	4	29	0	23	3	9	17	0	24	26	18	8	2	4	27	16	30	12	0	2	12	17	0	26	12	6	6	17	682	823	758	765	724	732	746	721	716	476	725	579	624	724	739	738	769	771	755	727	664	648	610	657	714	727	731	762	739	765	739	688	713	635	719	528	644	710	695	746	691	760	13	15	18	0	2	0
17:57:15	7	1	0	42	8	0	14	0	10	3	7	15	10	4	2	0	15	0	0	27	0	9	16	8	7	7	5	11	0	7	7	14	17	12	22	0	23	0	28	29	5	0	0	0	10	1	16	0	626	778	745	789	747	716	699	724	707	462	739	585	591	701	708	737	770	740	726	712	666	657	667	614	673	742	693	772	731	769	763	726	670	570	723	549	699	694	708	711	733	764	5	19	0	31	3	14
18:07:15	7	17	0	0	0	0	34	19	0	22	42	0	0	7	13	0	0	8	8	13	0	6	5	0	5	19	23	22	7	6	26	31	20	7	0	0	15	11	17	15	0	5	11	11	35	11	28	14	673	803	759	756	741	724	690	747	719	465	680	558	588	722	686	722	723	762	767	728	683	664	621	613	692	705	710	792	746	758	770	732	693	566	681	543	681	671	659	732	716	779	0	22	29	27	0	2
18:17:15	12	18	30	0	0	13	0	17	0	29	6	22	18	7	0	17	19	25	12	0	14	10	15	35	0	0	0	25	24	12	18	13	0	25	16	39	20	21	39	18	0	24	7	0	5	10	10	0	652	821	744	769	723	746	736	688	729	426	719	540	615	687	710	740	759	779	737	697	669	630	598	639	735	718	724	756	774	758	773	707	698	587	712	528	725	695	695	716	712	787	8	6	4	0	0	10
18:27:15	2	13	0	0	35	0	0	22	10	26	24	29	23	0	0	11	9	13	18	3	9	4	2	0	11	0	17	35	13	13	1	25	0	23	12	13	20	11	11	30	18	16	10	12	0	22	0	1	667	812	760	788	739	786	697	727	706	458	681	512	593	695	703	743	765	785	746	730	671	655	601	639	653	721	707	755	777	749	749	709	724	528	676	477	677	676	680	690	701	749	10	36	0	0	10	0
18:37:15	9	11	16	0	4	0	16	1	0	6	0	22	0	0	20	4	0	0	31	8	0	0	0	43	0	26	15	26	0	0	0	11	18	0	0	15	19	25	15	0	0	17	9	1	6	16	6	15	653	772	771	806	744	728	717	710	706	458	683	516	593	713	719	745	770	773	750	727	710	649	587	593	683	717	698	739	767	775	744	683	692	543	660	494	688	634	695	716	731	790	3	7	0	0	20	7
18:47:15	16	28	0	22	13	6	8	0	18	11	0	0	0	18	0	17	16	0	0	0	10	26	0	0	0	22	0	12	0	19	16	4	0	8	0	16	0	0	17	26	0	11	10	12	4	6	0	32	621	794	748	783	725	759	713	701	687	441	657	519	601	662	655	707	719	772	729	714	653	612	548	625	689	689	697	751	741	723	725	733	664	541	668	528	668	601	672	704	670	759	31	0	0	10	25	0
18:57:15	1	14	9	4	2	10	17	26	17	0	0	7	0	0	15	0	0	17	0	16	0	13	19	22	0	3	0	0	0	15	0	26	31	1	7	1	0	0	0	38	17	27	12	0	25	8	20	18	581	792	737	777	709	730	709	683	670	477	704	525	600	664	690	709	755	761	718	716	672	596	550	612	671	700	670	719	692	734	737	682	680	499	617	495	700	651	665	708	688	777	2	2	26	15	22	0
19:07:15	1	0	12	19	10	8	51	11	20	0	20	0	37	0	9	0	22	7	10	41	18	19	0	26	20	16	4	8	0	20	6	18	0	10	10	9	3	2	8	13	14	25	0	15	10	0	3	9	588	786	740	774	697	741	710	657	668	463	666	516	613	641	650	729	753	736	712	693	649	582	500	613	652	676	652	716	713	735	729	691	676	506	617	483	642	632	637	691	669	728	7	0	33	33	0	0
19:17:15	21	31	44	0	16	15	8	6	29	46	0	3	0	15	13	14	0	7	0	13	4	0	0	27	39	0	24	7	11	24	20	0	25	29	3	0	17	0	16	10	5	0	33	6	0	14	16	0	539	803	719	754	691	742	651	690	629	462	613	501	605	678	650	706	728	728	732	699	614	560	489	608	658	688	615	657	674	724	752	687	694	534	599	458	629	601	664	654	646	764	13	1	8	5	24	29
19:27:15	13	0	0	0	8	15	29	11	45	30	6	16	6	12	0	30	0	3	7	7	9	0	17	10	1	11	20	22	1	20	21	9	0	17	0	0	8	18	5	7	0	6	0	0	18	11	19	0	516	782	718	774	665	756	683	692	678	471	614	479	555	669	611	721	753	747	709	648	609	554	520	582	635	701	635	686	690	726	734	680	664	514	576	453	646	574	677	641	681	742	8	7	8	0	6	26
19:37:15	10	1	6	11	0	1	6	14	0	0	19	19	3	15	4	4	8	6	7	0	39	1	0	10	13	0	13	0	9	5	22	14	6	34	0	0	0	1	0	0	13	2	0	0	42	10	6	0	491	797	728	747	703	732	662	634	659	467	631	469	542	625	637	706	719	724	695	656	640	569	497	526	662	688	641	675	679	727	720	717	669	497	527	463	651	524	651	629	619	731	15	12	10	19	32	10
19:47:15	0	12	0	21	0	14	0	20	26	0	41	0	9	17	34	0	19	3	5	4	0	4	0	8	8	35	22	4	16	32	13	9	13	4	11	5	4	18	0	12	0	0	24	16	26	21	4	13	460	780	746	754	701	751	632	682	632	465	605	505	562	670	590	720	721	740	739	672	601	561	543	518	650	731	617	642	705	723	750	684	660	500	534	449	611	510	648	605	630	720	18	0	0	6	0	3
19:57:15	38	0	32	0	0	1	10	0	26	0	0	34	26	20	4	27	0	24	45	0	2	18	0	12	19	13	0	11	15	0	0	15	0	49	10	24	10	4	0	18	28	8	19	0	52	0	1	26	473	789	718	781	671	749	625	670	581	471	600	530	568	652	577	707	743	719	725	675	622	564	535	538	621	673	577	665	648	758	711	666	640	529	550	491	627	500	621	580	621	735	15	3	15	0	0	0
20:07:15	19	1	3	20	0	10	0	20	12	19	0	9	6	32	0	11	18	0	15	27	0	5	5	4	9	24	0	0	2	23	0	0	18	0	0	0	30	0	23	32	0	17	22	0	14	0	18	0	500	778	770	755	660	725	603	627	644	479	596	509	529	666	577	674	670	706	730	696	597	535	485	517	646	695	555	587	685	737	727	653	629	511	528	461	619	495	647	598	632	757	7	19	0	0	10	0
20:17:15	0	7	32	6	47	1	0	8	17	13	0	3	0	16	12	13	4	0	12	4	0	12	0	0	0	13	7	17	20	20	27	4	10	20	38	28	0	0	0	6	23	0	0	6	15	26	4	11	486	772	716	741	645	698	621	559	617	449	569	472	473	625	517	668	721	719	686	656	579	537	486	509	615	658	508	584	615	705	721	663	580	496	517	459	592	452	596	528	590	670	0	0	7	0	6	6
20:27:15	22	27	11	0	36	13	0	28	0	12	0	16	0	0	7	16	0	0	4	8	29	42	18	1	0	4	42	0	16	13	22	8	7	15	43	0	16	18	20	1	6	0	5	0	3	0	10	24	476	774	710	733	620	734	618	536	620	484	516	474	495	625	517	668	697	728	665	651	555	533	504	516	637	677	515	579	606	703	720	632	551	493	515	451	557	471	580	533	580	685	27	17	35	15	8	7
20:37:15	16	0	36	0	26	12	7	31	15	0	17	0	21	0	0	0	27	12	10	25	9	7	0	20	0	7	0	0	0	0	0	17	18	13	30	0	0	38	0	15	24	27	0	12	8	18	0	3	442	780	700	664	606	737	574	577	600	461	548	500	485	610	544	633	713	716	662	628	572	495	483	532	628	652	471	552	576	682	675	586	558	508	501	469	501	479	571	546	519	646	2	12	5	0	0	0
20:47:15	0	0	0	3	8	34	0	7	0	0	0	24	0	18	0	0	19	0	0	10	22	0	11	17	22	2	30	6	4	31	0	25	21	10	12	0	11	2	14	10	5	27	4	0	8	0	0	0	483	798	706	748	606	700	580	549	605	485	554	507	486	616	517	665	680	731	692	643	546	529	533	511	590	644	469	528	543	666	703	602	524	510	530	439	472	479	581	524	538	683	0	2	18	10	17	25
20:57:15	2	7	11	23	19	13	44	17	0	0	34	34	15	35	32	21	19	19	9	13	35	5	11	22	14	9	25	13	7	0	20	41	9	0	0	12	26	18	0	7	22	1	6	11	18	17	0	24	476	765	687	741	578	717	559	520	593	467	499	492	496	627	519	645	666	721	677	620	503	513	500	467	556	611	479	518	534	639	729	568	527	510	527	473	450	476	540	531	577	668	0	15	31	25	0	7
21:07:15	13	0	11	0	0	27	6	0	33	0	20	12	35	0	21	17	16	0	2	15	11	24	0	35	15	9	0	23	10	32	1	0	0	0	22	6	6	18	18	0	0	0	15	15	4	9	10	0	492	786	697	709	571	730	565	508	595	473	485	467	525	619	480	641	682	731	707	599	516	515	552	478	559	657	482	518	556	672	731	575	543	530	523	470	491	489	498	538	536	659	29	3	10	0	1	21
21:17:15	0	18	12	21	13	18	13	5	0	26	0	21	22	4	8	0	3	17	2	24	0	0	0	27	41	20	12	0	2	6	0	0	0	12	15	26	0	0	13	0	0	11	0	0	24	17	0	6	491	732	693	708	598	747	557	529	595	458	518	497	491	623	490	641	667	714	690	613	531	514	531	473	505	640	470	475	564	617	710	576	526	527	551	472	470	438	526	493	524	619	0	0	0	0	42	10
21:27:15	17	5	0	21	1	10	0	14	0	16	0	0	28	0	0	10	14	0	12	0	15	0	14	18	0	0	7	0	1	0	0	0	0	16	0	11	15	0	15	4	0	6	18	24	33	19	6	18	486	781	704	717	579	725	544	525	558	463	522	512	518	598	487	575	671	712	669	621	522	514	504	467	498	566	462	506	531	610	681	567	527	517	477	470	506	514	508	524	549	563	7	12	1	17	11	2
21:37:15	11	0	17	0	0	28	3	0	20	9	0	26	24	0	15	0	30	18	22	14	0	0	16	0	0	0	0	25	24	24	0	0	0	6	0	0	24	0	0	11	17	22	19	0	1	0	0	19	464	757	683	704	558	732	529	517	560	447	514	459	488	602	505	592	693	691	705	556	512	527	524	483	473	592	463	496	524	575	686	542	519	531	502	482	471	484	518	477	533	534	0	0	7	19	31	0
21:47:15	1	21	15	6	15	6	15	9	12	10	14	30	2	0	20	0	8	13	6	1	20	14	32	0	0	2	28	0	7	6	25	1	0	37	0	0	16	6	0	21	0	20	14	7	8	9	0	0	459	771	686	733	552	723	537	530	556	472	521	489	480	576	481	569	678	703	683	532	492	542	483	488	523	588	504	488	498	561	710	563	545	508	478	489	474	440	540	513	553	515	3	0	0	3	0	6
21:57:15	15	15	0	10	25	4	34	25	14	17	15	27	0	27	3	19	1	47	37	24	7	0	7	38	0	7	4	4	0	0	0	14	8	39	0	0	16	0	15	37	6	0	0	0	16	0	0	13	445	741	677	694	522	742	502	530	531	461	492	490	485	557	476	515	681	634	689	550	496	504	467	480	538	512	485	455	487	566	685	548	500	562	507	501	466	471	514	495	506	529	0	0	13	16	20	0
22:07:15	31	0	0	6	0	3	7	0	19	2	0	0	14	0	5	0	0	5	22	0	11	10	1	13	5	16	0	0	22	14	13	0	18	0	3	3	22	0	9	9	0	0	3	6	0	33	31	35	478	749	702	666	555	707	546	526	530	502	532	474	453	525	509	523	629	673	674	540	512	538	506	485	498	494	473	537	550	567	699	556	516	545	516	517	478	462	488	510	540	532	10	18	23	0	0	30
22:17:15	4	4	36	27	22	0	6	4	12	0	17	5	12	0	28	18	5	15	2	0	25	30	22	23	0	0	0	0	0	21	0	11	9	34	32	0	0	9	13	4	5	4	4	8	7	5	1	0	511	766	710	679	535	760	539	522	578	487	470	466	500	519	469	557	644	698	679	551	527	509	501	490	477	477	491	508	542	572	701	523	514	541	518	465	460	483	502	503	538	505	0	14	16	11	0	18
22:27:15	11	0	7	16	21	16	37	0	5	17	0	31	0	20	9	0	0	0	19	20	18	7	17	15	0	0	37	16	0	6	17	0	0	0	6	18	0	1	0	22	0	3	0	0	12	0	3	19	489	794	685	617	537	731	537	510	552	528	485	476	483	525	483	504	659	684	680	527	477	527	502	518	491	493	497	473	501	564	736	536	504	521	525	503	489	500	471	484	526	500	15	0	11	0	30	20
22:37:15	35	3	0	0	34	19	0	0	23	0	0	24	0	0	24	2	12	5	1	35	14	9	0	0	33	4	0	25	12	0	0	13	2	13	0	24	4	18	0	4	0	0	8	48	30	8	0	15	475	762	708	603	528	706	532	515	531	475	510	487	481	484	505	519	638	681	681	562	497	465	482	503	520	483	478	491	513	564	707	534	501	510	529	467	499	495	478	497	519	498	16	12	12	15	7	6
22:47:15	7	0	25	4	0	0	15	0	17	20	0	11	12	20	9	29	23	5	21	0	14	0	0	9	0	0	28	0	0	0	8	9	19	17	8	0	0	16	18	0	0	7	21	0	34	24	11	38	479	790	714	571	558	745	507	516	530	495	494	502	450	486	490	534	635	677	683	523	490	499	496	522	509	472	483	537	539	521	715	530	498	535	533	459	473	456	496	498	525	503	0	11	9	41	0	3
22:57:15	15	18	14	0	13	11	16	6	16	9	0	23	0	13	0	0	12	3	0	12	14	14	19	9	7	30	0	30	11	4	0	27	23	3	0	13	2	31	0	17	0	29	29	21	20	12	1	2	482	759	700	550	547	698	519	515	497	484	496	494	479	489	478	500	635	684	688	584	480	499	506	496	478	493	503	518	515	529	698	515	514	536	526	479	477	499	496	498	472	522	30	26	27	0	0	10
23:07:15	12	0	19	43	10	13	0	23	9	18	0	10	0	0	13	4	0	8	0	5	8	11	10	0	5	29	6	24	0	1	0	0	5	0	22	0	24	6	18	9	27	27	23	0	0	24	10	27	480	737	696	506	531	761	535	493	492	460	504	458	450	476	504	489	606	667	652	546	475	490	485	489	469	462	489	502	523	499	694	513	480	523	509	485	472	449	491	480	544	525	5	32	26	20	0	19
23:17:15	7	1	8	24	0	3	21	0	11	16	0	19	28	17	0	12	1	19	5	24	5	0	9	12	0	10	7	0	0	0	16	0	11	13	19	39	45	36	25	0	9	7	1	12	1	14	22	37	492	711	629	528	523	760	503	483	486	495	518	500	475	459	477	484	570	657	650	499	473	474	496	476	514	500	485	503	532	527	683	538	498	521	560	505	501	485	445	512	519	507	0	16	28	3	15	32
23:27:15	17	15	14	19	2	23	0	27	0	0	22	0	0	0	8	7	22	23	0	2	16	14	0	15	0	0	0	0	0	18	6	3	7	2	0	29	7	0	10	17	0	5	4	25	0	0	0	0	500	698	598	535	529	748	545	474	495	465	498	476	486	480	504	485	513	634	618	527	469	511	499	489	514	468	479	518	533	529	678	525	500	563	533	487	481	485	470	491	518	507	30	19	29	0	0	6
23:37:15	3	16	0	11	15	0	13	31	0	13	1	0	0	9	21	13	10	19	4	27	12	0	36	3	15	0	12	37	12	21	3	26	0	19	9	4	13	8	3	12	0	0	0	13	7	11	0	5	463	634	580	513	495	763	541	496	487	488	519	500	454	479	433	480	496	591	554	519	474	479	507	468	505	487	500	547	526	513	650	536	498	521	551	466	483	457	515	478	512	507	0	0	0	18	11	0
23:47:15	0	24	7	16	11	7	22	15	0	18	11	15	7	12	0	0	0	5	0	0	22	21	13	0	0	21	25	20	1	0	0	7	26	0	7	24	23	25	14	14	16	21	7	35	1	11	3	11	507	622	563	522	528	727	485	535	469	478	511	500	470	454	464	484	504	504	497	474	504	513	492	457	493	472	479	554	506	491	661	472	509	524	541	496	500	490	504	506	513	523	0	0	0	2	0	32
23:57:15	0	4	16	0	30	0	31	14	11	0	0	29	0	26	15	0	13	36	3	8	15	0	0	20	7	7	0	7	5	22	10	0	2	16	12	0	28	27	0	13	0	0	0	10	3	0	1	1	497	571	549	512	501	743	503	497	493	458	498	494	456	458	483	489	482	513	514	480	498	514	516	497	457	489	499	525	517	530	619	510	504	544	536	483	468	493	500	516	476	556	0	15	9	1	15	27
24:07:15	10	14	31	4	11	9	0	18	12	0	13	13	40	0	0	9	7	26	0	9	0	7	11	0	0	0	21	17	16	18	13	0	14	3	0	16	0	15	41	0	0	13	4	32	19	0	19	31	466	487	492	508	498	719	482	484	479	508	490	536	440	453	488	508	477	516	496	546	484	496	510	481	468	482	515	532	524	525	605	512	510	569	534	484	511	486	477	505	500	510	0	0	30	0	8	12
24:17:15	12	0	0	0	29	0	15	21	27	0	12	24	0	0	17	12	0	6	0	15	15	0	0	5	0	27	0	12	35	0	24	18	14	0	0	21	8	0	14	4	0	19	2	0	17	0	0	5	472	517	509	502	487	714	503	482	484	478	462	524	477	458	460	470	489	506	500	514	485	504	475	495	468	494	491	509	518	533	539	521	511	550	532	484	493	499	478	501	526	519	0	4	0	0	35	0
24:27:15	7	5	18	0	27	0	0	4	55	0	20	14	8	6	43	13	3	8	2	7	29	15	24	11	22	3	15	1	24	8	0	0	15	3	0	1	0	5	0	7	1	5	2	0	0	16	19	2	479	485	512	476	460	728	451	508	508	494	504	524	462	472	495	475	478	503	490	487	462	492	531	466	479	483	464	524	533	553	542	492	510	540	567	501	494	452	480	518	507	541	32	0	9	0	28	0
24:37:15	5	14	0	16	4	14	17	0	0	19	19	12	11	12	1	7	24	28	0	7	1	0	3	0	25	0	1	6	15	0	18	19	5	13	0	12	0	8	0	0	9	36	7	6	12	0	8	1	493	521	471	513	515	739	527	478	504	507	506	485	469	482	477	492	488	506	504	474	484	503	490	503	481	457	532	534	521	524	529	506	538	550	519	508	516	475	508	524	498	507	20	23	0	31	7	0
24:47:15	6	18	12	0	0	10	0	0	8	21	28	20	8	0	11	0	16	12	0	12	5	12	3	14	10	38	18	0	0	0	14	7	21	10	0	21	0	16	23	18	0	16	1	1	0	12	12	0	500	512	515	510	509	748	474	473	513	470	448	478	452	457	490	503	495	509	496	484	447	502	539	479	492	488	522	507	551	537	581	492	528	526	543	501	494	495	497	489	514	531	4	0	12	5	0	18
24:57:15	0	39	9	0	0	39	14	0	0	32	14	41	2	3	0	6	0	3	18	12	35	12	20	6	0	18	0	11	23	0	9	0	0	7	8	12	0	15	0	0	24	21	19	0	16	15	11	19	494	528	512	483	513	750	491	497	461	509	502	509	447	493	498	485	518	524	487	503	483	496	500	481	481	506	488	521	502	529	501	512	481	528	538	460	518	492	505	528	502	515	26	0	10	14	20	0
25:07:15	22	25	19	26	21	6	0	0	0	3	0	0	2	14	0	31	18	23	4	20	9	11	4	4	0	0	0	22	26	0	0	0	1	51	0	8	10	0	25	5	0	18	2	0	27	37	17	3	462	527	575	512	528	746	497	498	473	503	507	519	476	464	508	470	500	510	478	500	471	501	514	454	495	471	475	534	548	527	529	538	506	550	542	509	503	488	507	562	515	511	26	15	2	18	0	11
25:17:15	9	2	17	12	21	26	0	19	6	10	1	0	24	0	0	19	17	20	0	9	26	13	0	0	1	18	8	0	0	29	0	0	0	0	0	20	23	6	0	17	0	0	12	17	0	16	8	19	507	490	502	524	521	740	515	483	460	498	486	522	472	467	491	500	482	514	506	482	479	493	495	479	500	497	483	534	536	517	537	524	500	536	553	495	511	510	507	518	531	545	0	6	0	25	0	10
25:27:15	38	0	0	31	21	22	19	0	19	25	0	42	3	0	0	12	6	16	19	18	18	6	0	4	0	5	7	0	0	11	16	7	15	0	1	0	7	0	0	1	0	7	0	6	0	0	6	6	486	522	511	504	514	750	509	485	464	493	515	494	458	453	466	493	516	501	498	512	517	512	504	494	493	490	508	507	550	539	499	507	540	528	566	466	504	530	519	522	496	522	29	3	5	45	3	0
25:37:15	0	13	0	0	16	0	19	24	5	11	9	5	0	30	0	21	9	0	27	17	34	0	0	0	0	0	32	5	0	4	2	1	0	0	2	22	18	10	0	0	0	4	9	1	1	8	0	16	474	507	481	495	474	747	494	484	490	487	517	501	475	467	488	509	472	517	507	515	490	508	508	498	485	443	499	542	511	524	469	559	527	543	566	500	523	454	506	489	516	532	27	4	0	23	0	0

