600

Kinetic read	A1	A2	A3	A4	A5	A6	A7	A8	A9	A10	A11	A12	B1	B2	B3	B4	B5	B6	B7	B8	B9	B10	B11	B12	C1	C2	C3	C4	C5	C6	C7	C8	C9	C10	C11	C12	D1	D2	D3	D4	D5	D6	D7	D8	D9	D10	D11	D12	E1	E2	E3	E4	E5	E6	E7	E8	E9	E10	E11	E12	F1	F2	F3	F4	F5	F6	F7	F8	F9	F10	F11	F12	G1	G2	G3	G4	G5	G6	G7	G8	G9	G10	G11	G12	H1	H2	H3	H4	H5	H6	H7	H8	H9	H10	H11	H12
0:06:43	0.123	0.148	0.131	0.125	0.127	0.130	0.127	0.133	0.140	0.124	0.127	0.164	0.121	0.123	0.123	0.128	0.132	0.136	0.126	0.134	0.130	0.125	0.130	0.126	0.122	0.126	0.126	0.136	0.139	0.142	0.125	0.133	0.128	0.128	0.136	0.131	0.127	0.130	0.128	0.138	0.136	0.139	0.106	0.096	0.100	0.103	0.103	0.101	0.133	0.128	0.128	0.135	0.125	0.136	0.140	0.138	0.130	0.129	0.135	0.136	0.142	0.120	0.123	0.127	0.135	0.129	0.130	0.132	0.124	0.130	0.128	0.132	0.127	0.126	0.125	0.136	0.136	0.131	0.128	0.130	0.124	0.130	0.139	0.134	0.122	0.121	0.123	0.140	0.136	0.135	0.095	0.095	0.096	0.098	0.100	0.103
0:16:43	0.123	0.149	0.132	0.124	0.128	0.130	0.138	0.144	0.141	0.125	0.128	0.165	0.154	0.156	0.123	0.128	0.131	0.137	0.132	0.136	0.141	0.128	0.132	0.127	0.122	0.127	0.127	0.137	0.140	0.142	0.126	0.134	0.130	0.129	0.137	0.134	0.127	0.130	0.129	0.139	0.139	0.145	0.105	0.096	0.099	0.103	0.103	0.101	0.135	0.128	0.129	0.136	0.126	0.136	0.140	0.138	0.134	0.129	0.136	0.138	0.161	0.121	0.123	0.128	0.137	0.131	0.132	0.135	0.126	0.131	0.130	0.133	0.128	0.128	0.125	0.138	0.137	0.132	0.130	0.131	0.126	0.132	0.140	0.136	0.124	0.123	0.124	0.142	0.137	0.136	0.095	0.095	0.096	0.097	0.100	0.103
0:26:43	0.124	0.148	0.132	0.126	0.129	0.131	0.210	0.200	0.144	0.126	0.133	0.164	0.122	0.194	0.147	0.129	0.133	0.139	0.143	0.138	0.144	0.128	0.132	0.128	0.123	0.128	0.128	0.139	0.142	0.144	0.127	0.136	0.133	0.129	0.138	0.137	0.129	0.131	0.130	0.140	0.141	0.164	0.105	0.096	0.099	0.103	0.102	0.101	0.135	0.129	0.131	0.138	0.128	0.137	0.141	0.140	0.133	0.131	0.137	0.139	0.134	0.122	0.124	0.130	0.138	0.132	0.133	0.136	0.127	0.131	0.130	0.133	0.129	0.130	0.128	0.140	0.141	0.135	0.132	0.133	0.128	0.134	0.142	0.137	0.126	0.124	0.126	0.143	0.139	0.138	0.094	0.095	0.096	0.098	0.100	0.102
0:36:43	0.126	0.148	0.134	0.129	0.148	0.135	0.216	0.210	0.142	0.126	0.144	0.163	0.122	0.180	0.172	0.129	0.134	0.139	0.147	0.140	0.134	0.145	0.133	0.129	0.124	0.129	0.129	0.139	0.143	0.145	0.129	0.137	0.136	0.130	0.139	0.137	0.131	0.132	0.131	0.140	0.141	0.158	0.105	0.095	0.099	0.102	0.102	0.101	0.138	0.132	0.132	0.139	0.132	0.137	0.142	0.141	0.134	0.133	0.139	0.140	0.150	0.122	0.125	0.130	0.139	0.134	0.136	0.139	0.129	0.132	0.132	0.135	0.131	0.131	0.129	0.143	0.142	0.136	0.134	0.135	0.129	0.137	0.144	0.138	0.127	0.126	0.126	0.145	0.140	0.140	0.094	0.094	0.095	0.098	0.100	0.102
0:46:43	0.133	0.149	0.138	0.129	0.175	0.142	0.220	0.214	0.148	0.137	0.162	0.162	0.123	0.197	0.194	0.144	0.136	0.142	0.156	0.141	0.145	0.132	0.135	0.131	0.136	0.134	0.132	0.141	0.150	0.147	0.129	0.139	0.151	0.133	0.144	0.139	0.132	0.132	0.132	0.141	0.143	0.152	0.104	0.095	0.098	0.102	0.102	0.101	0.142	0.134	0.134	0.141	0.134	0.140	0.143	0.142	0.135	0.133	0.140	0.141	0.129	0.125	0.126	0.132	0.140	0.135	0.138	0.143	0.131	0.134	0.134	0.137	0.133	0.132	0.131	0.145	0.144	0.139	0.136	0.137	0.132	0.140	0.146	0.142	0.129	0.128	0.129	0.147	0.142	0.142	0.094	0.094	0.095	0.097	0.100	0.102
0:56:43	0.150	0.148	0.177	0.189	0.191	0.187	0.195	0.219	0.153	0.143	0.173	0.161	0.123	0.171	0.182	0.168	0.137	0.142	0.191	0.144	0.173	0.129	0.136	0.133	0.134	0.134	0.133	0.142	0.174	0.149	0.131	0.141	0.142	0.134	0.148	0.145	0.133	0.134	0.135	0.142	0.152	0.151	0.104	0.095	0.098	0.102	0.102	0.101	0.146	0.136	0.136	0.143	0.135	0.139	0.146	0.145	0.136	0.136	0.141	0.142	0.156	0.126	0.128	0.135	0.142	0.137	0.140	0.143	0.133	0.136	0.136	0.138	0.135	0.135	0.133	0.147	0.147	0.142	0.138	0.140	0.134	0.141	0.148	0.144	0.131	0.130	0.131	0.149	0.145	0.144	0.094	0.094	0.095	0.097	0.100	0.102
1:06:43	0.156	0.151	0.194	0.172	0.193	0.188	0.204	0.210	0.156	0.151	0.177	0.161	0.125	0.146	0.155	0.190	0.140	0.145	0.190	0.148	0.190	0.131	0.160	0.136	0.156	0.138	0.136	0.148	0.178	0.154	0.133	0.145	0.139	0.137	0.154	0.146	0.135	0.142	0.141	0.147	0.155	0.151	0.104	0.095	0.098	0.102	0.102	0.101	0.146	0.140	0.139	0.145	0.137	0.141	0.146	0.148	0.137	0.138	0.144	0.145	0.131	0.126	0.130	0.137	0.145	0.139	0.144	0.145	0.135	0.138	0.138	0.141	0.137	0.137	0.137	0.152	0.150	0.145	0.141	0.141	0.137	0.144	0.151	0.146	0.133	0.132	0.134	0.152	0.149	0.146	0.094	0.094	0.095	0.097	0.100	0.102
1:16:43	0.153	0.152	0.188	0.196	0.188	0.211	0.197	0.186	0.152	0.143	0.162	0.161	0.127	0.130	0.180	0.195	0.142	0.145	0.189	0.150	0.191	0.133	0.145	0.136	0.164	0.147	0.154	0.181	0.177	0.157	0.136	0.146	0.141	0.139	0.160	0.151	0.137	0.145	0.142	0.156	0.164	0.154	0.104	0.095	0.098	0.102	0.102	0.100	0.150	0.142	0.142	0.148	0.138	0.143	0.147	0.148	0.140	0.140	0.146	0.146	0.132	0.129	0.131	0.140	0.146	0.142	0.146	0.149	0.138	0.141	0.141	0.144	0.140	0.140	0.138	0.156	0.153	0.147	0.143	0.145	0.140	0.147	0.154	0.150	0.136	0.134	0.136	0.155	0.151	0.149	0.094	0.094	0.095	0.097	0.100	0.102
1:26:43	0.157	0.154	0.187	0.165	0.206	0.209	0.171	0.155	0.156	0.154	0.143	0.162	0.129	0.133	0.172	0.197	0.145	0.148	0.184	0.156	0.179	0.135	0.143	0.140	0.158	0.150	0.168	0.181	0.175	0.162	0.139	0.149	0.145	0.141	0.164	0.157	0.142	0.145	0.144	0.157	0.164	0.160	0.104	0.095	0.098	0.102	0.102	0.100	0.157	0.146	0.145	0.151	0.143	0.145	0.150	0.151	0.141	0.143	0.148	0.150	0.134	0.131	0.133	0.144	0.149	0.145	0.151	0.153	0.142	0.144	0.144	0.145	0.142	0.143	0.143	0.160	0.157	0.151	0.145	0.147	0.142	0.150	0.158	0.153	0.138	0.137	0.140	0.159	0.155	0.154	0.094	0.094	0.095	0.097	0.099	0.102
1:36:43	0.162	0.156	0.160	0.186	0.176	0.209	0.156	0.150	0.157	0.150	0.144	0.163	0.131	0.136	0.152	0.195	0.148	0.150	0.183	0.158	0.169	0.138	0.154	0.145	0.162	0.146	0.168	0.175	0.176	0.166	0.141	0.153	0.149	0.145	0.166	0.159	0.160	0.150	0.146	0.159	0.166	0.164	0.104	0.095	0.098	0.102	0.102	0.100	0.167	0.150	0.150	0.161	0.145	0.148	0.155	0.157	0.142	0.146	0.152	0.152	0.136	0.132	0.135	0.147	0.153	0.148	0.155	0.156	0.144	0.147	0.148	0.150	0.146	0.146	0.145	0.166	0.162	0.155	0.150	0.150	0.146	0.154	0.160	0.156	0.141	0.140	0.141	0.163	0.159	0.157	0.094	0.094	0.095	0.097	0.100	0.102
1:46:43	0.164	0.159	0.180	0.150	0.177	0.214	0.146	0.151	0.160	0.149	0.147	0.165	0.133	0.139	0.154	0.188	0.151	0.153	0.184	0.162	0.190	0.141	0.154	0.154	0.160	0.153	0.163	0.172	0.180	0.173	0.145	0.156	0.156	0.149	0.175	0.168	0.162	0.157	0.154	0.168	0.169	0.170	0.104	0.095	0.098	0.102	0.102	0.100	0.167	0.155	0.153	0.158	0.148	0.150	0.157	0.156	0.145	0.149	0.155	0.156	0.140	0.135	0.137	0.151	0.157	0.151	0.160	0.160	0.149	0.152	0.152	0.153	0.149	0.151	0.149	0.173	0.168	0.160	0.154	0.156	0.150	0.158	0.165	0.161	0.145	0.144	0.148	0.168	0.163	0.162	0.094	0.094	0.095	0.097	0.100	0.102
1:56:43	0.169	0.163	0.187	0.200	0.172	0.209	0.142	0.155	0.164	0.148	0.151	0.169	0.136	0.143	0.144	0.196	0.156	0.156	0.170	0.167	0.190	0.144	0.157	0.158	0.147	0.158	0.155	0.175	0.184	0.179	0.149	0.161	0.157	0.154	0.177	0.175	0.161	0.161	0.155	0.170	0.176	0.174	0.104	0.095	0.098	0.102	0.102	0.100	0.177	0.161	0.157	0.164	0.153	0.153	0.160	0.158	0.148	0.154	0.159	0.159	0.141	0.138	0.141	0.154	0.161	0.155	0.164	0.166	0.153	0.155	0.156	0.157	0.155	0.156	0.153	0.179	0.172	0.165	0.159	0.159	0.156	0.163	0.171	0.165	0.150	0.149	0.149	0.174	0.168	0.168	0.094	0.094	0.095	0.097	0.099	0.101
2:06:43	0.178	0.166	0.221	0.202	0.179	0.207	0.145	0.158	0.167	0.153	0.157	0.172	0.139	0.147	0.146	0.164	0.160	0.160	0.184	0.172	0.178	0.149	0.166	0.162	0.157	0.162	0.172	0.182	0.190	0.187	0.155	0.166	0.162	0.158	0.181	0.177	0.184	0.165	0.161	0.173	0.182	0.182	0.104	0.095	0.098	0.102	0.102	0.100	0.176	0.166	0.161	0.167	0.158	0.157	0.163	0.163	0.151	0.158	0.163	0.163	0.145	0.141	0.143	0.160	0.165	0.160	0.169	0.171	0.159	0.161	0.161	0.162	0.159	0.161	0.159	0.189	0.179	0.170	0.164	0.165	0.160	0.168	0.175	0.170	0.154	0.154	0.156	0.179	0.175	0.174	0.094	0.094	0.095	0.097	0.099	0.101
2:16:43	0.181	0.172	0.218	0.194	0.175	0.199	0.147	0.162	0.172	0.157	0.161	0.175	0.142	0.150	0.149	0.168	0.166	0.165	0.171	0.178	0.190	0.153	0.166	0.165	0.159	0.165	0.171	0.191	0.201	0.193	0.160	0.172	0.168	0.164	0.183	0.181	0.165	0.170	0.165	0.179	0.188	0.187	0.104	0.095	0.098	0.102	0.102	0.100	0.178	0.172	0.168	0.176	0.168	0.160	0.166	0.166	0.153	0.162	0.168	0.168	0.149	0.146	0.151	0.164	0.170	0.165	0.175	0.177	0.162	0.165	0.165	0.168	0.165	0.167	0.165	0.193	0.186	0.177	0.169	0.171	0.167	0.174	0.181	0.176	0.160	0.159	0.160	0.186	0.181	0.179	0.094	0.094	0.095	0.097	0.099	0.101
2:26:43	0.190	0.179	0.212	0.190	0.176	0.181	0.150	0.168	0.176	0.159	0.164	0.180	0.146	0.154	0.153	0.212	0.170	0.169	0.181	0.184	0.185	0.159	0.171	0.173	0.163	0.171	0.176	0.196	0.207	0.201	0.166	0.178	0.172	0.169	0.185	0.186	0.169	0.176	0.173	0.185	0.194	0.194	0.104	0.095	0.098	0.102	0.102	0.100	0.183	0.178	0.174	0.180	0.179	0.164	0.169	0.169	0.157	0.167	0.173	0.173	0.153	0.148	0.153	0.168	0.174	0.169	0.181	0.184	0.168	0.171	0.171	0.172	0.172	0.173	0.169	0.204	0.193	0.184	0.175	0.177	0.173	0.181	0.187	0.183	0.165	0.164	0.165	0.193	0.188	0.187	0.094	0.094	0.095	0.097	0.099	0.101
2:36:43	0.205	0.186	0.196	0.181	0.181	0.182	0.154	0.172	0.179	0.165	0.169	0.184	0.149	0.157	0.156	0.187	0.177	0.175	0.183	0.190	0.189	0.165	0.177	0.176	0.169	0.178	0.182	0.204	0.215	0.210	0.171	0.183	0.177	0.174	0.191	0.196	0.176	0.180	0.178	0.195	0.201	0.204	0.104	0.095	0.098	0.102	0.102	0.100	0.190	0.185	0.181	0.191	0.174	0.170	0.173	0.174	0.158	0.174	0.180	0.179	0.157	0.153	0.155	0.174	0.178	0.174	0.189	0.191	0.175	0.177	0.177	0.179	0.179	0.180	0.176	0.215	0.201	0.191	0.181	0.184	0.179	0.186	0.196	0.190	0.173	0.171	0.170	0.202	0.196	0.195	0.094	0.094	0.095	0.097	0.099	0.101
2:46:43	0.204	0.191	0.198	0.175	0.188	0.189	0.158	0.177	0.185	0.171	0.174	0.188	0.152	0.162	0.159	0.180	0.183	0.181	0.191	0.199	0.197	0.172	0.186	0.182	0.202	0.187	0.191	0.214	0.225	0.220	0.178	0.191	0.185	0.180	0.201	0.204	0.183	0.188	0.189	0.200	0.211	0.213	0.104	0.095	0.098	0.102	0.102	0.100	0.198	0.194	0.188	0.190	0.181	0.176	0.179	0.178	0.162	0.179	0.186	0.184	0.161	0.157	0.160	0.181	0.186	0.180	0.199	0.197	0.182	0.183	0.183	0.186	0.184	0.188	0.185	0.219	0.211	0.200	0.189	0.190	0.185	0.193	0.202	0.198	0.180	0.179	0.178	0.212	0.205	0.202	0.094	0.094	0.095	0.097	0.100	0.101
2:56:43	0.207	0.201	0.205	0.179	0.196	0.194	0.162	0.182	0.191	0.175	0.180	0.193	0.157	0.167	0.164	0.182	0.188	0.189	0.193	0.207	0.207	0.180	0.193	0.189	0.184	0.193	0.199	0.222	0.235	0.232	0.186	0.199	0.193	0.189	0.212	0.214	0.191	0.194	0.194	0.210	0.218	0.224	0.104	0.095	0.098	0.102	0.102	0.100	0.205	0.203	0.196	0.197	0.190	0.182	0.184	0.182	0.166	0.189	0.192	0.191	0.164	0.161	0.164	0.187	0.192	0.188	0.204	0.207	0.189	0.189	0.190	0.193	0.194	0.196	0.191	0.231	0.220	0.209	0.197	0.198	0.194	0.203	0.210	0.205	0.187	0.185	0.186	0.222	0.212	0.212	0.094	0.094	0.095	0.097	0.100	0.101
3:06:43	0.218	0.209	0.214	0.186	0.203	0.200	0.167	0.189	0.196	0.182	0.188	0.199	0.161	0.171	0.168	0.189	0.198	0.197	0.203	0.217	0.214	0.185	0.199	0.197	0.191	0.205	0.208	0.233	0.246	0.244	0.195	0.209	0.200	0.196	0.220	0.223	0.198	0.205	0.203	0.220	0.229	0.234	0.104	0.095	0.098	0.102	0.102	0.100	0.216	0.212	0.205	0.205	0.197	0.189	0.189	0.188	0.170	0.197	0.201	0.199	0.170	0.166	0.170	0.195	0.201	0.197	0.213	0.217	0.198	0.198	0.199	0.200	0.203	0.204	0.201	0.241	0.230	0.217	0.206	0.208	0.202	0.213	0.220	0.215	0.196	0.196	0.195	0.232	0.224	0.221	0.094	0.094	0.095	0.097	0.100	0.101
3:16:43	0.227	0.218	0.223	0.193	0.212	0.207	0.172	0.196	0.203	0.191	0.193	0.206	0.167	0.178	0.175	0.195	0.203	0.204	0.209	0.226	0.226	0.191	0.209	0.206	0.201	0.213	0.215	0.242	0.256	0.256	0.203	0.218	0.209	0.204	0.235	0.233	0.206	0.214	0.212	0.230	0.237	0.245	0.104	0.095	0.098	0.102	0.102	0.100	0.226	0.219	0.213	0.215	0.204	0.196	0.199	0.194	0.176	0.204	0.208	0.203	0.174	0.170	0.174	0.202	0.211	0.204	0.221	0.228	0.206	0.205	0.207	0.210	0.211	0.214	0.208	0.253	0.241	0.226	0.217	0.215	0.211	0.223	0.231	0.224	0.203	0.204	0.202	0.243	0.237	0.231	0.094	0.094	0.095	0.097	0.100	0.101
3:26:43	0.236	0.227	0.233	0.200	0.222	0.215	0.177	0.204	0.213	0.199	0.202	0.212	0.172	0.184	0.180	0.202	0.214	0.213	0.218	0.237	0.235	0.200	0.219	0.217	0.210	0.224	0.225	0.252	0.269	0.269	0.213	0.228	0.219	0.215	0.243	0.247	0.214	0.223	0.221	0.238	0.246	0.257	0.104	0.095	0.098	0.102	0.102	0.100	0.238	0.230	0.224	0.221	0.214	0.203	0.202	0.200	0.180	0.213	0.216	0.210	0.179	0.175	0.182	0.210	0.219	0.212	0.230	0.237	0.216	0.215	0.215	0.217	0.222	0.222	0.217	0.265	0.255	0.235	0.223	0.226	0.220	0.234	0.241	0.234	0.215	0.211	0.212	0.254	0.249	0.242	0.094	0.094	0.095	0.098	0.100	0.101
3:36:43	0.246	0.238	0.246	0.207	0.232	0.225	0.185	0.211	0.222	0.207	0.210	0.219	0.178	0.191	0.187	0.209	0.223	0.224	0.228	0.247	0.246	0.206	0.229	0.225	0.219	0.233	0.233	0.264	0.282	0.281	0.222	0.238	0.231	0.225	0.256	0.258	0.223	0.234	0.231	0.247	0.258	0.266	0.104	0.095	0.098	0.102	0.102	0.100	0.251	0.239	0.231	0.228	0.218	0.210	0.209	0.208	0.187	0.219	0.222	0.218	0.185	0.182	0.187	0.220	0.227	0.222	0.240	0.248	0.225	0.224	0.225	0.225	0.233	0.232	0.227	0.276	0.270	0.248	0.234	0.240	0.234	0.245	0.252	0.243	0.224	0.220	0.220	0.267	0.261	0.250	0.094	0.094	0.095	0.097	0.099	0.101
3:46:43	0.236	0.251	0.256	0.215	0.241	0.234	0.191	0.219	0.229	0.217	0.220	0.226	0.186	0.196	0.195	0.217	0.233	0.232	0.238	0.261	0.260	0.214	0.240	0.237	0.229	0.245	0.245	0.275	0.296	0.297	0.231	0.249	0.242	0.236	0.267	0.271	0.234	0.242	0.243	0.258	0.269	0.277	0.104	0.095	0.098	0.101	0.102	0.100	0.262	0.250	0.241	0.237	0.227	0.221	0.219	0.218	0.192	0.228	0.235	0.227	0.192	0.188	0.194	0.228	0.238	0.228	0.251	0.260	0.235	0.236	0.236	0.235	0.245	0.242	0.236	0.291	0.281	0.261	0.247	0.250	0.244	0.257	0.265	0.257	0.236	0.231	0.230	0.281	0.274	0.265	0.093	0.094	0.095	0.097	0.099	0.101
3:56:43	0.250	0.264	0.269	0.226	0.251	0.242	0.201	0.229	0.238	0.226	0.231	0.238	0.192	0.204	0.201	0.226	0.244	0.246	0.249	0.274	0.274	0.225	0.253	0.248	0.240	0.260	0.258	0.291	0.312	0.313	0.239	0.259	0.254	0.249	0.282	0.284	0.244	0.254	0.252	0.271	0.283	0.291	0.104	0.095	0.098	0.102	0.102	0.100	0.272	0.261	0.254	0.248	0.238	0.230	0.227	0.226	0.200	0.239	0.243	0.240	0.200	0.196	0.202	0.239	0.247	0.237	0.265	0.272	0.246	0.249	0.250	0.244	0.256	0.252	0.248	0.306	0.293	0.272	0.257	0.262	0.257	0.272	0.280	0.269	0.246	0.244	0.244	0.295	0.287	0.276	0.094	0.094	0.095	0.097	0.099	0.101
4:06:43	0.262	0.278	0.284	0.235	0.259	0.255	0.208	0.240	0.250	0.237	0.243	0.249	0.198	0.212	0.208	0.235	0.256	0.257	0.263	0.288	0.290	0.237	0.265	0.262	0.250	0.275	0.269	0.305	0.331	0.332	0.252	0.275	0.269	0.264	0.296	0.297	0.253	0.266	0.264	0.283	0.298	0.305	0.104	0.095	0.098	0.102	0.102	0.100	0.287	0.274	0.264	0.261	0.251	0.241	0.237	0.236	0.207	0.250	0.255	0.249	0.223	0.204	0.210	0.249	0.256	0.248	0.278	0.284	0.257	0.260	0.261	0.259	0.269	0.265	0.259	0.325	0.312	0.286	0.266	0.277	0.268	0.283	0.294	0.284	0.260	0.258	0.254	0.311	0.300	0.291	0.094	0.094	0.095	0.097	0.099	0.101
4:16:43	0.272	0.292	0.298	0.245	0.270	0.267	0.218	0.251	0.260	0.250	0.255	0.260	0.204	0.220	0.219	0.249	0.269	0.267	0.274	0.304	0.308	0.247	0.277	0.277	0.264	0.288	0.284	0.328	0.350	0.350	0.265	0.288	0.284	0.278	0.311	0.316	0.267	0.280	0.281	0.299	0.317	0.320	0.104	0.095	0.098	0.102	0.102	0.100	0.304	0.288	0.277	0.273	0.265	0.254	0.247	0.246	0.216	0.262	0.269	0.259	0.232	0.212	0.218	0.260	0.265	0.261	0.290	0.300	0.269	0.271	0.272	0.271	0.282	0.278	0.271	0.342	0.328	0.301	0.279	0.291	0.282	0.301	0.308	0.301	0.271	0.270	0.267	0.323	0.318	0.311	0.094	0.094	0.095	0.097	0.099	0.101
4:26:43	0.286	0.310	0.317	0.257	0.284	0.282	0.228	0.264	0.273	0.261	0.269	0.275	0.215	0.232	0.228	0.258	0.283	0.283	0.289	0.323	0.327	0.260	0.292	0.290	0.278	0.304	0.301	0.343	0.368	0.369	0.278	0.304	0.297	0.291	0.329	0.333	0.280	0.296	0.291	0.318	0.336	0.336	0.104	0.095	0.098	0.102	0.102	0.100	0.319	0.303	0.289	0.286	0.280	0.268	0.257	0.255	0.226	0.274	0.280	0.274	0.234	0.222	0.227	0.272	0.279	0.273	0.308	0.313	0.284	0.284	0.288	0.282	0.294	0.294	0.285	0.361	0.347	0.314	0.294	0.307	0.297	0.319	0.328	0.315	0.284	0.281	0.278	0.339	0.336	0.322	0.094	0.094	0.095	0.097	0.099	0.101
4:36:43	0.300	0.326	0.333	0.269	0.298	0.298	0.238	0.275	0.284	0.276	0.283	0.286	0.224	0.245	0.240	0.273	0.298	0.298	0.307	0.341	0.343	0.274	0.307	0.306	0.294	0.321	0.319	0.364	0.389	0.387	0.294	0.323	0.316	0.308	0.348	0.351	0.295	0.312	0.309	0.334	0.350	0.352	0.104	0.095	0.098	0.102	0.102	0.100	0.338	0.322	0.306	0.299	0.294	0.280	0.270	0.268	0.234	0.284	0.292	0.287	0.236	0.231	0.238	0.285	0.292	0.287	0.324	0.327	0.300	0.298	0.299	0.296	0.311	0.310	0.303	0.380	0.368	0.331	0.311	0.321	0.313	0.337	0.345	0.336	0.299	0.299	0.292	0.355	0.363	0.339	0.094	0.094	0.095	0.097	0.099	0.101
4:46:43	0.319	0.343	0.354	0.282	0.314	0.315	0.248	0.289	0.298	0.293	0.301	0.297	0.234	0.255	0.253	0.287	0.316	0.316	0.324	0.358	0.362	0.287	0.325	0.324	0.312	0.339	0.336	0.382	0.410	0.408	0.309	0.339	0.334	0.324	0.362	0.367	0.313	0.330	0.325	0.353	0.371	0.370	0.104	0.095	0.098	0.102	0.102	0.100	0.354	0.337	0.322	0.317	0.309	0.294	0.282	0.280	0.244	0.300	0.307	0.298	0.246	0.241	0.246	0.301	0.308	0.301	0.338	0.336	0.315	0.312	0.316	0.307	0.326	0.323	0.317	0.393	0.380	0.345	0.329	0.339	0.329	0.351	0.357	0.350	0.318	0.310	0.308	0.378	0.374	0.357	0.093	0.094	0.095	0.097	0.099	0.101
4:56:43	0.334	0.362	0.371	0.299	0.327	0.333	0.260	0.303	0.312	0.309	0.319	0.308	0.248	0.267	0.264	0.303	0.333	0.332	0.340	0.376	0.383	0.306	0.344	0.343	0.331	0.357	0.356	0.401	0.430	0.430	0.327	0.355	0.352	0.341	0.380	0.384	0.329	0.344	0.341	0.373	0.389	0.387	0.103	0.095	0.098	0.102	0.101	0.100	0.370	0.354	0.340	0.333	0.328	0.309	0.297	0.292	0.256	0.312	0.323	0.314	0.263	0.252	0.257	0.317	0.325	0.317	0.355	0.354	0.331	0.331	0.333	0.321	0.344	0.341	0.331	0.411	0.393	0.364	0.346	0.354	0.345	0.368	0.375	0.368	0.337	0.326	0.325	0.391	0.389	0.376	0.093	0.094	0.095	0.097	0.099	0.101
5:06:43	0.348	0.384	0.393	0.317	0.347	0.351	0.275	0.321	0.328	0.327	0.337	0.319	0.257	0.280	0.276	0.319	0.351	0.350	0.361	0.396	0.403	0.323	0.361	0.360	0.347	0.374	0.373	0.422	0.452	0.449	0.343	0.375	0.370	0.358	0.399	0.401	0.347	0.361	0.356	0.389	0.409	0.406	0.104	0.095	0.098	0.101	0.102	0.100	0.388	0.367	0.354	0.349	0.345	0.327	0.309	0.307	0.267	0.329	0.338	0.330	0.272	0.263	0.271	0.329	0.340	0.332	0.371	0.369	0.345	0.346	0.352	0.339	0.365	0.359	0.345	0.430	0.411	0.385	0.362	0.372	0.362	0.389	0.397	0.387	0.351	0.346	0.343	0.421	0.405	0.394	0.094	0.094	0.095	0.097	0.099	0.101
5:16:43	0.366	0.408	0.413	0.332	0.362	0.372	0.287	0.336	0.348	0.344	0.356	0.342	0.272	0.295	0.293	0.336	0.368	0.366	0.382	0.417	0.423	0.343	0.384	0.384	0.363	0.390	0.397	0.444	0.476	0.473	0.360	0.391	0.392	0.374	0.420	0.425	0.362	0.378	0.373	0.409	0.433	0.429	0.103	0.095	0.098	0.102	0.101	0.100	0.408	0.383	0.371	0.366	0.360	0.344	0.325	0.322	0.281	0.345	0.357	0.345	0.286	0.277	0.286	0.348	0.358	0.348	0.394	0.387	0.363	0.365	0.368	0.353	0.385	0.376	0.363	0.464	0.428	0.408	0.380	0.389	0.380	0.405	0.420	0.395	0.368	0.360	0.361	0.450	0.420	0.436	0.094	0.094	0.095	0.097	0.099	0.102
5:26:43	0.385	0.429	0.434	0.350	0.379	0.394	0.305	0.351	0.362	0.362	0.375	0.368	0.287	0.310	0.311	0.353	0.387	0.384	0.400	0.436	0.440	0.360	0.399	0.403	0.383	0.410	0.416	0.465	0.499	0.498	0.380	0.415	0.412	0.391	0.444	0.443	0.383	0.397	0.392	0.431	0.455	0.454	0.103	0.095	0.098	0.101	0.101	0.100	0.422	0.400	0.387	0.385	0.379	0.361	0.339	0.337	0.295	0.362	0.373	0.362	0.301	0.292	0.300	0.362	0.374	0.363	0.415	0.409	0.381	0.380	0.382	0.369	0.402	0.394	0.375	0.498	0.461	0.431	0.398	0.407	0.401	0.427	0.436	0.426	0.386	0.382	0.377	0.470	0.467	0.482	0.093	0.094	0.095	0.097	0.099	0.101
5:36:43	0.403	0.455	0.462	0.367	0.402	0.410	0.320	0.368	0.379	0.378	0.394	0.393	0.301	0.326	0.330	0.371	0.406	0.404	0.420	0.458	0.460	0.379	0.417	0.420	0.404	0.433	0.435	0.491	0.524	0.521	0.400	0.438	0.433	0.415	0.465	0.467	0.401	0.417	0.410	0.453	0.476	0.477	0.103	0.095	0.098	0.101	0.101	0.100	0.439	0.422	0.404	0.403	0.396	0.379	0.356	0.352	0.310	0.377	0.392	0.382	0.317	0.307	0.314	0.379	0.392	0.384	0.437	0.433	0.401	0.394	0.397	0.389	0.422	0.411	0.395	0.529	0.484	0.458	0.419	0.425	0.416	0.447	0.455	0.440	0.403	0.404	0.397	0.489	0.478	0.500	0.093	0.093	0.095	0.097	0.099	0.101
5:46:43	0.427	0.478	0.488	0.389	0.423	0.433	0.338	0.386	0.395	0.397	0.411	0.411	0.320	0.340	0.345	0.390	0.429	0.425	0.441	0.484	0.480	0.394	0.437	0.442	0.425	0.460	0.459	0.515	0.549	0.545	0.419	0.459	0.457	0.435	0.484	0.491	0.422	0.439	0.434	0.477	0.501	0.503	0.103	0.095	0.098	0.101	0.102	0.100	0.458	0.449	0.422	0.423	0.411	0.397	0.375	0.369	0.328	0.400	0.411	0.397	0.331	0.322	0.334	0.399	0.410	0.404	0.461	0.456	0.422	0.410	0.412	0.409	0.438	0.431	0.415	0.587	0.514	0.485	0.441	0.449	0.437	0.463	0.472	0.456	0.420	0.420	0.419	0.529	0.503	0.526	0.093	0.094	0.095	0.097	0.099	0.101
5:56:43	0.448	0.498	0.511	0.410	0.444	0.457	0.352	0.404	0.412	0.416	0.432	0.436	0.336	0.359	0.365	0.407	0.451	0.447	0.464	0.508	0.499	0.414	0.460	0.461	0.447	0.484	0.480	0.542	0.574	0.573	0.439	0.482	0.479	0.461	0.506	0.507	0.450	0.462	0.455	0.501	0.521	0.526	0.103	0.095	0.098	0.101	0.101	0.100	0.485	0.471	0.449	0.443	0.432	0.420	0.392	0.385	0.344	0.420	0.427	0.413	0.348	0.339	0.349	0.417	0.434	0.424	0.484	0.481	0.445	0.427	0.431	0.431	0.461	0.453	0.436	0.617	0.544	0.520	0.462	0.465	0.464	0.485	0.489	0.468	0.442	0.436	0.443	0.563	0.525	0.558	0.093	0.093	0.095	0.097	0.099	0.101
6:06:43	0.474	0.524	0.537	0.431	0.470	0.480	0.372	0.422	0.430	0.434	0.451	0.457	0.351	0.379	0.383	0.430	0.474	0.472	0.489	0.531	0.522	0.439	0.480	0.484	0.474	0.507	0.501	0.562	0.598	0.601	0.463	0.504	0.496	0.483	0.529	0.532	0.472	0.488	0.480	0.518	0.543	0.552	0.104	0.095	0.098	0.101	0.101	0.100	0.508	0.498	0.473	0.465	0.457	0.441	0.410	0.405	0.357	0.441	0.450	0.436	0.364	0.354	0.366	0.442	0.456	0.448	0.505	0.515	0.471	0.453	0.456	0.449	0.482	0.476	0.462	0.667	0.580	0.566	0.485	0.506	0.500	0.514	0.524	0.496	0.474	0.463	0.464	0.606	0.562	0.592	0.093	0.093	0.095	0.097	0.099	0.101
6:16:43	0.498	0.548	0.562	0.457	0.492	0.506	0.389	0.440	0.450	0.454	0.472	0.481	0.370	0.398	0.404	0.453	0.498	0.496	0.510	0.554	0.543	0.454	0.504	0.504	0.495	0.531	0.529	0.589	0.622	0.628	0.489	0.526	0.516	0.508	0.555	0.557	0.497	0.509	0.498	0.539	0.570	0.576	0.103	0.095	0.098	0.101	0.101	0.100	0.534	0.538	0.498	0.486	0.481	0.465	0.427	0.425	0.378	0.464	0.471	0.457	0.385	0.374	0.385	0.467	0.475	0.468	0.531	0.546	0.486	0.486	0.478	0.486	0.505	0.501	0.487	0.691	0.616	0.599	0.504	0.555	0.521	0.543	0.574	0.553	0.499	0.488	0.485	0.635	0.613	0.627	0.094	0.094	0.095	0.097	0.099	0.101
6:26:43	0.523	0.574	0.578	0.478	0.519	0.530	0.407	0.463	0.468	0.473	0.494	0.506	0.388	0.417	0.419	0.481	0.515	0.517	0.538	0.584	0.567	0.471	0.521	0.524	0.516	0.550	0.552	0.615	0.648	0.658	0.511	0.538	0.533	0.526	0.578	0.585	0.521	0.528	0.529	0.570	0.600	0.602	0.103	0.095	0.098	0.101	0.101	0.100	0.551	0.585	0.534	0.506	0.503	0.487	0.452	0.449	0.393	0.482	0.491	0.474	0.406	0.394	0.403	0.504	0.498	0.489	0.573	0.581	0.517	0.517	0.510	0.503	0.527	0.543	0.523	0.757	0.656	0.649	0.531	0.597	0.577	0.594	0.611	0.576	0.543	0.518	0.504	0.669	0.645	0.671	0.093	0.093	0.095	0.097	0.099	0.101
6:36:43	0.551	0.602	0.601	0.507	0.542	0.550	0.428	0.481	0.491	0.495	0.514	0.532	0.408	0.437	0.440	0.503	0.540	0.543	0.563	0.610	0.588	0.494	0.547	0.548	0.542	0.575	0.581	0.639	0.668	0.681	0.536	0.563	0.557	0.550	0.603	0.613	0.543	0.552	0.557	0.597	0.627	0.624	0.103	0.095	0.098	0.101	0.101	0.100	0.587	0.625	0.580	0.539	0.528	0.510	0.476	0.471	0.414	0.512	0.519	0.501	0.423	0.415	0.424	0.541	0.522	0.512	0.631	0.616	0.548	0.551	0.540	0.545	0.554	0.576	0.557	0.790	0.689	0.691	0.588	0.643	0.635	0.635	0.674	0.614	0.580	0.544	0.525	0.702	0.686	0.723	0.093	0.093	0.095	0.097	0.099	0.102
6:46:43	0.577	0.628	0.627	0.531	0.567	0.577	0.449	0.502	0.514	0.517	0.536	0.555	0.428	0.460	0.465	0.529	0.567	0.570	0.583	0.622	0.615	0.513	0.570	0.572	0.569	0.599	0.600	0.663	0.692	0.704	0.563	0.582	0.582	0.573	0.629	0.637	0.567	0.578	0.583	0.623	0.656	0.649	0.104	0.095	0.098	0.101	0.101	0.100	0.623	0.661	0.605	0.572	0.559	0.535	0.500	0.495	0.431	0.537	0.549	0.532	0.447	0.431	0.447	0.583	0.548	0.537	0.660	0.653	0.591	0.586	0.575	0.574	0.591	0.626	0.602	0.826	0.714	0.713	0.628	0.689	0.682	0.676	0.697	0.652	0.611	0.584	0.553	0.733	0.728	0.751	0.093	0.093	0.095	0.097	0.099	0.101
6:56:43	0.607	0.654	0.647	0.559	0.598	0.605	0.471	0.523	0.533	0.539	0.563	0.582	0.449	0.482	0.484	0.554	0.591	0.596	0.603	0.640	0.637	0.540	0.594	0.595	0.593	0.628	0.626	0.691	0.711	0.723	0.588	0.606	0.612	0.601	0.657	0.666	0.589	0.606	0.621	0.666	0.689	0.672	0.103	0.095	0.098	0.101	0.101	0.100	0.651	0.693	0.645	0.613	0.595	0.561	0.524	0.521	0.454	0.568	0.586	0.565	0.468	0.456	0.471	0.637	0.589	0.572	0.699	0.686	0.638	0.635	0.616	0.615	0.630	0.676	0.637	0.883	0.770	0.741	0.684	0.731	0.724	0.700	0.745	0.697	0.656	0.621	0.593	0.781	0.759	0.767	0.093	0.093	0.095	0.097	0.099	0.101
7:06:43	0.634	0.682	0.668	0.584	0.623	0.624	0.493	0.545	0.555	0.563	0.582	0.604	0.473	0.507	0.506	0.580	0.620	0.621	0.622	0.657	0.661	0.563	0.618	0.617	0.620	0.653	0.653	0.713	0.729	0.743	0.612	0.636	0.639	0.625	0.675	0.688	0.613	0.631	0.648	0.693	0.712	0.694	0.104	0.095	0.098	0.101	0.101	0.100	0.688	0.739	0.678	0.646	0.623	0.584	0.557	0.550	0.474	0.598	0.613	0.604	0.492	0.482	0.496	0.654	0.632	0.621	0.752	0.754	0.677	0.677	0.652	0.644	0.678	0.699	0.677	0.927	0.824	0.795	0.722	0.738	0.750	0.763	0.782	0.735	0.675	0.653	0.684	0.840	0.799	0.812	0.094	0.094	0.095	0.097	0.099	0.101
7:16:43	0.659	0.705	0.686	0.612	0.647	0.647	0.518	0.569	0.578	0.585	0.604	0.633	0.495	0.531	0.526	0.606	0.645	0.644	0.641	0.672	0.682	0.594	0.641	0.640	0.645	0.674	0.679	0.737	0.746	0.761	0.633	0.658	0.669	0.651	0.699	0.706	0.635	0.653	0.683	0.722	0.743	0.709	0.103	0.095	0.098	0.101	0.101	0.100	0.706	0.787	0.707	0.679	0.642	0.610	0.581	0.576	0.496	0.618	0.650	0.638	0.515	0.509	0.516	0.705	0.674	0.670	0.787	0.786	0.714	0.706	0.695	0.670	0.713	0.744	0.737	0.981	0.869	0.846	0.774	0.784	0.774	0.794	0.822	0.774	0.710	0.707	0.716	0.879	0.832	0.841	0.093	0.094	0.095	0.097	0.099	0.101
7:26:43	0.683	0.723	0.702	0.629	0.672	0.666	0.534	0.593	0.599	0.611	0.631	0.655	0.519	0.555	0.552	0.630	0.669	0.668	0.664	0.687	0.696	0.618	0.660	0.665	0.671	0.696	0.703	0.761	0.772	0.773	0.649	0.683	0.693	0.672	0.719	0.731	0.661	0.675	0.709	0.747	0.752	0.725	0.104	0.095	0.098	0.101	0.101	0.100	0.731	0.826	0.739	0.728	0.674	0.634	0.618	0.601	0.516	0.653	0.685	0.676	0.538	0.534	0.541	0.737	0.729	0.728	0.835	0.827	0.752	0.746	0.726	0.726	0.756	0.784	0.773	1.009	0.920	0.911	0.811	0.830	0.808	0.839	0.861	0.827	0.747	0.740	0.761	0.921	0.861	0.888	0.093	0.093	0.095	0.097	0.099	0.101
7:36:43	0.700	0.741	0.719	0.654	0.695	0.683	0.556	0.613	0.621	0.629	0.651	0.677	0.541	0.585	0.576	0.653	0.690	0.689	0.685	0.701	0.711	0.641	0.680	0.681	0.697	0.712	0.730	0.789	0.797	0.785	0.671	0.706	0.724	0.703	0.732	0.745	0.683	0.705	0.729	0.778	0.782	0.737	0.104	0.095	0.098	0.101	0.101	0.100	0.755	0.871	0.781	0.764	0.717	0.670	0.639	0.633	0.544	0.685	0.721	0.707	0.563	0.572	0.571	0.782	0.778	0.769	0.880	0.880	0.802	0.777	0.797	0.762	0.800	0.849	0.819	1.045	0.963	0.957	0.853	0.864	0.849	0.881	0.886	0.875	0.778	0.780	0.791	0.954	0.893	0.964	0.093	0.093	0.095	0.097	0.099	0.101
7:46:43	0.714	0.755	0.725	0.676	0.710	0.699	0.582	0.635	0.644	0.651	0.673	0.701	0.566	0.609	0.603	0.675	0.712	0.713	0.699	0.716	0.721	0.662	0.699	0.697	0.716	0.728	0.743	0.806	0.820	0.798	0.689	0.720	0.743	0.715	0.752	0.767	0.703	0.724	0.752	0.802	0.809	0.753	0.103	0.095	0.098	0.101	0.101	0.100	0.783	0.906	0.831	0.798	0.763	0.686	0.684	0.667	0.577	0.706	0.772	0.740	0.585	0.602	0.606	0.831	0.819	0.800	0.906	0.919	0.834	0.826	0.833	0.815	0.834	0.891	0.869	1.068	0.990	0.994	0.892	0.910	0.887	0.913	0.940	0.903	0.799	0.840	0.825	0.980	0.939	0.997	0.093	0.093	0.095	0.097	0.099	0.101
7:56:43	0.729	0.771	0.735	0.695	0.724	0.714	0.609	0.653	0.666	0.672	0.688	0.721	0.593	0.636	0.627	0.695	0.730	0.728	0.714	0.733	0.729	0.678	0.711	0.711	0.732	0.752	0.760	0.822	0.843	0.809	0.706	0.742	0.769	0.734	0.759	0.790	0.720	0.755	0.775	0.832	0.839	0.766	0.103	0.095	0.098	0.101	0.101	0.100	0.809	0.941	0.873	0.850	0.807	0.726	0.732	0.704	0.606	0.728	0.805	0.776	0.607	0.658	0.645	0.869	0.855	0.848	0.920	0.953	0.861	0.869	0.875	0.873	0.866	0.911	0.903	1.094	1.030	1.018	0.932	0.951	0.939	0.953	0.967	0.936	0.827	0.877	0.866	1.004	0.976	1.019	0.093	0.093	0.095	0.097	0.099	0.101
8:06:43	0.741	0.782	0.749	0.712	0.739	0.723	0.641	0.670	0.682	0.684	0.703	0.735	0.618	0.655	0.649	0.711	0.743	0.739	0.725	0.745	0.738	0.696	0.724	0.722	0.746	0.764	0.778	0.839	0.856	0.814	0.720	0.762	0.781	0.753	0.781	0.805	0.731	0.781	0.802	0.860	0.869	0.772	0.103	0.095	0.098	0.101	0.101	0.099	0.825	0.969	0.903	0.884	0.851	0.767	0.745	0.738	0.646	0.746	0.847	0.806	0.630	0.693	0.679	0.905	0.880	0.864	0.942	0.989	0.882	0.904	0.906	0.905	0.890	0.933	0.945	1.098	1.045	1.040	0.947	0.977	0.966	0.979	0.995	0.968	0.854	0.915	0.879	1.024	0.997	1.042	0.093	0.093	0.094	0.096	0.099	0.101
8:16:43	0.749	0.793	0.752	0.726	0.753	0.735	0.654	0.687	0.698	0.697	0.717	0.750	0.643	0.672	0.667	0.723	0.758	0.754	0.735	0.755	0.749	0.712	0.732	0.731	0.761	0.782	0.794	0.870	0.872	0.829	0.735	0.786	0.808	0.767	0.797	0.821	0.743	0.800	0.827	0.890	0.898	0.781	0.103	0.095	0.098	0.101	0.101	0.100	0.837	0.991	0.941	0.926	0.879	0.777	0.782	0.773	0.710	0.774	0.889	0.836	0.659	0.704	0.704	0.933	0.910	0.895	0.970	1.005	0.919	0.947	0.935	0.942	0.917	0.956	0.969	1.115	1.070	1.061	0.991	1.014	0.998	1.009	1.014	0.987	0.880	0.943	0.917	1.044	1.018	1.071	0.093	0.093	0.094	0.097	0.099	0.101
8:26:43	0.758	0.802	0.757	0.737	0.762	0.739	0.668	0.697	0.710	0.706	0.729	0.762	0.664	0.694	0.688	0.734	0.772	0.766	0.747	0.765	0.759	0.720	0.744	0.742	0.767	0.815	0.812	0.882	0.880	0.834	0.752	0.803	0.824	0.783	0.823	0.854	0.751	0.831	0.857	0.934	0.929	0.788	0.104	0.095	0.097	0.101	0.101	0.100	0.869	1.005	0.964	0.951	0.910	0.818	0.824	0.816	0.725	0.789	0.926	0.858	0.678	0.732	0.744	0.958	0.932	0.917	0.992	1.029	0.946	0.982	0.968	0.958	0.933	0.967	0.999	1.130	1.095	1.085	1.030	1.030	1.020	1.039	1.041	1.014	0.919	0.964	0.948	1.060	1.035	1.083	0.093	0.093	0.095	0.097	0.099	0.102
8:36:43	0.769	0.812	0.765	0.747	0.771	0.748	0.691	0.707	0.720	0.712	0.735	0.774	0.687	0.710	0.701	0.743	0.781	0.778	0.755	0.775	0.765	0.734	0.754	0.749	0.774	0.832	0.830	0.913	0.902	0.840	0.762	0.813	0.848	0.803	0.840	0.875	0.766	0.872	0.885	0.969	0.971	0.795	0.103	0.095	0.097	0.101	0.101	0.100	0.893	1.028	0.985	0.980	0.938	0.840	0.850	0.858	0.751	0.802	0.944	0.878	0.701	0.757	0.783	0.975	0.952	0.939	1.007	1.047	0.968	1.002	1.000	0.983	0.950	0.987	1.022	1.137	1.109	1.097	1.048	1.060	1.032	1.058	1.068	1.032	0.943	0.997	0.967	1.076	1.042	1.091	0.093	0.093	0.094	0.097	0.099	0.100
8:46:43	0.775	0.819	0.775	0.758	0.774	0.755	0.697	0.717	0.730	0.723	0.748	0.785	0.705	0.727	0.716	0.754	0.790	0.788	0.762	0.781	0.773	0.743	0.765	0.758	0.781	0.843	0.851	0.940	0.916	0.850	0.781	0.831	0.858	0.824	0.858	0.883	0.776	0.908	0.906	0.996	0.991	0.804	0.103	0.095	0.098	0.101	0.101	0.099	0.914	1.033	0.997	1.004	0.952	0.855	0.891	0.897	0.799	0.807	0.970	0.895	0.722	0.805	0.819	0.992	0.975	0.952	1.024	1.062	0.992	1.023	1.013	0.990	0.963	0.997	1.042	1.147	1.124	1.111	1.065	1.076	1.061	1.088	1.082	1.041	0.959	1.012	0.990	1.086	1.052	1.097	0.093	0.093	0.095	0.097	0.099	0.100
8:56:43	0.786	0.827	0.780	0.766	0.782	0.763	0.716	0.726	0.738	0.730	0.753	0.792	0.723	0.741	0.728	0.762	0.795	0.797	0.770	0.790	0.778	0.752	0.771	0.767	0.788	0.856	0.865	0.948	0.923	0.854	0.792	0.845	0.868	0.833	0.866	0.892	0.783	0.942	0.944	1.024	1.010	0.812	0.103	0.095	0.097	0.101	0.101	0.099	0.927	1.046	1.006	1.016	0.967	0.854	0.922	0.931	0.829	0.827	0.983	0.911	0.742	0.836	0.848	0.998	0.987	0.967	1.041	1.071	1.001	1.031	1.023	0.998	0.981	1.017	1.055	1.154	1.132	1.117	1.075	1.087	1.077	1.100	1.101	1.057	0.975	1.027	1.009	1.093	1.061	1.108	0.093	0.093	0.094	0.097	0.099	0.100
9:06:43	0.787	0.834	0.781	0.770	0.786	0.768	0.719	0.736	0.745	0.736	0.758	0.801	0.735	0.751	0.740	0.769	0.800	0.803	0.778	0.795	0.788	0.759	0.780	0.771	0.792	0.875	0.893	0.972	0.934	0.857	0.805	0.860	0.896	0.843	0.886	0.912	0.788	0.970	0.972	1.032	1.028	0.852	0.103	0.094	0.097	0.101	0.101	0.099	0.953	1.059	1.028	1.039	0.985	0.873	0.950	0.965	0.864	0.852	1.008	0.945	0.758	0.873	0.877	1.015	1.004	0.991	1.057	1.088	1.018	1.042	1.042	1.020	0.994	1.032	1.074	1.177	1.149	1.134	1.097	1.109	1.099	1.116	1.114	1.074	0.992	1.039	1.032	1.106	1.083	1.119	0.093	0.093	0.094	0.096	0.098	0.100
9:16:43	0.794	0.841	0.787	0.780	0.796	0.771	0.734	0.744	0.754	0.745	0.767	0.807	0.751	0.767	0.750	0.777	0.806	0.808	0.787	0.802	0.793	0.767	0.789	0.781	0.800	0.905	0.922	0.989	0.952	0.863	0.816	0.880	0.919	0.865	0.890	0.916	0.799	0.989	0.983	1.048	1.051	0.864	0.103	0.095	0.097	0.101	0.101	0.100	0.960	1.081	1.036	1.060	1.004	0.858	0.965	0.982	0.881	0.863	1.022	0.956	0.772	0.898	0.903	1.026	1.023	1.004	1.074	1.102	1.030	1.058	1.060	1.041	1.010	1.044	1.084	1.186	1.159	1.150	1.115	1.125	1.121	1.124	1.131	1.081	1.000	1.057	1.049	1.119	1.093	1.135	0.093	0.093	0.094	0.097	0.099	0.101
9:26:43	0.794	0.849	0.788	0.783	0.800	0.780	0.739	0.750	0.762	0.751	0.772	0.814	0.763	0.774	0.761	0.784	0.815	0.820	0.795	0.804	0.801	0.773	0.794	0.786	0.802	0.929	0.943	0.998	0.966	0.866	0.838	0.901	0.945	0.895	0.908	0.945	0.809	1.006	1.011	1.066	1.064	0.884	0.103	0.095	0.097	0.101	0.101	0.100	0.978	1.107	1.059	1.083	1.027	0.880	0.998	1.004	0.912	0.897	1.042	0.982	0.798	0.929	0.930	1.042	1.044	1.028	1.090	1.129	1.055	1.078	1.087	1.063	1.022	1.066	1.100	1.206	1.172	1.176	1.143	1.156	1.145	1.142	1.154	1.099	1.017	1.068	1.056	1.141	1.110	1.149	0.093	0.093	0.094	0.097	0.099	0.100
9:36:43	0.800	0.853	0.789	0.786	0.804	0.783	0.756	0.757	0.770	0.755	0.779	0.818	0.773	0.785	0.769	0.796	0.820	0.818	0.802	0.813	0.807	0.777	0.803	0.789	0.805	0.951	0.938	1.014	0.979	0.873	0.851	0.907	0.954	0.916	0.913	0.953	0.816	1.019	1.022	1.075	1.083	0.891	0.103	0.095	0.098	0.101	0.101	0.099	0.990	1.115	1.073	1.099	1.035	0.879	1.014	1.021	0.938	0.914	1.069	0.994	0.814	0.960	0.949	1.049	1.061	1.043	1.107	1.138	1.068	1.085	1.098	1.073	1.039	1.084	1.113	1.220	1.183	1.190	1.165	1.174	1.162	1.168	1.173	1.118	1.031	1.087	1.075	1.152	1.132	1.165	0.093	0.093	0.095	0.097	0.099	0.102
9:46:43	0.806	0.857	0.798	0.793	0.813	0.788	0.744	0.764	0.776	0.765	0.781	0.821	0.782	0.797	0.774	0.800	0.826	0.827	0.805	0.824	0.810	0.788	0.809	0.796	0.810	0.965	0.958	1.019	0.985	0.879	0.861	0.915	0.955	0.918	0.921	0.958	0.821	1.031	1.032	1.081	1.099	0.895	0.103	0.095	0.097	0.101	0.101	0.099	0.992	1.122	1.095	1.095	1.042	0.867	1.018	1.026	0.973	0.909	1.067	0.993	0.818	0.977	0.968	1.059	1.066	1.049	1.104	1.144	1.067	1.088	1.093	1.074	1.047	1.089	1.121	1.217	1.184	1.184	1.171	1.176	1.158	1.164	1.173	1.113	1.037	1.092	1.075	1.154	1.127	1.171	0.093	0.093	0.094	0.097	0.099	0.100
9:56:43	0.811	0.862	0.796	0.797	0.817	0.795	0.756	0.768	0.782	0.769	0.787	0.827	0.787	0.796	0.785	0.810	0.829	0.837	0.813	0.829	0.818	0.794	0.815	0.801	0.815	0.977	0.967	1.024	1.001	0.873	0.886	0.928	0.984	0.918	0.930	0.965	0.827	1.043	1.030	1.093	1.100	0.920	0.103	0.095	0.097	0.101	0.101	0.099	1.007	1.138	1.105	1.120	1.062	0.886	1.038	1.046	0.979	0.936	1.083	1.006	0.854	0.998	0.977	1.073	1.086	1.068	1.119	1.159	1.082	1.107	1.113	1.085	1.069	1.102	1.135	1.232	1.197	1.205	1.194	1.188	1.173	1.185	1.186	1.130	1.053	1.103	1.090	1.170	1.144	1.173	0.093	0.093	0.094	0.097	0.099	0.100
10:06:43	0.814	0.868	0.800	0.804	0.819	0.798	0.765	0.768	0.784	0.772	0.790	0.833	0.795	0.807	0.791	0.822	0.832	0.842	0.820	0.835	0.821	0.796	0.819	0.806	0.820	0.992	0.981	1.050	1.017	0.876	0.901	0.948	1.001	0.933	0.943	0.974	0.834	1.062	1.051	1.110	1.105	0.927	0.103	0.095	0.098	0.101	0.101	0.100	1.017	1.154	1.119	1.132	1.078	0.891	1.045	1.066	1.008	0.950	1.101	1.022	0.865	1.015	0.995	1.093	1.102	1.087	1.138	1.175	1.089	1.120	1.129	1.097	1.077	1.125	1.144	1.243	1.212	1.210	1.204	1.199	1.189	1.194	1.196	1.147	1.060	1.107	1.100	1.179	1.151	1.189	0.093	0.093	0.095	0.097	0.099	0.100
10:16:43	0.816	0.871	0.804	0.803	0.820	0.801	0.769	0.776	0.789	0.778	0.796	0.836	0.796	0.803	0.798	0.832	0.837	0.844	0.822	0.835	0.826	0.802	0.826	0.810	0.825	0.988	0.987	1.049	1.020	0.879	0.910	0.951	1.009	0.948	0.955	0.982	0.843	1.062	1.054	1.118	1.111	0.941	0.103	0.095	0.097	0.101	0.101	0.099	1.028	1.160	1.129	1.139	1.090	0.909	1.061	1.074	1.026	0.970	1.105	1.027	0.889	1.033	1.018	1.099	1.117	1.093	1.157	1.179	1.105	1.133	1.136	1.109	1.083	1.132	1.156	1.252	1.223	1.224	1.214	1.201	1.196	1.206	1.221	1.160	1.064	1.118	1.099	1.174	1.154	1.194	0.093	0.093	0.094	0.097	0.098	0.100
10:26:43	0.815	0.874	0.805	0.808	0.824	0.802	0.778	0.781	0.794	0.780	0.801	0.841	0.803	0.803	0.806	0.846	0.842	0.851	0.828	0.845	0.832	0.808	0.833	0.815	0.833	1.007	1.026	1.081	1.033	0.880	0.925	0.964	1.025	0.969	0.970	0.995	0.851	1.077	1.065	1.129	1.120	0.945	0.103	0.095	0.097	0.101	0.101	0.099	1.045	1.169	1.157	1.155	1.108	0.908	1.069	1.102	1.048	1.002	1.135	1.039	0.901	1.047	1.032	1.121	1.127	1.106	1.165	1.192	1.127	1.141	1.147	1.129	1.098	1.147	1.175	1.265	1.237	1.229	1.226	1.211	1.215	1.210	1.226	1.169	1.078	1.125	1.108	1.201	1.172	1.204	0.093	0.093	0.094	0.097	0.099	0.100
10:36:43	0.818	0.878	0.803	0.811	0.829	0.806	0.772	0.784	0.798	0.784	0.804	0.846	0.808	0.806	0.815	0.857	0.850	0.855	0.840	0.848	0.832	0.815	0.837	0.815	0.834	1.003	1.037	1.073	1.054	0.882	0.940	0.981	1.033	0.972	0.980	1.002	0.854	1.089	1.081	1.142	1.123	0.970	0.103	0.095	0.097	0.101	0.101	0.099	1.048	1.173	1.173	1.161	1.114	0.928	1.086	1.113	1.073	1.016	1.136	1.048	0.913	1.055	1.039	1.130	1.133	1.117	1.174	1.193	1.135	1.153	1.153	1.134	1.108	1.157	1.185	1.264	1.240	1.238	1.235	1.218	1.214	1.227	1.227	1.186	1.086	1.128	1.120	1.200	1.188	1.208	0.093	0.093	0.094	0.096	0.098	0.100
10:46:43	0.822	0.882	0.810	0.820	0.834	0.809	0.774	0.791	0.807	0.792	0.811	0.848	0.815	0.812	0.823	0.858	0.856	0.858	0.838	0.855	0.835	0.819	0.842	0.824	0.841	1.015	1.052	1.076	1.039	0.888	0.935	0.983	1.043	0.962	0.967	1.004	0.855	1.094	1.085	1.145	1.134	0.966	0.103	0.095	0.097	0.101	0.101	0.099	1.049	1.177	1.187	1.163	1.125	0.934	1.085	1.103	1.070	1.014	1.127	1.039	0.932	1.054	1.049	1.126	1.139	1.115	1.171	1.190	1.129	1.148	1.160	1.125	1.104	1.161	1.183	1.264	1.241	1.240	1.240	1.223	1.211	1.226	1.231	1.178	1.084	1.131	1.127	1.197	1.185	1.215	0.093	0.093	0.094	0.097	0.098	0.100
10:56:43	0.818	0.881	0.815	0.821	0.836	0.815	0.781	0.794	0.812	0.794	0.815	0.854	0.819	0.813	0.831	0.868	0.861	0.862	0.849	0.857	0.840	0.823	0.844	0.828	0.850	1.021	1.059	1.092	1.052	0.888	0.958	1.002	1.061	0.979	0.980	1.016	0.880	1.111	1.098	1.161	1.140	0.974	0.103	0.095	0.098	0.101	0.101	0.099	1.066	1.193	1.194	1.174	1.135	0.976	1.100	1.118	1.089	1.025	1.132	1.053	0.943	1.072	1.058	1.136	1.154	1.139	1.192	1.202	1.141	1.163	1.171	1.135	1.120	1.177	1.191	1.268	1.248	1.251	1.249	1.231	1.223	1.234	1.238	1.182	1.103	1.148	1.139	1.212	1.190	1.222	0.093	0.093	0.094	0.097	0.098	0.100
11:06:43	0.819	0.891	0.816	0.825	0.840	0.815	0.802	0.793	0.810	0.796	0.816	0.856	0.824	0.818	0.837	0.879	0.864	0.867	0.852	0.858	0.849	0.828	0.847	0.832	0.857	1.027	1.071	1.113	1.072	0.890	0.968	1.018	1.078	0.990	0.987	1.027	0.879	1.125	1.106	1.171	1.153	0.974	0.103	0.095	0.097	0.101	0.101	0.099	1.076	1.204	1.205	1.185	1.149	0.989	1.110	1.136	1.109	1.045	1.149	1.072	0.952	1.096	1.072	1.153	1.174	1.152	1.207	1.225	1.166	1.178	1.183	1.159	1.139	1.186	1.210	1.283	1.265	1.264	1.256	1.244	1.240	1.251	1.251	1.200	1.114	1.166	1.148	1.217	1.200	1.226	0.093	0.093	0.094	0.097	0.098	0.100
11:16:43	0.823	0.893	0.816	0.826	0.842	0.820	0.822	0.801	0.815	0.798	0.822	0.857	0.828	0.818	0.842	0.884	0.868	0.873	0.851	0.863	0.851	0.829	0.850	0.832	0.860	1.022	1.076	1.115	1.073	0.893	0.965	1.015	1.083	0.993	0.986	1.025	0.889	1.129	1.106	1.173	1.153	0.984	0.103	0.095	0.098	0.101	0.101	0.099	1.082	1.200	1.209	1.190	1.149	1.011	1.116	1.141	1.123	1.045	1.160	1.066	0.963	1.101	1.077	1.160	1.183	1.158	1.208	1.219	1.170	1.184	1.191	1.170	1.142	1.185	1.214	1.284	1.265	1.265	1.259	1.243	1.242	1.252	1.262	1.201	1.118	1.151	1.150	1.221	1.197	1.231	0.093	0.093	0.094	0.097	0.099	0.100
11:26:43	0.822	0.895	0.818	0.831	0.846	0.822	0.817	0.804	0.816	0.800	0.825	0.860	0.837	0.823	0.850	0.895	0.870	0.873	0.860	0.872	0.859	0.836	0.857	0.839	0.870	1.050	1.098	1.130	1.086	0.896	0.993	1.031	1.101	1.015	1.003	1.038	0.899	1.140	1.119	1.184	1.164	1.003	0.103	0.095	0.097	0.101	0.101	0.099	1.091	1.210	1.226	1.203	1.174	1.034	1.143	1.157	1.136	1.052	1.170	1.085	0.976	1.104	1.095	1.172	1.192	1.165	1.217	1.245	1.187	1.201	1.201	1.188	1.151	1.194	1.226	1.304	1.278	1.282	1.274	1.256	1.258	1.269	1.273	1.216	1.126	1.172	1.165	1.234	1.214	1.237	0.093	0.093	0.094	0.097	0.098	0.100
11:36:43	0.823	0.896	0.818	0.834	0.845	0.824	0.817	0.810	0.820	0.805	0.827	0.863	0.835	0.828	0.856	0.899	0.875	0.877	0.866	0.880	0.863	0.841	0.861	0.841	0.875	1.064	1.099	1.145	1.100	0.896	1.005	1.032	1.112	1.027	1.019	1.049	0.909	1.146	1.123	1.191	1.174	1.004	0.103	0.095	0.098	0.101	0.101	0.099	1.099	1.222	1.235	1.206	1.190	1.056	1.152	1.160	1.150	1.068	1.182	1.103	0.993	1.122	1.105	1.186	1.198	1.180	1.223	1.245	1.199	1.215	1.205	1.193	1.164	1.203	1.239	1.302	1.292	1.287	1.280	1.274	1.263	1.271	1.284	1.218	1.137	1.176	1.171	1.238	1.224	1.231	0.093	0.093	0.094	0.097	0.099	0.100
11:46:43	0.820	0.899	0.821	0.837	0.850	0.828	0.820	0.813	0.827	0.808	0.830	0.869	0.836	0.831	0.863	0.906	0.878	0.878	0.870	0.878	0.864	0.847	0.869	0.844	0.877	1.059	1.093	1.147	1.091	0.897	1.011	1.038	1.114	1.010	1.016	1.041	0.909	1.155	1.131	1.190	1.168	1.005	0.103	0.094	0.097	0.101	0.101	0.099	1.097	1.226	1.233	1.208	1.196	1.062	1.160	1.163	1.144	1.064	1.176	1.095	0.995	1.119	1.110	1.184	1.208	1.176	1.228	1.241	1.194	1.209	1.205	1.193	1.153	1.208	1.240	1.299	1.290	1.285	1.288	1.270	1.265	1.272	1.281	1.216	1.141	1.184	1.175	1.243	1.225	1.238	0.093	0.093	0.094	0.097	0.099	0.100
11:56:43	0.826	0.900	0.826	0.838	0.854	0.829	0.810	0.815	0.829	0.810	0.833	0.869	0.841	0.831	0.878	0.920	0.882	0.881	0.874	0.879	0.869	0.846	0.869	0.846	0.880	1.074	1.113	1.155	1.098	0.895	1.019	1.055	1.112	1.025	1.010	1.049	0.916	1.154	1.136	1.195	1.174	1.005	0.103	0.095	0.097	0.101	0.101	0.099	1.101	1.233	1.237	1.224	1.210	1.077	1.162	1.165	1.153	1.057	1.182	1.104	1.008	1.133	1.117	1.192	1.207	1.183	1.233	1.245	1.200	1.212	1.204	1.194	1.168	1.213	1.249	1.305	1.295	1.291	1.296	1.271	1.270	1.275	1.292	1.219	1.140	1.187	1.171	1.246	1.214	1.244	0.093	0.093	0.094	0.096	0.098	0.100
12:06:43	0.826	0.902	0.829	0.845	0.857	0.828	0.809	0.816	0.833	0.817	0.836	0.874	0.843	0.834	0.883	0.915	0.884	0.881	0.880	0.881	0.877	0.853	0.868	0.851	0.891	1.073	1.111	1.163	1.094	0.901	1.027	1.062	1.122	1.023	1.012	1.053	0.917	1.161	1.145	1.203	1.172	1.011	0.103	0.095	0.097	0.101	0.101	0.099	1.107	1.236	1.244	1.229	1.222	1.079	1.165	1.175	1.152	1.075	1.186	1.105	1.008	1.139	1.116	1.200	1.216	1.192	1.232	1.248	1.203	1.216	1.207	1.199	1.169	1.210	1.252	1.305	1.290	1.294	1.300	1.277	1.269	1.276	1.290	1.220	1.145	1.192	1.179	1.253	1.219	1.246	0.093	0.093	0.094	0.097	0.098	0.100
12:16:43	0.831	0.906	0.831	0.842	0.857	0.834	0.804	0.817	0.833	0.819	0.836	0.877	0.845	0.833	0.889	0.928	0.888	0.880	0.880	0.879	0.876	0.854	0.873	0.856	0.896	1.083	1.125	1.152	1.104	0.900	1.033	1.059	1.127	1.030	1.018	1.049	0.925	1.162	1.150	1.200	1.176	1.014	0.103	0.095	0.097	0.101	0.101	0.099	1.104	1.233	1.252	1.228	1.222	1.097	1.176	1.185	1.161	1.075	1.187	1.122	1.021	1.143	1.122	1.212	1.223	1.191	1.234	1.252	1.202	1.220	1.219	1.208	1.168	1.216	1.258	1.305	1.289	1.297	1.303	1.278	1.270	1.276	1.294	1.221	1.145	1.204	1.180	1.251	1.225	1.252	0.093	0.093	0.094	0.096	0.098	0.100
12:26:43	0.832	0.906	0.830	0.847	0.860	0.834	0.815	0.821	0.839	0.818	0.842	0.880	0.841	0.839	0.898	0.929	0.889	0.883	0.887	0.888	0.882	0.862	0.883	0.856	0.906	1.089	1.127	1.155	1.100	0.901	1.043	1.068	1.140	1.041	1.023	1.052	0.924	1.166	1.151	1.204	1.179	1.019	0.103	0.095	0.097	0.101	0.101	0.099	1.118	1.236	1.257	1.240	1.230	1.108	1.186	1.192	1.175	1.102	1.202	1.135	1.025	1.153	1.139	1.211	1.226	1.198	1.240	1.250	1.203	1.236	1.225	1.217	1.170	1.222	1.266	1.313	1.298	1.302	1.303	1.288	1.279	1.280	1.301	1.229	1.154	1.216	1.194	1.250	1.222	1.251	0.093	0.093	0.094	0.097	0.098	0.100
12:36:43	0.836	0.909	0.828	0.847	0.860	0.839	0.817	0.823	0.842	0.823	0.845	0.881	0.843	0.840	0.903	0.934	0.892	0.880	0.893	0.888	0.880	0.865	0.882	0.862	0.910	1.091	1.123	1.156	1.101	0.899	1.059	1.066	1.157	1.056	1.031	1.053	0.934	1.170	1.159	1.206	1.179	1.023	0.103	0.094	0.097	0.101	0.101	0.099	1.113	1.241	1.249	1.243	1.234	1.119	1.187	1.198	1.186	1.100	1.208	1.143	1.032	1.164	1.148	1.212	1.232	1.205	1.243	1.258	1.206	1.236	1.232	1.227	1.174	1.224	1.269	1.308	1.293	1.308	1.308	1.291	1.282	1.287	1.295	1.231	1.151	1.215	1.200	1.258	1.226	1.249	0.093	0.093	0.094	0.097	0.098	0.100
12:46:43	0.841	0.907	0.831	0.854	0.864	0.839	0.819	0.823	0.844	0.826	0.847	0.883	0.844	0.841	0.902	0.943	0.893	0.885	0.890	0.896	0.879	0.867	0.883	0.866	0.910	1.071	1.124	1.141	1.081	0.895	1.050	1.069	1.153	1.042	1.016	1.049	0.925	1.171	1.162	1.203	1.177	1.012	0.103	0.094	0.097	0.101	0.101	0.099	1.117	1.234	1.256	1.238	1.239	1.123	1.186	1.198	1.177	1.095	1.199	1.139	1.040	1.156	1.149	1.207	1.231	1.202	1.241	1.259	1.204	1.239	1.229	1.224	1.171	1.228	1.265	1.296	1.289	1.299	1.307	1.294	1.280	1.280	1.296	1.231	1.153	1.210	1.203	1.248	1.219	1.250	0.093	0.093	0.094	0.096	0.098	0.100
12:56:43	0.838	0.906	0.831	0.852	0.863	0.839	0.822	0.824	0.845	0.827	0.848	0.882	0.841	0.842	0.908	0.939	0.895	0.885	0.896	0.891	0.880	0.871	0.885	0.865	0.919	1.078	1.135	1.151	1.087	0.892	1.082	1.081	1.158	1.055	1.020	1.053	0.934	1.170	1.166	1.200	1.171	1.024	0.103	0.094	0.097	0.101	0.101	0.099	1.116	1.244	1.256	1.244	1.238	1.126	1.204	1.204	1.191	1.109	1.212	1.142	1.046	1.168	1.163	1.210	1.236	1.214	1.242	1.268	1.212	1.249	1.237	1.234	1.175	1.231	1.271	1.293	1.288	1.306	1.306	1.294	1.285	1.284	1.293	1.241	1.163	1.208	1.202	1.257	1.227	1.247	0.093	0.093	0.094	0.096	0.098	0.099
13:06:43	0.839	0.904	0.835	0.856	0.865	0.837	0.820	0.825	0.847	0.827	0.846	0.885	0.847	0.844	0.909	0.946	0.894	0.886	0.892	0.892	0.877	0.868	0.885	0.866	0.910	1.074	1.140	1.141	1.071	0.890	1.070	1.076	1.158	1.046	1.008	1.039	0.931	1.168	1.156	1.205	1.162	1.020	0.103	0.094	0.097	0.100	0.101	0.099	1.111	1.236	1.250	1.251	1.238	1.125	1.201	1.206	1.196	1.108	1.208	1.138	1.055	1.168	1.159	1.206	1.237	1.216	1.246	1.263	1.209	1.243	1.228	1.235	1.173	1.237	1.270	1.282	1.278	1.298	1.311	1.290	1.282	1.284	1.286	1.236	1.153	1.208	1.205	1.255	1.207	1.247	0.093	0.093	0.094	0.096	0.098	0.100
13:16:43	0.841	0.905	0.835	0.856	0.868	0.839	0.823	0.829	0.850	0.832	0.847	0.883	0.846	0.848	0.922	0.951	0.892	0.882	0.902	0.895	0.877	0.875	0.891	0.868	0.921	1.085	1.140	1.139	1.066	0.889	1.083	1.083	1.159	1.066	1.013	1.048	0.935	1.168	1.166	1.205	1.160	1.015	0.103	0.094	0.097	0.101	0.101	0.099	1.112	1.242	1.252	1.249	1.246	1.140	1.205	1.223	1.204	1.115	1.203	1.148	1.055	1.173	1.162	1.218	1.240	1.218	1.248	1.270	1.218	1.246	1.235	1.244	1.179	1.233	1.273	1.286	1.274	1.303	1.310	1.294	1.289	1.289	1.290	1.233	1.162	1.206	1.214	1.252	1.212	1.253	0.093	0.093	0.094	0.096	0.098	0.099
13:26:43	0.841	0.897	0.829	0.859	0.864	0.839	0.825	0.829	0.849	0.833	0.848	0.883	0.845	0.848	0.922	0.948	0.894	0.881	0.902	0.892	0.878	0.876	0.889	0.868	0.913	1.066	1.127	1.131	1.058	0.884	1.074	1.082	1.160	1.053	1.007	1.032	0.928	1.165	1.164	1.194	1.157	1.012	0.103	0.094	0.097	0.101	0.101	0.099	1.120	1.236	1.250	1.250	1.250	1.145	1.210	1.222	1.203	1.117	1.212	1.149	1.060	1.177	1.167	1.215	1.238	1.215	1.245	1.265	1.216	1.249	1.236	1.244	1.173	1.234	1.270	1.279	1.272	1.301	1.308	1.293	1.287	1.284	1.292	1.226	1.153	1.208	1.216	1.244	1.220	1.237	0.093	0.093	0.094	0.096	0.098	0.100
13:36:43	0.842	0.896	0.833	0.860	0.867	0.837	0.830	0.833	0.853	0.838	0.852	0.881	0.848	0.848	0.928	0.947	0.891	0.884	0.895	0.889	0.870	0.875	0.887	0.868	0.916	1.064	1.127	1.125	1.050	0.885	1.072	1.058	1.151	1.037	0.996	1.023	0.913	1.159	1.160	1.186	1.150	1.011	0.103	0.094	0.097	0.101	0.101	0.099	1.099	1.227	1.244	1.243	1.246	1.138	1.205	1.218	1.205	1.098	1.202	1.153	1.059	1.176	1.172	1.214	1.232	1.215	1.237	1.255	1.214	1.247	1.232	1.239	1.170	1.225	1.272	1.267	1.257	1.291	1.304	1.290	1.286	1.281	1.287	1.210	1.149	1.196	1.204	1.240	1.210	1.235	0.093	0.093	0.094	0.096	0.098	0.100
13:46:43	0.840	0.895	0.835	0.855	0.861	0.838	0.830	0.830	0.853	0.835	0.850	0.880	0.853	0.853	0.924	0.942	0.889	0.881	0.898	0.884	0.867	0.876	0.886	0.860	0.911	1.057	1.126	1.122	1.040	0.884	1.069	1.066	1.146	1.033	0.987	1.016	0.905	1.151	1.158	1.179	1.144	1.000	0.103	0.095	0.097	0.101	0.101	0.099	1.093	1.228	1.244	1.248	1.246	1.144	1.214	1.219	1.201	1.105	1.209	1.154	1.069	1.174	1.180	1.212	1.233	1.216	1.235	1.253	1.213	1.244	1.232	1.237	1.160	1.228	1.267	1.266	1.257	1.285	1.305	1.290	1.277	1.276	1.282	1.204	1.144	1.191	1.205	1.233	1.214	1.234	0.093	0.093	0.094	0.097	0.098	0.100
13:56:43	0.838	0.894	0.834	0.854	0.861	0.838	0.831	0.832	0.851	0.836	0.853	0.878	0.851	0.852	0.932	0.944	0.888	0.876	0.891	0.882	0.862	0.878	0.886	0.860	0.908	1.055	1.119	1.098	1.038	0.880	1.077	1.049	1.133	1.024	0.973	1.000	0.895	1.147	1.149	1.165	1.134	0.991	0.103	0.094	0.097	0.100	0.101	0.099	1.085	1.218	1.237	1.242	1.232	1.143	1.209	1.211	1.213	1.085	1.208	1.145	1.067	1.173	1.174	1.211	1.235	1.220	1.227	1.233	1.198	1.236	1.225	1.230	1.156	1.221	1.257	1.249	1.248	1.275	1.298	1.280	1.268	1.264	1.276	1.197	1.136	1.185	1.191	1.226	1.191	1.233	0.093	0.093	0.094	0.096	0.098	0.099
14:06:43	0.837	0.892	0.840	0.856	0.861	0.838	0.827	0.832	0.853	0.836	0.849	0.875	0.854	0.856	0.925	0.948	0.879	0.881	0.884	0.877	0.862	0.877	0.883	0.859	0.905	1.050	1.095	1.089	1.014	0.882	1.060	1.043	1.109	1.006	0.962	0.996	0.890	1.129	1.138	1.157	1.131	0.992	0.103	0.094	0.097	0.100	0.101	0.099	1.057	1.216	1.230	1.236	1.221	1.136	1.201	1.205	1.197	1.083	1.193	1.128	1.063	1.169	1.168	1.197	1.229	1.214	1.218	1.225	1.200	1.226	1.213	1.219	1.149	1.211	1.251	1.238	1.248	1.273	1.290	1.265	1.251	1.241	1.263	1.186	1.128	1.177	1.194	1.215	1.182	1.221	0.093	0.093	0.094	0.096	0.098	0.099
14:16:43	0.835	0.887	0.836	0.852	0.860	0.837	0.832	0.831	0.852	0.833	0.848	0.875	0.857	0.854	0.933	0.945	0.881	0.877	0.891	0.871	0.862	0.875	0.883	0.858	0.899	1.044	1.091	1.085	1.041	0.878	1.063	1.042	1.116	1.009	0.971	1.002	0.905	1.126	1.133	1.156	1.123	0.995	0.103	0.094	0.097	0.100	0.101	0.099	1.068	1.217	1.226	1.234	1.230	1.142	1.214	1.209	1.215	1.085	1.203	1.139	1.075	1.173	1.173	1.201	1.228	1.207	1.217	1.228	1.202	1.228	1.227	1.228	1.161	1.210	1.252	1.240	1.238	1.272	1.294	1.266	1.254	1.258	1.270	1.189	1.136	1.167	1.191	1.208	1.187	1.228	0.093	0.093	0.094	0.096	0.098	0.099
14:26:43	0.835	0.885	0.841	0.851	0.859	0.834	0.830	0.827	0.849	0.831	0.849	0.873	0.852	0.852	0.925	0.939	0.879	0.872	0.882	0.867	0.857	0.870	0.878	0.857	0.896	1.031	1.088	1.072	1.023	0.880	1.048	1.014	1.096	1.007	0.957	0.986	0.886	1.117	1.116	1.146	1.110	0.990	0.103	0.094	0.097	0.100	0.101	0.099	1.069	1.199	1.213	1.226	1.208	1.132	1.197	1.196	1.216	1.061	1.186	1.125	1.069	1.165	1.170	1.190	1.225	1.208	1.210	1.214	1.193	1.215	1.211	1.217	1.148	1.202	1.240	1.231	1.231	1.258	1.281	1.255	1.242	1.243	1.252	1.176	1.122	1.164	1.185	1.196	1.172	1.214	0.092	0.093	0.094	0.096	0.098	0.099
14:36:43	0.836	0.886	0.837	0.847	0.859	0.837	0.833	0.834	0.850	0.834	0.851	0.870	0.859	0.853	0.920	0.930	0.879	0.871	0.875	0.868	0.856	0.869	0.876	0.858	0.892	1.020	1.069	1.068	1.009	0.878	1.035	1.004	1.085	0.993	0.947	0.971	0.878	1.105	1.118	1.133	1.113	0.986	0.103	0.094	0.097	0.100	0.101	0.099	1.065	1.190	1.203	1.222	1.197	1.121	1.183	1.186	1.202	1.059	1.179	1.118	1.067	1.165	1.166	1.174	1.214	1.193	1.206	1.200	1.183	1.209	1.205	1.212	1.133	1.200	1.238	1.230	1.218	1.254	1.275	1.247	1.235	1.224	1.245	1.164	1.116	1.159	1.173	1.188	1.171	1.208	0.093	0.093	0.094	0.096	0.098	0.099
14:46:43	0.835	0.885	0.835	0.850	0.858	0.833	0.831	0.829	0.848	0.832	0.853	0.868	0.856	0.853	0.920	0.918	0.875	0.870	0.879	0.863	0.860	0.869	0.874	0.858	0.889	1.029	1.061	1.072	1.015	0.875	1.039	1.010	1.083	0.988	0.951	0.977	0.876	1.107	1.114	1.127	1.106	0.989	0.103	0.094	0.097	0.101	0.101	0.099	1.053	1.185	1.205	1.224	1.191	1.129	1.179	1.190	1.208	1.058	1.175	1.116	1.067	1.171	1.166	1.174	1.210	1.200	1.203	1.196	1.180	1.207	1.195	1.206	1.137	1.193	1.232	1.228	1.226	1.255	1.276	1.238	1.239	1.225	1.239	1.161	1.110	1.152	1.173	1.186	1.162	1.197	0.093	0.093	0.094	0.097	0.098	0.099
14:56:43	0.836	0.885	0.841	0.857	0.855	0.836	0.825	0.827	0.846	0.830	0.850	0.868	0.854	0.852	0.912	0.907	0.874	0.872	0.874	0.864	0.851	0.864	0.870	0.852	0.883	1.016	1.056	1.059	1.002	0.875	1.019	0.995	1.064	0.966	0.937	0.951	0.872	1.089	1.097	1.125	1.102	0.971	0.103	0.094	0.097	0.100	0.101	0.099	1.037	1.186	1.190	1.212	1.173	1.116	1.169	1.179	1.194	1.039	1.152	1.096	1.064	1.157	1.154	1.161	1.192	1.180	1.193	1.186	1.161	1.184	1.174	1.181	1.124	1.187	1.220	1.217	1.212	1.243	1.266	1.228	1.221	1.203	1.215	1.131	1.105	1.139	1.161	1.176	1.152	1.190	0.093	0.093	0.094	0.096	0.098	0.099
15:06:43	0.836	0.883	0.837	0.851	0.856	0.838	0.830	0.829	0.848	0.830	0.851	0.868	0.855	0.849	0.911	0.913	0.876	0.869	0.876	0.868	0.854	0.867	0.872	0.856	0.883	1.020	1.050	1.055	1.000	0.875	1.013	1.007	1.057	0.971	0.940	0.960	0.876	1.091	1.092	1.119	1.093	0.987	0.103	0.094	0.097	0.100	0.101	0.099	1.032	1.192	1.194	1.209	1.168	1.123	1.165	1.171	1.202	1.050	1.158	1.105	1.072	1.161	1.155	1.161	1.194	1.183	1.198	1.185	1.173	1.182	1.179	1.189	1.134	1.187	1.222	1.220	1.211	1.242	1.262	1.229	1.224	1.193	1.224	1.139	1.105	1.135	1.157	1.181	1.148	1.198	0.093	0.093	0.094	0.096	0.098	0.099
15:16:43	0.835	0.883	0.833	0.851	0.855	0.836	0.829	0.826	0.847	0.828	0.849	0.865	0.853	0.847	0.900	0.903	0.873	0.872	0.876	0.866	0.856	0.866	0.870	0.854	0.883	1.011	1.055	1.055	1.004	0.876	1.018	1.002	1.059	0.963	0.930	0.954	0.873	1.089	1.095	1.124	1.094	0.980	0.103	0.094	0.097	0.100	0.101	0.099	1.044	1.181	1.183	1.211	1.168	1.114	1.155	1.163	1.196	1.034	1.156	1.088	1.060	1.153	1.149	1.159	1.189	1.179	1.186	1.184	1.173	1.180	1.176	1.190	1.124	1.188	1.216	1.218	1.214	1.238	1.257	1.223	1.214	1.190	1.226	1.132	1.098	1.132	1.155	1.183	1.148	1.184	0.093	0.093	0.094	0.096	0.098	0.099
15:26:43	0.839	0.880	0.835	0.849	0.855	0.835	0.830	0.831	0.849	0.831	0.852	0.866	0.854	0.847	0.903	0.898	0.872	0.866	0.867	0.866	0.853	0.863	0.868	0.858	0.871	1.009	1.050	1.036	0.984	0.872	1.001	0.994	1.040	0.956	0.923	0.948	0.868	1.086	1.081	1.108	1.091	0.980	0.103	0.094	0.097	0.100	0.101	0.098	1.047	1.173	1.170	1.197	1.158	1.109	1.147	1.149	1.186	1.015	1.141	1.073	1.053	1.139	1.134	1.157	1.174	1.166	1.184	1.175	1.162	1.167	1.162	1.181	1.116	1.181	1.210	1.203	1.203	1.227	1.248	1.216	1.210	1.176	1.211	1.127	1.090	1.126	1.147	1.166	1.144	1.190	0.093	0.093	0.094	0.096	0.098	0.099
15:36:43	0.835	0.880	0.831	0.849	0.852	0.839	0.831	0.829	0.851	0.832	0.853	0.865	0.850	0.847	0.894	0.892	0.877	0.865	0.871	0.866	0.854	0.864	0.872	0.858	0.878	1.014	1.046	1.044	1.002	0.874	1.011	0.992	1.049	0.953	0.915	0.954	0.872	1.085	1.088	1.107	1.086	0.982	0.103	0.094	0.097	0.100	0.101	0.099	1.040	1.176	1.172	1.192	1.159	1.121	1.145	1.160	1.192	1.021	1.147	1.080	1.053	1.143	1.131	1.161	1.169	1.163	1.188	1.172	1.165	1.162	1.157	1.178	1.119	1.174	1.208	1.200	1.203	1.236	1.249	1.217	1.205	1.165	1.214	1.130	1.091	1.122	1.145	1.173	1.145	1.182	0.093	0.093	0.094	0.096	0.098	0.099
15:46:43	0.837	0.879	0.838	0.850	0.853	0.838	0.833	0.829	0.851	0.832	0.855	0.865	0.850	0.848	0.884	0.886	0.872	0.864	0.861	0.863	0.853	0.864	0.869	0.858	0.867	0.997	1.031	1.015	0.988	0.870	1.000	0.971	1.034	0.939	0.899	0.934	0.867	1.074	1.075	1.102	1.084	0.972	0.103	0.094	0.097	0.100	0.101	0.098	1.015	1.162	1.154	1.187	1.149	1.102	1.135	1.134	1.174	0.995	1.128	1.048	1.051	1.140	1.119	1.144	1.158	1.148	1.172	1.161	1.148	1.155	1.134	1.158	1.107	1.158	1.196	1.192	1.194	1.221	1.233	1.191	1.184	1.151	1.200	1.117	1.083	1.122	1.136	1.158	1.127	1.177	0.092	0.093	0.094	0.096	0.098	0.099
15:56:43	0.838	0.879	0.842	0.848	0.854	0.837	0.834	0.829	0.853	0.833	0.855	0.864	0.849	0.848	0.882	0.878	0.870	0.866	0.859	0.866	0.850	0.863	0.869	0.860	0.863	0.987	1.036	1.014	0.978	0.872	0.978	0.965	1.021	0.919	0.885	0.928	0.865	1.063	1.067	1.101	1.083	0.968	0.103	0.094	0.097	0.100	0.101	0.098	1.007	1.165	1.153	1.167	1.137	1.100	1.128	1.129	1.147	0.953	1.114	1.035	1.042	1.126	1.108	1.134	1.150	1.139	1.165	1.154	1.135	1.138	1.136	1.134	1.091	1.159	1.184	1.193	1.182	1.209	1.219	1.189	1.189	1.138	1.187	1.097	1.067	1.110	1.120	1.148	1.122	1.172	0.093	0.093	0.094	0.096	0.098	0.099
16:06:43	0.837	0.876	0.834	0.847	0.852	0.836	0.832	0.827	0.852	0.834	0.857	0.862	0.849	0.852	0.882	0.873	0.871	0.863	0.861	0.864	0.850	0.863	0.869	0.862	0.864	0.994	1.023	1.021	0.980	0.871	0.988	0.971	1.026	0.933	0.883	0.929	0.865	1.059	1.075	1.095	1.084	0.966	0.103	0.094	0.097	0.100	0.100	0.098	1.020	1.164	1.155	1.173	1.127	1.106	1.131	1.134	1.159	0.936	1.124	1.036	1.041	1.127	1.105	1.136	1.160	1.145	1.176	1.163	1.138	1.146	1.129	1.138	1.103	1.169	1.183	1.194	1.186	1.214	1.234	1.197	1.188	1.152	1.185	1.100	1.064	1.106	1.118	1.151	1.130	1.169	0.093	0.093	0.094	0.097	0.098	0.099
16:16:43	0.838	0.878	0.837	0.849	0.851	0.838	0.830	0.829	0.849	0.831	0.855	0.863	0.850	0.851	0.879	0.871	0.872	0.863	0.861	0.861	0.849	0.861	0.865	0.863	0.862	0.999	1.030	1.009	0.985	0.867	0.982	0.973	1.015	0.927	0.878	0.921	0.864	1.066	1.074	1.094	1.081	0.968	0.103	0.094	0.097	0.100	0.100	0.098	1.002	1.159	1.151	1.166	1.130	1.107	1.122	1.115	1.158	0.912	1.112	1.030	1.043	1.117	1.096	1.135	1.161	1.138	1.166	1.154	1.139	1.133	1.122	1.129	1.112	1.156	1.175	1.184	1.181	1.208	1.226	1.188	1.186	1.141	1.172	1.095	1.070	1.100	1.121	1.146	1.121	1.170	0.092	0.093	0.094	0.096	0.098	0.099
16:26:43	0.841	0.875	0.834	0.848	0.852	0.836	0.843	0.834	0.850	0.833	0.859	0.861	0.851	0.855	0.874	0.867	0.874	0.861	0.863	0.865	0.850	0.862	0.869	0.866	0.862	0.994	1.023	1.007	0.967	0.868	0.973	0.964	1.020	0.917	0.874	0.920	0.864	1.066	1.057	1.096	1.072	0.970	0.103	0.094	0.097	0.100	0.101	0.098	1.016	1.157	1.148	1.167	1.115	1.101	1.110	1.104	1.149	0.887	1.095	1.028	1.034	1.115	1.089	1.129	1.155	1.132	1.160	1.149	1.123	1.133	1.101	1.122	1.095	1.155	1.173	1.177	1.165	1.208	1.219	1.190	1.176	1.144	1.158	1.093	1.059	1.103	1.117	1.138	1.115	1.170	0.092	0.093	0.094	0.096	0.098	0.099
16:36:43	0.844	0.874	0.834	0.847	0.851	0.838	0.836	0.832	0.853	0.829	0.860	0.859	0.849	0.855	0.876	0.865	0.871	0.860	0.865	0.863	0.849	0.859	0.868	0.869	0.860	0.989	1.028	1.003	0.976	0.866	0.982	0.964	1.022	0.920	0.874	0.914	0.863	1.069	1.067	1.083	1.069	0.973	0.102	0.094	0.097	0.100	0.100	0.098	0.992	1.148	1.149	1.160	1.113	1.102	1.110	1.116	1.151	0.881	1.102	1.017	1.033	1.111	1.087	1.129	1.151	1.129	1.163	1.148	1.125	1.127	1.096	1.117	1.090	1.145	1.168	1.186	1.177	1.206	1.219	1.183	1.170	1.134	1.150	1.095	1.062	1.098	1.119	1.143	1.123	1.167	0.092	0.093	0.094	0.096	0.098	0.099
16:46:43	0.846	0.874	0.832	0.849	0.851	0.838	0.832	0.833	0.854	0.831	0.861	0.858	0.848	0.854	0.876	0.870	0.872	0.860	0.864	0.866	0.849	0.862	0.870	0.871	0.862	0.993	1.017	1.000	0.988	0.867	0.988	0.966	1.025	0.917	0.873	0.907	0.863	1.066	1.068	1.086	1.071	0.973	0.102	0.094	0.097	0.100	0.100	0.098	0.994	1.148	1.152	1.157	1.116	1.106	1.118	1.124	1.148	0.884	1.101	1.014	1.037	1.104	1.087	1.126	1.153	1.138	1.154	1.150	1.117	1.135	1.102	1.113	1.080	1.143	1.168	1.182	1.180	1.203	1.218	1.180	1.181	1.143	1.159	1.099	1.063	1.092	1.113	1.145	1.123	1.163	0.092	0.092	0.094	0.096	0.098	0.099
16:56:43	0.848	0.874	0.834	0.850	0.852	0.835	0.834	0.834	0.856	0.834	0.861	0.859	0.849	0.853	0.871	0.865	0.870	0.858	0.858	0.864	0.849	0.858	0.868	0.871	0.858	0.986	1.019	0.999	0.974	0.867	0.963	0.946	0.999	0.896	0.873	0.893	0.860	1.063	1.048	1.079	1.067	0.977	0.103	0.094	0.097	0.100	0.100	0.098	0.999	1.139	1.128	1.148	1.097	1.100	1.107	1.097	1.131	0.870	1.086	1.000	1.021	1.092	1.073	1.119	1.143	1.116	1.144	1.133	1.109	1.120	1.087	1.101	1.082	1.128	1.154	1.174	1.169	1.187	1.207	1.157	1.155	1.121	1.143	1.065	1.048	1.085	1.109	1.129	1.103	1.156	0.092	0.093	0.094	0.096	0.098	0.099
17:06:43	0.848	0.873	0.836	0.845	0.852	0.835	0.832	0.833	0.853	0.832	0.865	0.859	0.850	0.853	0.867	0.859	0.869	0.859	0.859	0.857	0.845	0.857	0.869	0.870	0.856	0.981	1.011	0.993	0.958	0.869	0.960	0.937	0.993	0.896	0.869	0.890	0.859	1.055	1.049	1.083	1.064	0.966	0.102	0.094	0.097	0.100	0.100	0.098	0.994	1.143	1.127	1.150	1.094	1.100	1.114	1.095	1.122	0.864	1.083	0.989	1.018	1.092	1.066	1.109	1.136	1.117	1.133	1.130	1.093	1.105	1.071	1.079	1.072	1.134	1.157	1.172	1.163	1.176	1.204	1.153	1.152	1.107	1.121	1.050	1.047	1.082	1.099	1.123	1.096	1.160	0.092	0.092	0.094	0.096	0.098	0.099
17:16:43	0.846	0.870	0.835	0.847	0.851	0.834	0.840	0.832	0.853	0.832	0.865	0.859	0.847	0.855	0.869	0.858	0.872	0.860	0.860	0.858	0.850	0.858	0.869	0.871	0.856	0.985	1.013	0.983	0.975	0.868	0.973	0.945	0.999	0.901	0.871	0.889	0.860	1.059	1.043	1.077	1.064	0.957	0.102	0.094	0.097	0.100	0.100	0.098	0.994	1.143	1.126	1.152	1.096	1.101	1.113	1.106	1.127	0.864	1.090	0.992	1.018	1.087	1.067	1.109	1.141	1.121	1.141	1.130	1.107	1.119	1.083	1.084	1.081	1.133	1.158	1.181	1.164	1.188	1.202	1.163	1.150	1.103	1.136	1.062	1.049	1.085	1.107	1.126	1.105	1.155	0.092	0.093	0.094	0.096	0.098	0.099
17:26:43	0.848	0.869	0.835	0.848	0.850	0.838	0.833	0.834	0.857	0.832	0.864	0.857	0.851	0.853	0.867	0.860	0.869	0.856	0.857	0.860	0.849	0.857	0.870	0.870	0.857	0.980	1.015	0.985	0.970	0.869	0.963	0.939	0.995	0.887	0.868	0.884	0.858	1.064	1.047	1.076	1.059	0.963	0.103	0.094	0.097	0.100	0.100	0.098	0.999	1.142	1.120	1.151	1.085	1.095	1.101	1.093	1.119	0.861	1.081	0.989	1.013	1.082	1.062	1.110	1.135	1.115	1.136	1.129	1.099	1.109	1.080	1.082	1.066	1.129	1.146	1.174	1.155	1.183	1.190	1.150	1.151	1.092	1.112	1.047	1.041	1.081	1.102	1.124	1.097	1.152	0.092	0.093	0.094	0.096	0.098	0.099
17:36:43	0.847	0.868	0.832	0.849	0.855	0.840	0.837	0.833	0.856	0.833	0.865	0.858	0.851	0.853	0.857	0.862	0.869	0.854	0.857	0.862	0.848	0.859	0.874	0.872	0.858	0.983	1.012	0.983	0.961	0.868	0.970	0.946	1.002	0.885	0.871	0.885	0.859	1.058	1.036	1.077	1.052	0.966	0.102	0.094	0.097	0.100	0.100	0.098	0.992	1.140	1.116	1.148	1.088	1.094	1.097	1.092	1.117	0.864	1.083	0.969	1.010	1.077	1.057	1.100	1.125	1.113	1.132	1.122	1.091	1.095	1.061	1.081	1.054	1.129	1.146	1.175	1.157	1.176	1.194	1.144	1.151	1.085	1.130	1.036	1.036	1.075	1.092	1.119	1.091	1.151	0.092	0.093	0.094	0.096	0.098	0.099
17:46:43	0.848	0.867	0.839	0.847	0.851	0.840	0.837	0.837	0.858	0.835	0.866	0.854	0.852	0.852	0.851	0.860	0.868	0.856	0.856	0.857	0.848	0.860	0.874	0.873	0.855	0.971	1.000	0.961	0.927	0.868	0.954	0.932	0.979	0.876	0.868	0.887	0.859	1.043	1.018	1.059	1.060	0.941	0.102	0.094	0.097	0.100	0.100	0.098	0.979	1.129	1.097	1.138	1.069	1.095	1.067	1.073	1.100	0.856	1.065	0.947	1.000	1.071	1.048	1.091	1.119	1.096	1.115	1.110	1.074	1.064	1.032	1.047	1.045	1.111	1.126	1.159	1.134	1.162	1.177	1.136	1.138	1.045	1.101	1.016	1.029	1.066	1.085	1.111	1.079	1.145	0.092	0.092	0.094	0.096	0.098	0.099
17:56:43	0.850	0.866	0.835	0.849	0.849	0.838	0.835	0.839	0.862	0.837	0.865	0.855	0.854	0.855	0.854	0.855	0.869	0.856	0.853	0.861	0.846	0.859	0.876	0.871	0.858	0.965	0.987	0.964	0.931	0.869	0.948	0.934	0.983	0.873	0.868	0.886	0.859	1.041	1.021	1.055	1.058	0.945	0.102	0.094	0.097	0.100	0.100	0.098	0.970	1.124	1.092	1.136	1.078	1.097	1.074	1.068	1.092	0.858	1.054	0.917	1.001	1.065	1.044	1.093	1.113	1.098	1.115	1.112	1.070	1.045	1.030	1.037	1.053	1.111	1.134	1.148	1.136	1.163	1.171	1.129	1.125	1.006	1.107	0.980	1.026	1.060	1.084	1.103	1.068	1.145	0.092	0.093	0.094	0.096	0.098	0.099
18:06:43	0.847	0.866	0.837	0.850	0.851	0.840	0.833	0.839	0.861	0.840	0.866	0.853	0.856	0.851	0.852	0.856	0.867	0.856	0.856	0.855	0.847	0.860	0.875	0.872	0.859	0.958	0.995	0.952	0.891	0.868	0.956	0.932	0.983	0.872	0.868	0.883	0.857	1.032	1.024	1.050	1.046	0.940	0.102	0.094	0.096	0.100	0.100	0.098	0.980	1.131	1.093	1.133	1.072	1.100	1.074	1.065	1.093	0.853	1.044	0.908	0.991	1.067	1.039	1.100	1.113	1.094	1.113	1.113	1.075	1.049	0.999	1.036	1.060	1.106	1.128	1.151	1.139	1.162	1.170	1.121	1.126	0.992	1.104	0.956	1.027	1.062	1.068	1.104	1.065	1.147	0.092	0.093	0.094	0.096	0.098	0.099
18:16:43	0.847	0.866	0.833	0.850	0.846	0.843	0.832	0.837	0.860	0.839	0.866	0.854	0.851	0.852	0.853	0.857	0.868	0.855	0.855	0.859	0.847	0.857	0.877	0.874	0.861	0.966	1.002	0.962	0.908	0.869	0.966	0.933	0.989	0.874	0.868	0.882	0.858	1.046	1.025	1.047	1.048	0.953	0.102	0.094	0.096	0.100	0.100	0.098	0.976	1.128	1.107	1.137	1.076	1.098	1.079	1.072	1.095	0.854	1.064	0.907	0.994	1.062	1.052	1.100	1.121	1.103	1.124	1.113	1.083	1.054	0.992	1.047	1.060	1.110	1.137	1.149	1.145	1.166	1.164	1.134	1.142	0.995	1.120	0.938	1.038	1.065	1.084	1.103	1.071	1.149	0.092	0.092	0.094	0.096	0.098	0.099
18:26:43	0.845	0.865	0.838	0.851	0.851	0.839	0.837	0.836	0.859	0.837	0.862	0.853	0.852	0.851	0.843	0.858	0.869	0.855	0.857	0.854	0.845	0.855	0.875	0.869	0.862	0.973	0.993	0.957	0.906	0.867	0.955	0.932	0.989	0.873	0.865	0.885	0.855	1.042	1.025	1.053	1.045	0.956	0.102	0.094	0.097	0.100	0.100	0.098	0.969	1.126	1.102	1.131	1.071	1.099	1.067	1.067	1.089	0.853	1.055	0.884	0.989	1.063	1.047	1.092	1.109	1.106	1.114	1.105	1.075	1.044	0.986	1.040	1.049	1.102	1.130	1.144	1.141	1.156	1.156	1.123	1.142	0.986	1.099	0.928	1.031	1.053	1.072	1.095	1.065	1.141	0.092	0.093	0.094	0.096	0.098	0.099
18:36:43	0.843	0.868	0.834	0.850	0.848	0.842	0.834	0.836	0.862	0.839	0.861	0.855	0.852	0.851	0.844	0.859	0.866	0.855	0.859	0.858	0.845	0.858	0.875	0.872	0.861	0.970	0.993	0.943	0.897	0.873	0.960	0.939	0.984	0.874	0.865	0.884	0.855	1.041	1.021	1.051	1.049	0.956	0.102	0.094	0.097	0.100	0.100	0.098	0.962	1.115	1.101	1.129	1.076	1.090	1.070	1.073	1.081	0.852	1.052	0.880	0.989	1.062	1.048	1.089	1.117	1.105	1.122	1.107	1.084	1.039	0.969	1.039	1.044	1.105	1.128	1.147	1.130	1.154	1.157	1.123	1.134	0.980	1.100	0.928	1.030	1.046	1.083	1.097	1.068	1.141	0.092	0.093	0.094	0.096	0.098	0.099
18:46:43	0.845	0.866	0.837	0.858	0.848	0.844	0.838	0.841	0.867	0.846	0.864	0.854	0.853	0.853	0.841	0.859	0.864	0.847	0.856	0.862	0.848	0.863	0.882	0.871	0.863	0.969	0.989	0.926	0.891	0.869	0.956	0.925	0.972	0.874	0.868	0.884	0.856	1.033	1.013	1.040	1.053	0.957	0.102	0.094	0.096	0.100	0.100	0.098	0.944	1.101	1.095	1.116	1.050	1.087	1.059	1.061	1.069	0.853	1.039	0.875	0.979	1.044	1.031	1.078	1.097	1.100	1.111	1.097	1.059	1.003	0.942	1.036	1.044	1.098	1.109	1.123	1.110	1.142	1.134	1.113	1.130	0.973	1.072	0.933	1.026	1.033	1.069	1.083	1.056	1.137	0.092	0.092	0.094	0.096	0.098	0.099
18:56:43	0.845	0.865	0.837	0.857	0.847	0.844	0.840	0.839	0.868	0.849	0.864	0.855	0.851	0.852	0.842	0.851	0.866	0.851	0.857	0.861	0.849	0.863	0.883	0.872	0.862	0.962	0.976	0.914	0.881	0.871	0.945	0.918	0.972	0.873	0.867	0.882	0.855	1.032	1.011	1.033	1.046	0.955	0.102	0.094	0.096	0.100	0.100	0.098	0.949	1.102	1.081	1.113	1.043	1.086	1.052	1.038	1.059	0.850	1.034	0.874	0.974	1.031	1.024	1.071	1.093	1.087	1.105	1.087	1.047	0.980	0.929	1.035	1.039	1.094	1.083	1.119	1.108	1.151	1.136	1.103	1.121	0.954	1.047	0.922	1.026	1.016	1.063	1.076	1.041	1.133	0.092	0.092	0.094	0.096	0.098	0.099
19:06:43	0.846	0.863	0.843	0.859	0.848	0.844	0.842	0.843	0.871	0.851	0.864	0.856	0.853	0.851	0.845	0.851	0.864	0.851	0.861	0.860	0.852	0.866	0.886	0.872	0.859	0.963	0.980	0.907	0.877	0.871	0.932	0.912	0.965	0.871	0.868	0.882	0.855	1.026	1.015	1.013	1.050	0.944	0.102	0.094	0.096	0.100	0.100	0.098	0.920	1.098	1.077	1.119	1.023	1.093	1.043	1.029	1.051	0.853	1.009	0.869	0.970	1.025	1.008	1.067	1.082	1.083	1.099	1.078	1.022	0.951	0.906	1.001	1.025	1.077	1.081	1.110	1.097	1.136	1.131	1.089	1.091	0.956	1.017	0.907	1.014	1.011	1.054	1.069	1.034	1.123	0.092	0.092	0.094	0.096	0.098	0.099
19:16:43	0.846	0.864	0.837	0.854	0.846	0.845	0.843	0.842	0.872	0.851	0.863	0.859	0.851	0.849	0.847	0.854	0.863	0.850	0.861	0.860	0.852	0.868	0.888	0.871	0.862	0.967	0.987	0.902	0.876	0.873	0.941	0.908	0.969	0.873	0.866	0.882	0.853	1.031	1.012	1.017	1.036	0.935	0.102	0.094	0.097	0.100	0.100	0.098	0.903	1.102	1.081	1.114	1.025	1.092	1.034	1.036	1.044	0.850	1.004	0.868	0.959	1.032	0.998	1.063	1.088	1.087	1.100	1.081	1.032	0.945	0.903	0.999	1.043	1.079	1.062	1.089	1.106	1.140	1.135	1.089	1.098	0.935	1.004	0.902	1.002	0.992	1.049	1.064	1.029	1.127	0.092	0.093	0.094	0.096	0.098	0.099
19:26:43	0.844	0.865	0.841	0.861	0.846	0.847	0.847	0.843	0.873	0.854	0.861	0.856	0.849	0.850	0.850	0.847	0.864	0.848	0.859	0.859	0.855	0.868	0.886	0.869	0.861	0.949	0.978	0.890	0.874	0.871	0.942	0.907	0.966	0.868	0.866	0.880	0.854	1.019	1.008	1.004	1.038	0.924	0.102	0.094	0.096	0.100	0.100	0.098	0.879	1.099	1.075	1.105	1.021	1.096	1.010	1.020	1.024	0.850	0.988	0.865	0.943	1.019	0.974	1.063	1.084	1.079	1.094	1.069	1.018	0.929	0.896	0.966	1.044	1.077	1.051	1.075	1.082	1.142	1.132	1.079	1.084	0.931	0.981	0.899	1.000	0.969	1.046	1.041	1.025	1.110	0.092	0.093	0.094	0.096	0.098	0.099
19:36:43	0.834	0.864	0.839	0.856	0.843	0.843	0.853	0.843	0.870	0.853	0.856	0.855	0.851	0.847	0.850	0.847	0.862	0.851	0.856	0.852	0.855	0.868	0.887	0.866	0.859	0.943	0.981	0.891	0.877	0.872	0.941	0.893	0.952	0.870	0.860	0.876	0.853	1.018	0.997	0.994	1.020	0.908	0.102	0.094	0.096	0.100	0.100	0.098	0.871	1.091	1.067	1.095	1.005	1.094	0.983	1.001	1.008	0.844	0.971	0.860	0.927	1.005	0.959	1.057	1.081	1.073	1.090	1.056	1.004	0.921	0.893	0.940	1.027	1.067	1.022	1.051	1.068	1.124	1.122	1.059	1.083	0.933	0.966	0.901	0.991	0.945	1.035	1.007	1.000	1.103	0.092	0.092	0.094	0.096	0.098	0.099
19:46:43	0.842	0.866	0.836	0.852	0.840	0.846	0.846	0.847	0.876	0.858	0.861	0.852	0.850	0.849	0.850	0.852	0.864	0.848	0.856	0.857	0.859	0.874	0.888	0.867	0.863	0.939	0.977	0.882	0.875	0.870	0.949	0.892	0.964	0.873	0.861	0.881	0.853	1.028	1.001	0.993	1.023	0.901	0.102	0.094	0.096	0.100	0.100	0.098	0.884	1.094	1.089	1.097	1.006	1.088	0.969	1.011	1.006	0.846	0.954	0.862	0.929	1.015	0.957	1.050	1.078	1.075	1.091	1.061	1.006	0.915	0.888	0.936	1.035	1.066	1.023	1.057	1.074	1.132	1.139	1.067	1.083	0.931	0.970	0.899	0.986	0.922	1.034	1.007	1.002	1.102	0.092	0.093	0.094	0.096	0.098	0.099
19:56:43	0.842	0.866	0.831	0.851	0.842	0.853	0.849	0.847	0.877	0.859	0.863	0.851	0.855	0.848	0.850	0.851	0.861	0.850	0.858	0.861	0.866	0.877	0.889	0.869	0.866	0.952	0.980	0.882	0.877	0.873	0.954	0.901	0.969	0.873	0.862	0.882	0.854	1.028	1.014	0.980	1.030	0.902	0.102	0.094	0.096	0.100	0.100	0.098	0.881	1.100	1.099	1.098	0.994	1.087	0.990	1.006	1.011	0.848	0.952	0.866	0.928	1.014	0.935	1.051	1.078	1.079	1.091	1.072	1.010	0.915	0.897	0.935	1.037	1.072	1.006	1.032	1.066	1.142	1.144	1.070	1.073	0.927	0.961	0.903	0.983	0.904	1.029	0.979	0.983	1.099	0.092	0.093	0.094	0.096	0.098	0.099
20:06:43	0.843	0.865	0.835	0.852	0.842	0.849	0.847	0.849	0.876	0.861	0.864	0.850	0.853	0.848	0.849	0.851	0.864	0.848	0.857	0.862	0.867	0.878	0.888	0.867	0.864	0.937	0.982	0.885	0.882	0.872	0.943	0.886	0.966	0.877	0.861	0.884	0.852	1.023	0.996	0.966	1.025	0.882	0.102	0.094	0.096	0.100	0.100	0.098	0.879	1.091	1.088	1.092	0.983	1.093	0.965	0.988	1.003	0.848	0.926	0.863	0.916	1.008	0.918	1.039	1.064	1.068	1.082	1.059	0.991	0.909	0.883	0.913	1.034	1.058	0.965	0.991	1.026	1.110	1.129	1.057	1.045	0.930	0.955	0.896	0.972	0.898	1.025	0.973	0.968	1.090	0.092	0.092	0.094	0.096	0.098	0.099
20:16:43	0.840	0.863	0.836	0.851	0.839	0.853	0.844	0.851	0.876	0.858	0.860	0.850	0.852	0.847	0.846	0.852	0.862	0.849	0.854	0.860	0.867	0.883	0.886	0.868	0.866	0.926	0.963	0.881	0.880	0.873	0.923	0.876	0.947	0.874	0.863	0.881	0.853	1.009	0.980	0.949	1.004	0.875	0.102	0.094	0.096	0.100	0.100	0.098	0.865	1.068	1.050	1.056	0.954	1.086	0.933	0.941	0.970	0.846	0.892	0.862	0.901	0.989	0.892	1.020	1.053	1.053	1.056	1.031	0.946	0.902	0.879	0.896	1.024	1.039	0.915	0.955	0.992	1.083	1.097	1.011	0.994	0.929	0.945	0.896	0.950	0.891	1.003	0.952	0.944	1.064	0.092	0.093	0.094	0.096	0.098	0.099
20:26:43	0.843	0.862	0.840	0.851	0.842	0.850	0.849	0.854	0.875	0.860	0.861	0.848	0.851	0.846	0.850	0.852	0.864	0.844	0.852	0.861	0.869	0.881	0.888	0.869	0.866	0.925	0.973	0.885	0.880	0.873	0.915	0.878	0.953	0.875	0.862	0.882	0.852	1.014	0.970	0.927	0.989	0.870	0.102	0.094	0.097	0.100	0.100	0.098	0.871	1.069	1.046	1.052	0.940	1.091	0.948	0.920	0.972	0.844	0.882	0.862	0.898	0.987	0.881	1.020	1.056	1.049	1.048	1.022	0.913	0.904	0.880	0.902	1.011	1.045	0.897	0.943	0.960	1.083	1.103	0.984	0.951	0.927	0.957	0.897	0.937	0.894	0.991	0.946	0.937	1.063	0.092	0.093	0.094	0.096	0.097	0.099
20:36:43	0.832	0.861	0.839	0.845	0.837	0.843	0.847	0.848	0.867	0.856	0.850	0.852	0.850	0.847	0.851	0.852	0.858	0.848	0.851	0.855	0.864	0.875	0.883	0.862	0.861	0.927	0.977	0.892	0.875	0.872	0.889	0.871	0.951	0.870	0.856	0.875	0.855	1.001	0.967	0.898	0.976	0.863	0.102	0.094	0.096	0.100	0.100	0.097	0.863	1.062	1.040	1.032	0.916	1.092	0.917	0.896	0.951	0.839	0.879	0.860	0.888	0.976	0.879	0.999	1.039	1.037	1.043	1.008	0.889	0.895	0.879	0.888	0.995	1.023	0.889	0.919	0.933	1.061	1.088	0.954	0.931	0.929	0.936	0.896	0.902	0.887	0.971	0.932	0.919	1.056	0.092	0.092	0.094	0.096	0.097	0.099
20:46:43	0.839	0.859	0.829	0.849	0.837	0.849	0.845	0.855	0.874	0.861	0.859	0.848	0.852	0.847	0.849	0.851	0.865	0.846	0.854	0.861	0.868	0.882	0.886	0.867	0.867	0.924	0.959	0.883	0.880	0.873	0.907	0.875	0.967	0.872	0.856	0.878	0.851	1.019	0.968	0.883	0.960	0.876	0.102	0.094	0.096	0.100	0.100	0.098	0.873	1.079	1.051	1.058	0.936	1.078	0.940	0.899	0.963	0.841	0.880	0.860	0.902	0.985	0.882	1.000	1.040	1.052	1.051	1.005	0.902	0.901	0.882	0.909	0.982	1.035	0.904	0.907	0.916	1.077	1.100	0.966	0.933	0.925	0.952	0.897	0.906	0.892	0.971	0.937	0.926	1.060	0.092	0.092	0.094	0.096	0.097	0.099
20:56:43	0.840	0.859	0.838	0.850	0.837	0.850	0.849	0.851	0.873	0.862	0.858	0.847	0.851	0.847	0.850	0.859	0.862	0.840	0.854	0.858	0.868	0.880	0.888	0.867	0.866	0.928	0.941	0.882	0.879	0.875	0.897	0.874	0.977	0.872	0.855	0.877	0.851	1.013	0.959	0.884	0.933	0.872	0.102	0.094	0.096	0.100	0.100	0.098	0.873	1.087	1.046	1.048	0.923	1.083	0.924	0.886	0.956	0.843	0.875	0.857	0.901	0.981	0.878	0.985	1.037	1.050	1.054	0.989	0.895	0.893	0.878	0.886	0.954	1.010	0.888	0.904	0.911	1.056	1.101	0.952	0.921	0.926	0.935	0.892	0.887	0.884	0.954	0.935	0.923	1.058	0.092	0.092	0.094	0.096	0.097	0.098
21:06:43	0.842	0.858	0.833	0.850	0.838	0.853	0.848	0.858	0.873	0.862	0.862	0.846	0.852	0.850	0.847	0.858	0.863	0.841	0.856	0.861	0.869	0.882	0.889	0.869	0.870	0.929	0.941	0.882	0.879	0.875	0.891	0.872	0.981	0.875	0.858	0.881	0.854	1.023	0.966	0.878	0.906	0.878	0.102	0.094	0.096	0.100	0.100	0.098	0.873	1.079	1.039	1.052	0.930	1.082	0.927	0.885	0.959	0.844	0.877	0.858	0.906	0.981	0.872	0.981	1.030	1.051	1.061	0.973	0.888	0.896	0.880	0.891	0.939	1.010	0.887	0.907	0.916	1.039	1.108	0.948	0.927	0.925	0.947	0.895	0.889	0.892	0.937	0.932	0.926	1.033	0.092	0.093	0.094	0.096	0.097	0.099
21:16:43	0.840	0.859	0.833	0.849	0.840	0.850	0.848	0.858	0.874	0.863	0.864	0.845	0.851	0.847	0.850	0.860	0.862	0.841	0.857	0.860	0.868	0.883	0.890	0.871	0.871	0.932	0.948	0.886	0.881	0.873	0.913	0.874	0.979	0.875	0.858	0.881	0.850	1.016	0.941	0.884	0.884	0.881	0.102	0.094	0.096	0.100	0.100	0.098	0.864	1.066	1.032	1.066	0.921	1.080	0.926	0.890	0.957	0.842	0.877	0.858	0.903	0.976	0.873	0.976	1.026	1.045	1.056	0.974	0.885	0.895	0.880	0.888	0.918	0.998	0.896	0.904	0.912	1.022	1.098	0.940	0.928	0.925	0.944	0.896	0.887	0.890	0.919	0.926	0.921	1.004	0.092	0.092	0.094	0.096	0.097	0.099
21:26:43	0.839	0.858	0.833	0.849	0.841	0.850	0.848	0.862	0.876	0.863	0.865	0.843	0.852	0.847	0.850	0.860	0.864	0.837	0.857	0.864	0.868	0.885	0.891	0.872	0.871	0.919	0.950	0.886	0.879	0.872	0.899	0.874	0.975	0.874	0.860	0.881	0.851	1.010	0.922	0.878	0.869	0.874	0.102	0.094	0.096	0.100	0.100	0.098	0.872	1.055	1.028	1.046	0.910	1.078	0.915	0.881	0.940	0.843	0.875	0.861	0.899	0.966	0.871	0.959	1.026	1.030	1.050	0.950	0.878	0.895	0.881	0.882	0.905	0.977	0.888	0.903	0.912	0.970	1.092	0.942	0.927	0.925	0.941	0.893	0.890	0.886	0.916	0.928	0.919	0.952	0.092	0.092	0.094	0.096	0.097	0.099
21:36:43	0.840	0.857	0.833	0.846	0.837	0.848	0.852	0.858	0.874	0.862	0.861	0.845	0.851	0.849	0.850	0.855	0.867	0.841	0.854	0.862	0.866	0.883	0.888	0.870	0.871	0.923	0.958	0.882	0.881	0.877	0.895	0.872	0.970	0.875	0.858	0.881	0.852	1.019	0.921	0.881	0.866	0.878	0.102	0.094	0.097	0.100	0.100	0.097	0.875	1.044	1.032	1.044	0.910	1.079	0.917	0.885	0.933	0.845	0.876	0.858	0.898	0.953	0.868	0.938	1.027	1.039	1.046	0.934	0.879	0.891	0.881	0.886	0.899	0.960	0.891	0.905	0.907	0.945	1.091	0.936	0.925	0.923	0.941	0.895	0.891	0.890	0.916	0.925	0.915	0.919	0.092	0.092	0.094	0.096	0.097	0.099
21:46:43	0.841	0.856	0.834	0.848	0.841	0.849	0.852	0.859	0.872	0.863	0.859	0.840	0.853	0.848	0.853	0.860	0.861	0.835	0.859	0.860	0.869	0.880	0.893	0.870	0.875	0.932	0.958	0.888	0.884	0.869	0.907	0.876	0.979	0.871	0.854	0.880	0.851	1.023	0.915	0.879	0.875	0.868	0.102	0.094	0.096	0.100	0.100	0.098	0.873	1.059	1.039	1.039	0.905	1.075	0.892	0.878	0.931	0.840	0.876	0.858	0.895	0.938	0.869	0.913	1.025	1.036	1.045	0.920	0.875	0.887	0.877	0.880	0.931	0.930	0.883	0.903	0.907	0.938	1.087	0.932	0.926	0.925	0.935	0.894	0.884	0.881	0.914	0.923	0.920	0.918	0.092	0.093	0.094	0.096	0.097	0.099
21:56:43	0.833	0.856	0.838	0.847	0.835	0.841	0.846	0.855	0.867	0.861	0.848	0.844	0.849	0.845	0.848	0.859	0.854	0.836	0.859	0.853	0.861	0.878	0.884	0.859	0.861	0.918	0.944	0.890	0.876	0.866	0.885	0.872	0.963	0.867	0.846	0.871	0.852	1.011	0.895	0.876	0.871	0.853	0.102	0.094	0.096	0.100	0.100	0.098	0.863	1.029	1.020	1.018	0.881	1.079	0.878	0.863	0.895	0.832	0.868	0.855	0.882	0.928	0.863	0.892	1.005	1.027	1.028	0.898	0.861	0.883	0.874	0.874	0.919	0.904	0.877	0.893	0.897	0.926	1.080	0.921	0.909	0.919	0.928	0.893	0.879	0.876	0.897	0.914	0.911	0.902	0.092	0.092	0.094	0.096	0.097	0.099
22:06:43	0.840	0.851	0.834	0.846	0.840	0.848	0.850	0.863	0.873	0.861	0.862	0.838	0.849	0.850	0.847	0.856	0.870	0.837	0.861	0.859	0.868	0.885	0.890	0.868	0.873	0.930	0.941	0.885	0.881	0.876	0.886	0.873	0.974	0.873	0.854	0.878	0.851	1.020	0.898	0.889	0.874	0.875	0.102	0.094	0.096	0.100	0.100	0.097	0.868	1.058	1.038	1.020	0.897	1.081	0.889	0.871	0.902	0.839	0.872	0.855	0.884	0.916	0.866	0.888	1.012	1.033	1.041	0.897	0.873	0.889	0.878	0.881	0.925	0.913	0.888	0.901	0.908	0.927	1.094	0.918	0.915	0.922	0.938	0.893	0.886	0.881	0.906	0.923	0.913	0.912	0.092	0.092	0.094	0.096	0.097	0.099
22:16:43	0.836	0.851	0.835	0.847	0.836	0.845	0.846	0.859	0.871	0.861	0.858	0.841	0.848	0.844	0.850	0.868	0.869	0.836	0.866	0.854	0.866	0.879	0.886	0.863	0.871	0.910	0.937	0.886	0.881	0.867	0.884	0.873	0.965	0.867	0.851	0.875	0.853	1.010	0.876	0.879	0.877	0.862	0.102	0.094	0.096	0.100	0.100	0.098	0.865	1.057	1.031	0.988	0.883	1.081	0.896	0.865	0.879	0.835	0.867	0.858	0.881	0.897	0.864	0.886	1.004	1.013	1.033	0.891	0.862	0.884	0.875	0.877	0.917	0.894	0.881	0.895	0.903	0.928	1.086	0.913	0.910	0.922	0.927	0.895	0.880	0.877	0.896	0.919	0.914	0.904	0.092	0.092	0.094	0.096	0.097	0.099
22:26:43	0.837	0.853	0.830	0.846	0.833	0.843	0.845	0.859	0.872	0.859	0.860	0.841	0.847	0.852	0.849	0.866	0.866	0.837	0.863	0.854	0.864	0.878	0.887	0.867	0.876	0.908	0.921	0.885	0.881	0.874	0.899	0.877	0.981	0.873	0.855	0.880	0.854	1.006	0.876	0.885	0.870	0.877	0.102	0.094	0.096	0.100	0.100	0.098	0.868	1.065	1.044	0.973	0.889	1.069	0.908	0.869	0.897	0.839	0.867	0.857	0.888	0.897	0.862	0.878	1.002	1.027	1.048	0.895	0.872	0.886	0.877	0.883	0.930	0.900	0.885	0.899	0.906	0.926	1.103	0.915	0.912	0.921	0.926	0.893	0.884	0.882	0.899	0.918	0.909	0.911	0.092	0.093	0.094	0.096	0.097	0.099
22:36:43	0.836	0.854	0.833	0.844	0.835	0.845	0.844	0.862	0.874	0.861	0.860	0.839	0.849	0.851	0.848	0.862	0.868	0.836	0.863	0.858	0.863	0.881	0.891	0.870	0.878	0.882	0.902	0.884	0.882	0.871	0.882	0.873	0.968	0.871	0.857	0.880	0.851	0.999	0.865	0.876	0.873	0.877	0.101	0.094	0.096	0.099	0.100	0.097	0.864	1.054	1.035	0.918	0.884	1.077	0.894	0.867	0.882	0.837	0.867	0.855	0.882	0.879	0.861	0.875	0.992	1.026	1.040	0.893	0.863	0.885	0.876	0.886	0.926	0.886	0.882	0.899	0.898	0.923	1.095	0.913	0.910	0.921	0.928	0.893	0.878	0.881	0.899	0.916	0.915	0.910	0.091	0.092	0.093	0.096	0.097	0.098
22:46:43	0.835	0.855	0.833	0.846	0.832	0.843	0.847	0.860	0.871	0.863	0.858	0.837	0.845	0.853	0.849	0.861	0.874	0.839	0.858	0.856	0.864	0.878	0.888	0.867	0.878	0.878	0.887	0.883	0.880	0.873	0.879	0.876	0.977	0.869	0.857	0.880	0.852	0.992	0.862	0.877	0.864	0.878	0.102	0.094	0.096	0.099	0.100	0.097	0.863	1.058	1.043	0.895	0.879	1.060	0.894	0.867	0.879	0.835	0.865	0.855	0.882	0.873	0.862	0.873	0.990	1.029	1.041	0.887	0.861	0.885	0.873	0.883	0.929	0.901	0.882	0.896	0.899	0.915	1.100	0.908	0.903	0.921	0.924	0.894	0.873	0.879	0.895	0.913	0.911	0.906	0.092	0.092	0.094	0.096	0.097	0.098
22:56:43	0.834	0.851	0.836	0.841	0.829	0.843	0.845	0.854	0.868	0.858	0.856	0.838	0.847	0.846	0.847	0.873	0.858	0.835	0.865	0.853	0.862	0.877	0.884	0.861	0.868	0.875	0.883	0.885	0.878	0.864	0.871	0.876	0.969	0.869	0.847	0.872	0.854	0.964	0.863	0.876	0.868	0.861	0.101	0.094	0.096	0.099	0.100	0.097	0.867	1.042	1.022	0.872	0.875	1.056	0.868	0.864	0.863	0.831	0.863	0.858	0.869	0.866	0.863	0.873	0.979	1.029	1.035	0.886	0.856	0.880	0.874	0.883	0.914	0.881	0.878	0.897	0.898	0.916	1.087	0.908	0.897	0.918	0.924	0.895	0.876	0.877	0.892	0.908	0.906	0.902	0.092	0.092	0.094	0.096	0.097	0.099
23:06:43	0.835	0.850	0.838	0.843	0.831	0.842	0.846	0.853	0.868	0.858	0.854	0.839	0.848	0.849	0.847	0.876	0.864	0.834	0.863	0.855	0.861	0.877	0.886	0.862	0.872	0.875	0.872	0.887	0.879	0.864	0.873	0.876	0.960	0.870	0.847	0.870	0.852	0.946	0.868	0.879	0.869	0.862	0.101	0.094	0.096	0.099	0.100	0.098	0.861	1.025	1.002	0.873	0.873	1.073	0.881	0.864	0.864	0.830	0.864	0.860	0.867	0.867	0.862	0.868	0.949	1.013	1.020	0.882	0.857	0.884	0.874	0.879	0.911	0.887	0.879	0.895	0.895	0.910	1.066	0.900	0.897	0.918	0.926	0.895	0.877	0.878	0.888	0.908	0.906	0.900	0.092	0.092	0.094	0.096	0.097	0.099
23:16:43	0.833	0.852	0.838	0.846	0.831	0.844	0.848	0.859	0.872	0.861	0.857	0.837	0.850	0.852	0.848	0.868	0.857	0.833	0.863	0.855	0.864	0.880	0.887	0.864	0.876	0.876	0.869	0.882	0.879	0.864	0.874	0.874	0.961	0.869	0.852	0.876	0.851	0.919	0.868	0.879	0.869	0.864	0.101	0.094	0.096	0.099	0.100	0.097	0.861	1.015	0.984	0.869	0.873	1.078	0.881	0.863	0.862	0.832	0.863	0.857	0.870	0.862	0.861	0.869	0.915	1.001	0.999	0.880	0.858	0.881	0.875	0.878	0.920	0.883	0.878	0.896	0.895	0.911	1.060	0.899	0.903	0.919	0.924	0.895	0.875	0.879	0.890	0.911	0.902	0.898	0.092	0.092	0.094	0.096	0.097	0.098
23:26:43	0.831	0.850	0.835	0.842	0.831	0.847	0.850	0.859	0.872	0.860	0.859	0.838	0.846	0.852	0.847	0.867	0.874	0.832	0.860	0.857	0.864	0.879	0.890	0.866	0.876	0.874	0.868	0.885	0.878	0.868	0.876	0.873	0.963	0.868	0.850	0.874	0.851	0.908	0.866	0.877	0.867	0.866	0.101	0.094	0.096	0.099	0.100	0.097	0.859	0.993	0.949	0.867	0.874	1.065	0.885	0.862	0.866	0.832	0.866	0.856	0.869	0.867	0.856	0.867	0.892	0.968	0.977	0.879	0.855	0.881	0.875	0.883	0.914	0.880	0.878	0.894	0.895	0.911	1.062	0.898	0.901	0.919	0.925	0.893	0.875	0.876	0.892	0.906	0.898	0.901	0.092	0.092	0.094	0.096	0.097	0.099
23:36:43	0.832	0.850	0.838	0.842	0.829	0.845	0.844	0.854	0.870	0.861	0.859	0.839	0.847	0.855	0.846	0.870	0.864	0.834	0.861	0.858	0.860	0.878	0.891	0.862	0.875	0.874	0.866	0.880	0.883	0.867	0.876	0.876	0.945	0.868	0.848	0.874	0.853	0.906	0.866	0.876	0.869	0.858	0.102	0.094	0.096	0.099	0.100	0.097	0.860	0.941	0.901	0.869	0.872	1.076	0.872	0.863	0.855	0.832	0.867	0.858	0.864	0.861	0.857	0.868	0.878	0.922	0.917	0.878	0.853	0.879	0.876	0.880	0.912	0.883	0.878	0.894	0.894	0.911	1.032	0.898	0.902	0.917	0.924	0.892	0.876	0.878	0.889	0.907	0.903	0.900	0.092	0.092	0.094	0.096	0.097	0.098
23:46:43	0.834	0.847	0.841	0.840	0.828	0.842	0.845	0.854	0.864	0.857	0.850	0.838	0.846	0.846	0.843	0.869	0.860	0.831	0.861	0.852	0.859	0.873	0.884	0.859	0.863	0.871	0.864	0.880	0.874	0.859	0.870	0.872	0.941	0.866	0.843	0.866	0.851	0.900	0.864	0.872	0.864	0.849	0.101	0.094	0.096	0.099	0.100	0.097	0.856	0.906	0.881	0.869	0.866	1.070	0.863	0.860	0.853	0.825	0.860	0.858	0.863	0.856	0.855	0.862	0.870	0.876	0.878	0.869	0.850	0.875	0.873	0.877	0.899	0.879	0.875	0.893	0.893	0.900	1.026	0.892	0.890	0.915	0.924	0.891	0.876	0.875	0.883	0.902	0.898	0.894	0.092	0.092	0.094	0.096	0.097	0.099
23:56:43	0.835	0.847	0.844	0.843	0.828	0.846	0.846	0.853	0.869	0.859	0.858	0.837	0.849	0.853	0.846	0.866	0.877	0.834	0.857	0.859	0.861	0.876	0.889	0.864	0.876	0.878	0.860	0.882	0.881	0.870	0.875	0.875	0.954	0.870	0.848	0.872	0.851	0.903	0.865	0.878	0.868	0.863	0.102	0.094	0.096	0.099	0.100	0.097	0.860	0.882	0.872	0.869	0.873	1.058	0.881	0.865	0.861	0.829	0.864	0.856	0.868	0.862	0.856	0.867	0.874	0.869	0.880	0.875	0.853	0.879	0.874	0.880	0.903	0.889	0.877	0.895	0.893	0.905	1.000	0.896	0.895	0.916	0.922	0.892	0.878	0.876	0.887	0.906	0.900	0.897	0.092	0.092	0.094	0.096	0.097	0.099
24:06:43	0.827	0.845	0.851	0.835	0.820	0.831	0.845	0.846	0.858	0.851	0.845	0.836	0.845	0.847	0.841	0.864	0.849	0.831	0.855	0.851	0.855	0.872	0.880	0.853	0.860	0.872	0.865	0.877	0.868	0.859	0.868	0.868	0.941	0.865	0.844	0.860	0.850	0.885	0.862	0.871	0.862	0.845	0.102	0.093	0.096	0.099	0.100	0.097	0.852	0.871	0.871	0.865	0.864	1.064	0.862	0.858	0.847	0.824	0.863	0.856	0.856	0.852	0.850	0.859	0.865	0.856	0.865	0.868	0.849	0.874	0.872	0.878	0.890	0.875	0.872	0.892	0.884	0.894	0.942	0.887	0.890	0.910	0.924	0.886	0.880	0.876	0.880	0.903	0.890	0.892	0.092	0.092	0.094	0.096	0.097	0.098
24:16:43	0.833	0.848	0.853	0.842	0.825	0.842	0.847	0.854	0.868	0.861	0.856	0.838	0.854	0.856	0.848	0.863	0.862	0.832	0.860	0.861	0.860	0.877	0.888	0.860	0.874	0.875	0.860	0.881	0.882	0.869	0.875	0.873	0.944	0.868	0.848	0.873	0.853	0.904	0.870	0.875	0.868	0.865	0.101	0.094	0.096	0.099	0.100	0.098	0.861	0.870	0.870	0.867	0.872	1.047	0.883	0.863	0.855	0.828	0.861	0.855	0.871	0.870	0.855	0.866	0.874	0.866	0.878	0.872	0.854	0.879	0.875	0.881	0.901	0.887	0.877	0.893	0.895	0.904	0.928	0.897	0.900	0.914	0.917	0.891	0.878	0.877	0.889	0.903	0.902	0.895	0.092	0.092	0.094	0.096	0.097	0.099
24:26:43	0.829	0.846	0.861	0.838	0.826	0.839	0.845	0.850	0.863	0.856	0.850	0.838	0.849	0.852	0.842	0.878	0.865	0.833	0.858	0.855	0.857	0.877	0.885	0.856	0.864	0.872	0.866	0.880	0.876	0.860	0.874	0.875	0.942	0.865	0.844	0.867	0.852	0.895	0.867	0.875	0.866	0.847	0.101	0.094	0.096	0.099	0.100	0.097	0.853	0.869	0.871	0.868	0.867	1.063	0.864	0.859	0.855	0.822	0.859	0.855	0.863	0.864	0.850	0.863	0.868	0.860	0.868	0.870	0.849	0.875	0.873	0.878	0.902	0.875	0.874	0.893	0.888	0.901	0.910	0.891	0.891	0.914	0.922	0.888	0.880	0.877	0.881	0.903	0.892	0.892	0.092	0.092	0.094	0.096	0.097	0.098
24:36:43	0.832	0.852	0.857	0.841	0.826	0.842	0.848	0.854	0.869	0.859	0.857	0.841	0.859	0.855	0.847	0.866	0.865	0.832	0.862	0.862	0.861	0.879	0.887	0.861	0.872	0.880	0.859	0.883	0.882	0.870	0.876	0.877	0.932	0.868	0.849	0.872	0.855	0.895	0.868	0.874	0.870	0.865	0.102	0.094	0.096	0.100	0.100	0.097	0.859	0.870	0.868	0.869	0.873	1.056	0.873	0.865	0.856	0.829	0.863	0.859	0.865	0.866	0.852	0.867	0.875	0.865	0.872	0.872	0.854	0.879	0.874	0.879	0.896	0.878	0.877	0.898	0.895	0.907	0.908	0.896	0.895	0.913	0.920	0.890	0.880	0.878	0.889	0.906	0.897	0.894	0.092	0.092	0.094	0.096	0.097	0.099
24:46:43	0.829	0.848	0.857	0.838	0.823	0.840	0.844	0.849	0.863	0.858	0.851	0.842	0.858	0.857	0.848	0.874	0.854	0.834	0.860	0.860	0.857	0.875	0.885	0.858	0.873	0.876	0.867	0.883	0.879	0.869	0.873	0.877	0.918	0.867	0.849	0.867	0.854	0.896	0.866	0.874	0.869	0.861	0.101	0.094	0.096	0.099	0.100	0.097	0.859	0.870	0.868	0.868	0.870	1.064	0.873	0.863	0.855	0.827	0.865	0.860	0.858	0.854	0.851	0.866	0.873	0.861	0.868	0.871	0.851	0.877	0.875	0.880	0.899	0.874	0.878	0.895	0.891	0.901	0.907	0.893	0.891	0.912	0.922	0.890	0.884	0.877	0.886	0.907	0.892	0.894	0.092	0.092	0.094	0.096	0.097	0.098
24:56:43	0.830	0.845	0.858	0.841	0.824	0.839	0.845	0.852	0.866	0.859	0.850	0.840	0.854	0.857	0.843	0.882	0.852	0.830	0.860	0.861	0.857	0.877	0.881	0.856	0.863	0.872	0.868	0.880	0.873	0.860	0.873	0.874	0.908	0.867	0.847	0.866	0.854	0.893	0.866	0.874	0.866	0.851	0.101	0.094	0.096	0.099	0.099	0.097	0.852	0.874	0.869	0.865	0.866	1.067	0.865	0.862	0.852	0.827	0.865	0.858	0.857	0.854	0.852	0.863	0.870	0.858	0.866	0.871	0.851	0.875	0.873	0.880	0.888	0.873	0.874	0.894	0.891	0.896	0.906	0.890	0.890	0.910	0.920	0.887	0.883	0.878	0.883	0.902	0.891	0.890	0.092	0.092	0.093	0.096	0.097	0.098
25:06:43	0.830	0.844	0.861	0.838	0.824	0.834	0.846	0.848	0.863	0.858	0.848	0.842	0.853	0.852	0.839	0.877	0.853	0.829	0.856	0.857	0.855	0.877	0.880	0.853	0.859	0.871	0.866	0.875	0.870	0.857	0.870	0.872	0.899	0.866	0.848	0.865	0.852	0.891	0.864	0.869	0.863	0.850	0.101	0.094	0.096	0.099	0.100	0.097	0.847	0.870	0.867	0.864	0.866	1.066	0.865	0.860	0.851	0.824	0.862	0.856	0.854	0.850	0.851	0.861	0.869	0.858	0.862	0.867	0.850	0.876	0.874	0.880	0.884	0.871	0.873	0.892	0.888	0.896	0.903	0.888	0.890	0.908	0.921	0.887	0.883	0.873	0.882	0.902	0.893	0.890	0.092	0.092	0.094	0.096	0.097	0.099
25:16:43	0.830	0.850	0.856	0.838	0.819	0.831	0.848	0.845	0.858	0.853	0.849	0.845	0.863	0.858	0.843	0.881	0.853	0.834	0.856	0.857	0.856	0.874	0.879	0.855	0.870	0.871	0.863	0.882	0.873	0.863	0.871	0.875	0.888	0.863	0.854	0.864	0.853	0.892	0.867	0.874	0.867	0.857	0.101	0.094	0.096	0.099	0.100	0.097	0.852	0.870	0.867	0.865	0.865	1.071	0.873	0.862	0.855	0.826	0.867	0.866	0.859	0.856	0.849	0.860	0.868	0.860	0.864	0.871	0.850	0.873	0.873	0.885	0.880	0.875	0.879	0.894	0.887	0.898	0.904	0.890	0.889	0.908	0.922	0.889	0.882	0.875	0.885	0.905	0.891	0.894	0.092	0.092	0.094	0.096	0.097	0.099
25:26:43	0.826	0.847	0.854	0.833	0.818	0.823	0.847	0.840	0.856	0.846	0.842	0.845	0.855	0.851	0.840	0.870	0.848	0.834	0.852	0.854	0.852	0.872	0.874	0.847	0.856	0.867	0.868	0.876	0.869	0.862	0.867	0.873	0.884	0.861	0.851	0.859	0.852	0.886	0.864	0.870	0.860	0.855	0.101	0.093	0.096	0.099	0.099	0.097	0.849	0.871	0.870	0.859	0.864	1.071	0.868	0.862	0.852	0.822	0.867	0.859	0.853	0.852	0.848	0.858	0.864	0.855	0.862	0.866	0.848	0.874	0.874	0.882	0.890	0.873	0.873	0.892	0.887	0.892	0.901	0.886	0.889	0.907	0.917	0.886	0.883	0.873	0.882	0.902	0.892	0.889	0.091	0.092	0.093	0.096	0.097	0.098
25:36:43	0.832	0.848	0.854	0.836	0.818	0.833	0.846	0.841	0.858	0.854	0.844	0.848	0.861	0.858	0.840	0.882	0.851	0.833	0.856	0.858	0.854	0.875	0.877	0.851	0.862	0.870	0.866	0.876	0.869	0.864	0.870	0.874	0.885	0.863	0.850	0.862	0.854	0.891	0.867	0.869	0.866	0.857	0.101	0.094	0.096	0.099	0.100	0.097	0.848	0.870	0.869	0.865	0.861	1.070	0.870	0.864	0.851	0.826	0.867	0.862	0.853	0.856	0.851	0.858	0.867	0.856	0.860	0.866	0.851	0.875	0.871	0.884	0.889	0.876	0.880	0.893	0.888	0.892	0.898	0.886	0.890	0.909	0.918	0.887	0.885	0.876	0.886	0.906	0.892	0.891	0.092	0.092	0.094	0.096	0.097	0.098

