EGFP:488,507

Kinetic read	A1	A2	A3	A4	A5	A6	A7	A8	A9	A10	A11	A12	B1	B2	B3	B4	B5	B6	B7	B8	B9	B10	B11	B12	C1	C2	C3	C4	C5	C6	C7	C8	C9	C10	C11	C12	D1	D2	D3	D4	D5	D6	D7	D8	D9	D10	D11	D12	E1	E2	E3	E4	E5	E6	E7	E8	E9	E10	E11	E12	F1	F2	F3	F4	F5	F6	F7	F8	F9	F10	F11	F12	G1	G2	G3	G4	G5	G6	G7	G8	G9	G10	G11	G12	H1	H2	H3	H4	H5	H6	H7	H8	H9	H10	H11	H12
0:08:37	199	210	189	219	220	206	198	226	208	206	216	212	500	441	442	205	182	207	205	212	195	185	212	193	208	196	204	200	196	210	209	211	211	210	202	206	235	255	242	201	197	202	207	222	258	196	201	189	190	197	173	198	197	193	182	183	197	193	183	208	1010	464	556	204	200	178	194	193	188	196	216	197	199	217	202	203	198	183	208	193	202	199	178	190	254	231	239	188	194	205	186	200	189	177	200	182
0:18:37	187	212	209	213	194	207	229	202	188	211	209	206	496	483	487	205	208	197	215	204	215	220	219	214	201	211	194	195	199	195	210	225	204	196	200	208	293	259	240	208	202	200	186	196	259	211	204	191	190	193	177	202	196	203	190	187	196	192	192	203	928	466	590	206	198	177	181	199	196	210	205	204	206	222	207	180	206	187	224	193	195	201	185	199	259	313	252	213	195	211	191	183	178	187	193	200
0:28:37	190	204	202	227	212	219	204	194	192	208	200	209	478	559	516	195	188	204	179	203	194	223	203	209	198	206	223	195	216	190	195	199	203	200	199	212	318	354	255	198	213	203	209	210	256	198	191	209	187	183	178	198	189	200	176	193	179	194	213	195	478	440	536	210	217	197	197	190	184	179	194	192	198	200	192	192	191	183	208	202	195	194	184	200	269	280	225	172	184	191	179	183	179	163	199	179
0:38:37	205	209	180	247	208	198	225	203	226	220	202	202	521	559	638	221	174	221	194	196	201	190	186	207	188	183	202	207	215	203	218	214	228	200	214	162	356	369	269	195	196	192	196	185	276	204	198	183	206	185	197	184	187	209	201	211	172	179	177	193	524	489	521	185	214	213	205	176	191	187	196	175	177	222	179	188	185	209	216	203	205	176	179	171	242	261	247	190	179	225	187	199	200	189	203	190
0:48:37	202	196	219	222	203	209	217	201	195	227	209	213	660	610	688	215	201	206	213	204	190	200	190	210	192	207	205	203	210	212	254	236	221	200	209	185	407	406	266	171	186	207	183	192	252	202	195	194	172	199	168	168	185	196	199	174	199	200	212	208	513	492	538	175	189	171	202	195	192	198	188	205	184	201	188	179	194	173	218	198	195	200	182	191	277	247	234	181	205	206	171	180	184	183	200	183
0:58:37	194	198	182	211	192	212	209	207	179	205	199	182	637	689	791	198	196	199	195	211	205	198	198	208	215	220	190	212	208	197	218	205	214	201	210	198	442	439	263	198	223	207	189	198	229	195	170	187	192	186	196	190	194	206	184	196	189	167	182	197	650	509	567	185	186	206	197	201	183	201	205	184	176	179	193	167	182	194	200	200	181	186	197	184	275	258	257	183	165	201	162	184	182	175	186	149
1:08:37	199	201	182	231	190	205	214	208	185	204	217	204	630	693	768	203	193	190	202	212	198	197	208	206	202	205	200	186	173	219	213	215	222	180	202	213	482	456	269	172	190	188	199	182	250	186	193	192	189	192	169	184	180	187	208	194	200	188	202	208	584	564	608	191	199	173	183	186	174	180	195	201	191	195	197	187	193	189	198	209	209	201	186	184	299	260	241	196	179	208	182	181	203	156	144	185
1:18:37	196	203	208	211	209	192	199	202	179	205	206	188	677	764	770	195	202	192	197	190	180	198	204	208	208	191	204	192	211	207	244	203	197	209	216	193	444	450	281	213	182	198	199	177	256	190	173	182	195	210	196	206	193	181	186	158	177	169	176	178	670	610	662	174	200	186	196	186	184	168	212	190	200	182	204	175	180	186	192	189	175	197	179	185	286	254	257	197	187	202	184	172	185	166	180	174
1:28:37	201	190	207	207	204	207	216	197	192	192	199	212	731	803	826	190	198	204	223	226	185	206	207	213	170	198	200	197	176	182	213	206	204	209	197	212	457	440	289	189	206	204	183	195	245	189	196	205	186	158	191	180	205	189	206	176	183	181	174	188	653	677	738	184	181	195	210	181	192	207	208	203	214	200	186	186	179	184	190	206	183	197	192	200	328	263	264	206	191	188	170	160	185	174	175	189
1:38:37	182	205	195	216	191	190	221	199	203	208	219	193	821	821	842	206	200	215	193	208	189	221	214	221	170	199	197	210	212	196	212	214	210	229	198	209	463	369	294	184	193	195	199	175	254	203	192	194	196	186	193	209	209	203	194	189	186	179	166	194	693	696	785	202	190	190	185	200	205	184	215	189	192	198	167	207	188	177	188	217	198	196	200	200	313	273	262	171	188	219	179	180	173	177	176	166
1:48:37	211	213	207	204	227	206	218	202	186	207	208	217	835	924	857	191	198	200	198	213	215	212	221	200	210	205	194	205	182	194	216	207	228	186	203	233	484	305	305	193	179	188	187	189	272	186	183	193	190	185	200	201	197	176	190	187	200	175	198	175	758	787	852	190	189	210	182	178	198	176	196	168	198	184	192	189	181	173	170	197	216	198	205	198	320	276	275	191	182	218	195	189	190	172	171	185
1:58:37	215	201	211	204	230	198	208	196	218	197	232	211	930	978	922	201	189	207	200	227	208	230	214	198	190	186	205	196	202	204	229	201	216	221	204	214	414	326	323	221	181	194	176	195	249	192	196	185	187	181	193	204	173	203	182	194	180	191	197	186	799	793	930	194	201	189	181	192	185	201	192	192	197	194	207	187	174	179	201	200	179	197	209	197	318	261	279	191	174	191	184	180	170	184	189	170
2:08:37	204	204	209	209	206	199	217	199	199	210	211	214	998	1045	1018	199	212	169	199	208	196	226	193	218	197	204	215	198	194	221	211	196	209	230	217	200	369	329	328	184	194	198	186	193	269	201	193	198	169	201	213	188	204	182	186	176	185	181	191	200	779	844	972	191	175	174	175	206	188	191	202	200	186	184	184	164	197	190	218	208	191	192	187	204	330	287	261	179	165	197	177	195	180	175	181	181
2:18:37	204	202	215	219	191	193	211	209	203	206	219	205	1071	1121	1074	205	204	206	188	214	211	208	206	204	198	205	191	195	222	198	235	223	223	212	217	207	371	342	325	191	188	224	199	197	273	194	190	188	208	182	204	176	214	202	181	207	178	189	192	195	849	897	997	181	200	190	195	190	179	177	202	183	181	193	188	179	182	193	197	202	207	204	190	207	338	303	293	192	173	188	161	189	206	189	170	185
2:28:37	209	199	214	218	205	212	198	193	213	198	233	210	1131	1187	1114	200	180	180	210	210	205	239	206	211	205	196	209	217	206	192	236	224	230	227	200	220	371	333	356	205	177	170	198	196	249	191	187	198	182	201	193	208	218	195	175	203	186	217	200	201	885	918	1028	200	203	176	178	205	182	192	207	211	195	194	201	182	183	174	190	206	199	192	192	208	308	276	274	181	194	204	152	168	174	193	192	201
2:38:37	213	209	204	210	229	192	204	217	218	212	225	202	1207	1292	1204	193	211	195	192	211	209	217	217	234	196	205	189	212	199	205	198	229	229	246	218	227	418	351	373	183	184	183	199	192	230	208	180	187	170	212	180	174	192	202	168	182	196	173	198	186	917	973	1093	192	178	208	186	186	199	179	219	203	204	202	192	190	187	184	200	192	182	197	200	211	327	284	274	177	175	188	184	192	179	192	189	175
2:48:37	194	207	195	214	215	231	214	207	207	212	225	185	1312	1372	1306	196	217	195	211	214	214	211	199	214	208	187	179	211	194	192	212	207	227	232	227	215	409	358	397	196	188	179	228	203	255	186	182	194	197	184	186	209	197	197	179	192	182	187	196	195	911	989	1120	182	196	215	205	201	212	196	205	210	188	195	188	190	203	205	212	198	209	213	204	195	341	294	299	199	185	195	172	201	178	177	160	174
2:58:37	210	198	227	224	220	208	198	212	197	230	204	209	1371	1454	1373	204	191	192	213	203	195	211	213	205	197	184	200	212	194	223	230	238	244	235	214	216	450	416	421	188	174	190	192	174	263	198	184	194	184	182	200	196	195	199	205	194	207	174	177	206	921	1038	1140	186	220	198	206	187	181	200	203	207	196	203	181	179	193	180	226	205	208	192	196	211	320	290	312	185	177	193	176	190	171	192	167	188
3:08:37	211	231	221	228	207	230	214	213	197	211	201	176	1491	1515	1448	186	206	195	219	220	218	211	202	237	213	226	200	217	201	218	250	235	236	234	237	209	453	444	404	176	181	191	185	186	236	197	190	174	193	206	183	179	201	194	176	197	205	185	177	202	943	1042	1199	192	198	189	195	187	197	194	191	198	191	197	189	167	177	193	187	214	226	188	205	202	324	291	303	198	191	193	176	183	185	169	178	197
3:18:37	205	220	223	218	200	222	196	216	216	207	209	211	1583	1600	1551	202	206	223	199	225	200	226	221	231	211	202	198	216	203	211	231	238	228	232	227	224	474	446	450	185	191	178	198	181	281	189	207	174	179	191	201	207	200	214	190	193	203	199	181	195	986	1059	1224	170	193	207	179	187	211	207	205	196	199	194	187	187	179	185	203	199	214	201	211	212	329	281	288	212	167	193	162	194	183	176	170	173
3:28:37	215	217	202	222	214	220	209	199	199	198	196	184	1736	1725	1612	198	210	215	227	230	221	248	203	214	217	211	212	202	202	195	223	251	225	241	215	245	480	449	448	187	196	200	199	182	253	216	174	203	190	200	194	193	190	201	179	210	203	208	198	171	976	1097	1193	179	198	190	190	187	188	185	218	186	211	195	195	174	207	176	195	206	215	208	213	197	339	311	290	193	180	204	173	173	177	173	190	167
3:38:37	225	219	221	220	211	241	217	220	195	213	208	204	1763	1808	1749	207	203	200	221	202	208	210	226	234	208	205	207	188	209	219	228	236	228	229	220	222	503	471	466	194	198	202	188	217	269	202	168	162	200	220	205	188	195	191	182	193	197	192	199	191	991	1077	1221	190	204	177	210	204	203	194	203	203	186	187	208	199	179	200	214	203	210	198	214	205	343	283	293	172	187	202	188	176	191	152	181	179
3:48:37	193	205	225	222	234	226	208	221	198	232	224	207	1920	1920	1848	201	219	209	212	219	215	224	226	219	202	212	211	223	223	212	251	250	231	246	202	207	540	495	497	197	178	189	167	207	254	191	191	196	190	189	181	210	220	209	191	189	186	197	194	205	981	1145	1247	201	203	176	190	224	199	204	207	217	203	189	183	179	178	189	190	218	203	219	202	216	319	298	303	190	174	201	172	173	179	192	170	202
3:58:37	208	229	233	219	242	221	212	195	185	211	223	212	2006	2040	1973	225	215	195	194	213	217	226	227	251	193	196	210	215	220	219	260	253	238	235	223	204	546	495	527	177	182	177	208	179	275	203	185	191	187	210	185	205	195	186	187	190	183	183	198	193	1008	1151	1271	186	197	196	193	194	200	177	216	199	220	202	203	196	178	210	204	231	207	187	186	200	342	320	299	167	184	205	182	192	184	176	166	160
4:08:37	213	223	237	239	244	238	209	209	221	221	234	207	2015	2227	2088	204	196	204	219	206	219	236	227	249	212	194	196	219	214	212	268	234	238	220	218	236	572	542	568	179	208	181	180	187	264	182	182	197	185	193	200	188	221	207	183	181	192	176	203	190	968	1156	1255	199	203	189	194	208	193	181	196	197	195	192	189	189	199	199	197	208	218	197	214	202	337	290	293	174	177	199	193	188	185	175	174	175
4:18:37	230	214	212	227	240	246	207	190	217	236	231	178	2148	2296	2224	196	224	211	225	233	232	223	212	226	195	234	212	217	216	229	266	237	246	200	226	242	589	545	561	185	213	174	187	212	251	197	194	187	196	209	188	208	222	199	194	194	191	183	181	212	983	1179	1273	179	189	187	218	205	189	190	200	196	199	209	204	192	181	184	203	199	222	208	198	204	341	310	299	189	173	192	194	179	159	158	182	182
4:28:37	198	231	232	252	242	235	218	222	224	214	205	207	2361	2478	2369	206	211	212	221	199	223	254	234	249	192	200	215	215	202	205	264	267	253	222	223	215	657	602	576	183	183	197	193	162	261	180	189	193	187	212	200	200	218	198	177	195	194	180	194	206	990	1154	1264	164	200	203	194	202	206	189	203	198	208	200	184	192	184	187	211	221	232	211	215	194	329	304	319	191	185	161	169	191	175	170	180	189
4:38:37	202	213	218	219	238	263	216	228	212	214	229	230	2442	2641	2496	211	220	205	216	223	236	246	226	257	223	217	207	195	218	231	279	274	242	222	239	240	686	647	609	177	192	171	185	185	280	174	194	192	182	197	222	215	205	186	184	203	189	205	183	191	979	1181	1273	184	198	212	222	206	194	214	200	205	194	205	192	194	193	211	216	215	213	224	221	217	340	307	319	183	165	201	167	176	174	166	175	183
4:48:37	226	214	200	248	256	248	215	200	199	232	205	222	2599	2773	2601	207	199	216	207	205	213	239	233	264	207	197	214	204	216	205	284	272	277	238	223	231	679	656	628	182	200	206	195	190	272	203	193	187	195	197	225	188	199	211	183	193	184	195	199	205	995	1180	1306	179	188	190	232	205	183	190	217	195	190	218	208	180	191	201	199	217	215	200	215	213	318	309	299	195	163	202	161	185	175	179	158	178
4:58:37	211	227	206	242	249	241	224	203	222	215	241	222	2769	2954	2779	222	219	217	210	208	216	247	253	227	191	242	208	223	213	209	295	279	281	234	228	247	727	705	676	180	179	189	198	192	236	169	193	162	207	205	220	210	220	201	189	212	194	200	193	192	1007	1177	1313	183	188	211	200	209	198	197	191	199	201	185	195	184	187	183	205	217	227	194	202	215	319	309	314	201	161	203	184	186	178	177	185	187
5:08:37	231	200	219	281	233	239	224	230	201	199	214	223	2894	3046	2926	214	231	197	224	218	233	259	249	268	211	209	214	216	210	229	288	284	258	230	219	250	760	728	716	187	201	212	188	172	247	183	182	183	187	206	186	198	208	203	191	213	195	214	199	179	977	1177	1315	176	205	210	192	196	202	199	211	187	200	178	194	202	182	194	221	207	223	204	219	199	321	321	324	214	183	176	172	182	172	179	181	173
5:18:37	214	211	222	261	244	260	214	206	195	217	216	218	3064	3403	3059	219	225	194	213	215	227	271	238	269	220	232	205	191	206	215	295	278	304	248	251	229	811	773	725	172	201	174	180	205	270	178	183	185	186	204	185	213	205	209	171	173	187	202	202	220	1013	1179	1358	218	201	183	198	212	199	197	214	198	188	201	194	189	187	192	221	197	202	217	195	208	323	309	335	184	166	196	168	164	191	172	182	175
5:28:37	203	202	231	261	260	265	218	212	224	235	234	200	3221	3714	3211	210	219	203	230	223	216	237	257	247	225	195	204	218	192	206	302	287	283	235	245	236	846	801	755	178	169	186	193	207	250	191	175	189	187	220	201	193	226	213	191	199	203	196	192	185	1009	1171	1336	197	193	192	201	200	205	199	213	184	201	205	196	187	186	194	191	223	206	218	215	220	337	343	335	197	172	208	192	188	154	183	150	166
5:38:37	217	223	231	266	254	274	214	204	220	201	244	199	3437	3906	3484	192	215	220	213	233	221	258	279	257	211	209	224	221	221	219	326	335	310	249	221	267	890	837	832	188	199	198	181	200	260	201	198	173	203	196	201	214	218	192	176	197	197	185	198	219	992	1191	1326	196	201	199	192	203	192	194	191	222	196	231	203	186	208	208	220	248	229	203	218	229	297	308	316	182	185	215	178	180	169	194	164	163
5:48:37	207	227	225	277	258	258	213	217	209	223	231	217	3534	4168	3611	205	208	200	219	231	216	259	245	266	214	225	202	221	229	227	318	313	303	271	245	241	926	902	865	171	182	200	186	189	242	185	177	180	190	204	222	215	228	209	196	188	199	203	188	204	959	1230	1324	173	208	195	191	197	189	200	210	181	204	207	216	169	185	192	207	216	207	210	227	207	332	332	319	187	174	189	163	199	175	190	166	176
5:58:37	220	215	235	262	278	260	211	227	214	221	239	209	3676	4311	3979	214	210	215	230	228	213	275	267	273	215	211	208	209	238	220	330	299	321	276	252	257	962	911	902	188	174	198	159	181	269	176	200	206	201	216	184	217	196	202	182	203	196	200	200	201	1012	1195	1301	187	214	197	169	197	194	206	219	203	193	204	183	197	191	202	216	224	237	183	230	194	333	317	336	204	186	202	187	172	172	165	172	179
6:08:37	224	258	250	274	279	285	221	201	232	211	198	206	3866	4529	4388	209	200	225	220	242	218	285	298	270	211	205	186	208	228	198	322	331	321	258	236	246	1032	952	913	173	211	172	190	187	254	190	187	189	197	225	196	217	230	207	191	202	198	202	223	183	1020	1162	1298	174	191	208	187	209	200	194	214	215	199	206	196	185	169	207	205	228	210	211	216	198	329	313	317	162	164	190	176	170	190	171	172	167
6:18:37	207	221	229	302	281	279	217	220	219	219	218	222	4025	4890	4470	197	220	204	233	240	234	272	277	273	205	214	238	217	233	202	361	332	335	260	251	231	1063	993	996	193	172	208	178	186	248	183	200	185	196	219	212	191	201	212	171	186	205	186	205	199	966	1136	1311	191	207	193	190	213	201	188	200	207	207	210	199	176	215	184	194	226	236	201	218	194	315	331	328	195	201	196	176	168	170	174	163	162
6:28:37	217	245	230	252	275	275	216	206	205	223	229	229	4157	5010	4862	218	219	212	224	235	230	280	267	280	213	200	216	210	215	204	319	350	334	249	276	254	1063	1020	1039	191	191	199	193	179	262	193	196	183	203	205	202	183	227	199	188	184	197	187	206	209	971	1133	1300	193	197	190	190	221	183	185	217	199	194	182	194	190	182	209	206	206	226	194	204	199	314	354	346	189	185	202	198	167	192	174	195	211
6:38:37	246	255	238	286	299	283	223	220	217	230	230	231	4270	5159	5156	220	200	242	236	216	227	249	305	283	223	228	219	235	197	226	351	345	334	266	260	260	1103	1090	1054	197	169	188	207	198	255	178	187	184	213	230	212	201	188	199	188	196	195	193	192	182	966	1158	1314	193	216	183	184	218	178	201	199	231	195	204	206	194	184	210	202	204	228	185	213	223	304	342	356	169	178	193	172	186	144	189	189	175
6:48:37	259	257	258	298	312	286	209	211	232	227	228	213	4467	5168	5151	210	220	218	254	226	243	307	295	293	259	228	222	226	211	208	343	354	347	273	267	274	1174	1138	1097	177	199	186	193	171	282	198	202	197	194	189	226	218	207	192	184	197	190	190	196	181	991	1140	1331	189	232	197	204	191	190	194	198	198	193	213	193	183	203	171	206	219	224	217	226	216	311	317	324	177	183	198	170	175	162	168	187	182
6:58:37	231	255	247	312	288	296	225	213	234	218	242	224	4538	5430	5828	225	209	232	261	233	250	304	303	307	218	240	222	238	234	216	376	365	348	261	258	281	1244	1187	1183	181	166	217	193	181	263	187	194	189	183	200	219	194	203	217	184	205	178	188	180	192	970	1163	1283	195	198	182	183	207	181	196	199	199	201	219	171	194	183	200	195	222	210	208	215	205	321	331	330	186	165	188	169	168	192	172	180	184
7:08:37	235	227	246	307	314	295	224	195	228	222	213	223	4754	5645	5855	204	227	207	240	244	245	324	328	300	214	213	223	233	222	205	394	374	349	276	277	285	1266	1263	1200	186	186	169	187	192	278	164	175	193	215	220	222	199	190	208	198	169	199	189	212	194	956	1145	1287	201	200	188	192	204	186	184	205	209	193	201	198	212	185	176	217	207	225	221	237	207	322	307	325	203	178	203	192	175	172	175	171	187
7:18:37	241	259	267	308	308	320	221	242	224	230	253	236	4902	5842	6155	231	243	207	252	231	271	332	327	303	243	230	222	221	219	220	390	372	388	285	269	290	1324	1291	1284	206	188	163	199	197	256	183	174	188	192	218	214	195	200	190	193	197	193	204	183	167	992	1155	1284	185	205	198	211	200	209	177	220	203	207	224	189	202	200	198	219	189	213	204	213	226	304	340	327	191	178	186	175	182	180	181	174	192
7:28:37	246	254	267	307	328	305	238	222	222	236	253	256	5096	6201	6276	224	231	235	252	255	247	317	319	313	245	231	238	236	245	239	410	383	392	294	294	318	1380	1322	1360	187	192	157	182	178	239	174	202	195	198	205	219	188	204	227	192	196	200	213	197	214	960	1156	1290	201	222	192	212	212	193	191	211	214	201	212	200	187	193	198	205	232	223	203	199	204	315	342	320	188	152	191	184	184	182	177	182	192
7:38:37	251	258	254	334	299	312	220	220	256	226	234	237	5188	6568	6566	238	246	219	275	252	245	328	331	334	233	237	235	240	239	239	432	414	412	306	284	299	1423	1350	1489	191	174	188	196	210	273	184	182	201	195	209	223	205	209	212	172	216	194	201	211	196	1002	1182	1281	183	212	201	195	180	171	202	217	206	196	207	185	185	194	196	214	221	247	224	197	212	302	327	332	199	193	189	176	181	189	162	183	174
7:48:37	266	262	286	355	328	328	236	237	240	253	247	237	5293	6851	6636	238	230	227	267	254	266	319	337	357	244	251	243	238	235	233	442	442	453	315	299	292	1474	1370	1478	204	191	177	167	186	257	201	184	198	207	196	201	197	228	205	202	188	195	188	206	205	980	1171	1284	182	174	200	190	226	213	189	200	204	192	203	199	195	212	204	231	208	225	183	207	208	319	350	342	178	164	203	176	186	166	169	177	170
7:58:37	259	257	272	330	348	323	235	273	221	238	257	233	5380	7026	7187	262	247	243	293	261	259	331	366	352	240	251	229	216	230	242	463	442	437	319	305	328	1555	1479	1604	166	189	171	199	197	273	196	189	199	191	214	195	202	213	210	176	187	177	201	199	219	951	1150	1261	197	204	207	181	208	210	212	207	195	192	197	197	209	198	184	205	203	219	210	217	217	316	342	341	191	184	196	187	195	174	183	169	163
8:08:37	281	281	274	359	347	341	256	238	246	248	256	258	5498	7248	7284	249	240	259	290	297	258	363	336	351	252	253	259	259	225	253	464	463	448	323	319	292	1546	1548	1718	188	185	199	183	172	258	188	208	174	195	206	230	197	206	207	173	205	171	199	178	181	996	1143	1283	180	216	210	184	207	206	200	201	202	200	222	205	183	199	187	210	218	239	210	210	203	316	297	339	206	176	206	183	199	156	167	179	184
8:18:37	265	257	298	342	375	353	248	245	236	260	252	262	5771	7733	7551	244	250	255	290	271	266	347	372	337	265	250	257	272	252	239	470	470	469	329	325	324	1563	1541	1811	181	199	197	170	189	289	167	196	210	200	219	206	204	197	210	202	191	210	196	202	178	972	1140	1268	188	214	199	195	218	194	180	204	202	182	198	205	191	190	190	209	207	213	217	210	213	310	357	340	200	167	182	179	159	183	186	173	189
8:28:37	275	286	273	350	347	323	252	266	268	253	272	258	5832	7761	7612	244	254	259	282	275	291	365	340	357	251	231	249	254	250	253	501	478	455	299	334	326	1590	1619	1856	188	177	198	175	180	250	200	204	183	206	207	190	199	208	177	173	193	208	199	197	188	943	1158	1236	193	199	213	194	202	181	179	201	203	203	200	187	194	190	205	214	226	225	224	204	209	321	354	323	197	189	190	180	167	191	169	167	144
8:38:37	294	264	280	372	372	356	246	255	276	286	279	257	5950	7885	7861	263	264	243	275	279	294	342	364	380	277	249	254	259	252	258	529	472	474	316	317	321	1655	1734	1945	200	201	189	196	197	265	171	187	194	209	210	217	216	213	207	198	216	194	186	183	201	947	1132	1258	185	202	179	181	224	223	217	200	186	204	209	219	187	170	189	207	216	215	197	224	216	318	343	352	191	183	186	182	183	183	175	185	174
8:48:37	275	275	292	362	359	353	247	251	255	279	267	266	6095	8219	7874	248	261	241	308	295	294	351	368	381	248	246	276	261	250	237	546	499	485	328	328	313	1654	1721	1968	181	177	196	193	191	281	193	194	215	191	209	193	210	219	203	190	204	210	200	185	196	958	1150	1271	196	206	184	208	199	198	191	196	219	179	199	191	176	195	180	209	212	213	197	217	201	301	333	335	195	169	183	183	190	162	161	172	182
8:58:37	272	271	279	375	357	374	261	270	259	272	267	269	6245	8292	8301	257	264	247	297	297	300	372	381	393	261	227	277	260	250	263	515	458	482	323	329	318	1739	1828	2128	177	204	197	197	189	276	195	181	180	187	221	229	197	207	201	202	177	183	204	200	189	930	1120	1249	193	215	223	202	212	200	203	210	202	205	221	193	203	203	189	198	217	205	205	213	225	315	332	333	180	190	186	178	202	166	163	170	163
9:08:37	291	299	304	368	363	381	251	278	288	268	276	284	6378	8479	8191	266	251	267	315	290	307	366	381	359	294	271	264	271	266	274	507	468	509	350	348	332	1723	1908	2172	162	199	193	189	204	257	189	199	191	186	222	208	200	198	224	208	195	207	199	196	202	944	1148	1244	192	196	200	182	207	196	208	203	210	197	205	217	190	189	207	198	244	229	206	200	212	306	325	335	198	165	176	162	189	183	179	151	161
9:18:37	291	276	278	365	384	369	259	275	262	273	286	283	6489	8349	8236	279	272	270	312	306	292	391	372	368	239	273	244	295	249	253	519	466	504	331	329	327	1741	1894	2184	174	190	186	199	186	248	192	181	187	201	195	201	186	208	200	201	189	182	190	199	194	952	1132	1260	198	205	190	189	200	196	196	186	194	213	203	200	202	195	191	197	224	227	212	212	202	308	340	317	202	159	183	189	185	174	195	197	165
9:28:37	293	281	269	386	355	360	245	282	264	302	293	267	6485	8646	8685	262	264	249	298	329	294	386	405	378	276	254	266	290	260	253	527	501	511	348	330	335	1769	1980	2231	182	191	185	182	175	268	188	178	188	183	216	218	199	212	215	183	206	195	193	194	202	927	1133	1224	212	207	175	207	194	194	196	201	205	216	188	204	220	204	198	191	207	225	226	229	203	317	324	327	193	195	197	180	174	177	169	169	175
9:38:37	288	295	300	383	370	373	256	278	264	284	286	268	6614	8597	8847	261	287	279	320	316	321	381	367	371	288	267	283	292	254	256	581	534	512	312	361	319	1803	1968	2229	186	195	179	192	177	257	189	182	185	178	206	210	193	177	193	181	185	184	206	209	215	927	1093	1217	195	225	191	188	218	180	178	194	222	207	209	203	187	205	187	189	197	207	195	216	231	292	341	309	190	188	184	176	148	165	155	176	154
9:48:37	260	273	289	369	373	379	262	282	269	287	298	277	6500	9033	9030	287	288	269	295	323	295	371	396	393	282	298	256	282	252	271	530	547	534	341	346	333	1783	1998	2273	198	186	175	216	191	265	184	167	191	195	215	204	207	209	197	178	204	192	173	202	205	898	1108	1220	199	216	217	188	231	203	206	201	200	183	195	194	198	201	222	224	190	219	231	201	221	309	328	320	177	191	191	174	160	170	180	174	178
9:58:37	306	294	277	384	398	376	281	285	287	302	302	279	6615	9318	9224	298	302	284	311	303	318	385	390	373	294	276	279	275	290	255	563	527	510	329	355	327	1849	2008	2290	184	177	193	195	210	234	194	189	191	197	205	192	209	205	213	188	191	180	192	207	193	916	1125	1224	210	210	183	198	216	213	180	211	190	182	197	214	184	172	207	239	228	220	202	230	217	318	324	328	199	176	210	184	169	159	184	181	181
10:08:37	304	288	297	387	379	403	257	289	271	305	310	299	6617	9470	9385	300	300	299	293	327	316	402	386	389	291	279	272	280	263	270	533	565	509	344	337	353	1861	2003	2303	163	178	178	170	194	265	197	196	194	209	203	213	216	210	213	175	190	206	187	220	200	953	1114	1244	194	229	191	178	210	221	199	193	221	204	184	180	213	178	206	199	206	229	214	204	234	303	330	330	193	153	186	191	179	167	174	191	170
10:18:37	314	285	301	384	381	384	279	264	276	313	311	291	6574	9569	9669	286	278	283	331	307	325	401	402	391	295	300	273	288	282	272	546	549	547	367	341	355	1921	2048	2297	205	189	176	182	183	249	169	174	202	196	200	219	192	208	210	191	201	177	199	200	195	955	1114	1237	195	205	197	196	199	207	204	204	201	192	207	192	199	196	206	226	242	218	211	234	212	321	343	317	205	193	197	173	167	175	172	172	177
10:28:37	288	295	287	357	414	386	265	271	301	310	314	319	6579	9584	9731	270	289	270	314	299	343	401	419	382	303	283	292	278	267	278	563	529	533	354	341	352	1852	1990	2290	176	177	177	186	182	258	195	192	200	197	204	212	202	213	196	169	201	188	194	189	203	920	1096	1211	195	192	194	208	191	207	195	195	194	193	212	211	206	205	197	216	224	214	206	212	215	308	331	333	180	167	180	164	151	172	177	167	174
10:38:37	297	314	299	396	390	376	295	276	281	288	327	310	6729	9619	9846	289	308	285	328	323	329	396	387	389	291	278	292	307	278	270	565	526	543	332	333	347	1812	2058	2240	184	192	200	196	184	247	168	177	202	204	218	213	214	222	202	202	212	187	208	197	224	932	1115	1229	189	212	192	196	209	192	212	195	208	191	205	194	201	210	201	220	215	237	222	201	225	295	343	347	176	179	196	175	182	194	177	200	179
10:48:37	298	297	318	404	376	375	281	304	278	315	332	308	6627	9803	9990	301	278	276	339	332	353	400	389	391	284	286	285	314	293	290	558	533	571	348	343	374	1842	2061	2283	189	191	194	197	209	270	191	187	175	208	220	217	206	209	228	188	189	185	192	208	209	912	1098	1207	194	210	190	199	192	205	205	202	209	189	210	218	178	180	190	199	221	219	213	231	205	300	348	348	184	198	183	183	172	186	183	179	202
10:58:37	285	291	313	378	380	405	297	282	301	325	331	302	6652	9931	10126	300	304	279	324	318	320	408	413	387	296	279	304	278	272	303	559	538	552	347	342	358	1856	2126	2318	176	192	182	179	195	260	197	181	199	210	205	206	221	191	217	197	191	201	202	196	177	913	1123	1200	175	214	187	209	210	182	194	200	219	206	235	214	191	194	210	205	209	223	221	219	216	332	325	331	183	185	200	191	192	172	172	173	168
11:08:37	297	296	318	401	408	376	288	277	303	330	308	298	6628	9930	10305	277	304	274	340	315	342	407	393	383	283	276	290	317	287	279	566	549	541	346	351	375	1830	2064	2226	181	189	183	179	190	260	178	189	194	190	212	187	192	201	221	197	198	184	190	197	196	926	1115	1208	183	225	202	187	206	195	197	211	196	206	215	206	201	211	185	221	220	213	227	194	229	311	304	336	158	177	195	165	186	172	184	161	149
11:18:37	305	297	291	423	401	384	290	310	285	299	336	304	6661	10002	10218	303	288	296	330	325	353	388	395	390	293	309	285	313	296	295	577	535	549	354	368	343	1780	2016	2168	175	189	186	206	178	271	192	191	187	186	211	216	204	221	204	188	202	166	163	201	199	926	1091	1235	198	217	222	204	200	210	186	198	200	203	196	206	196	204	200	209	203	214	211	216	212	335	337	333	175	172	192	176	164	175	177	177	179
11:28:37	320	317	309	421	388	372	276	281	282	318	320	319	6613	10051	10413	285	305	285	341	337	308	388	394	401	310	285	305	286	289	295	579	559	564	363	344	368	1800	1982	2263	187	190	186	177	202	251	171	194	193	183	220	218	201	212	198	187	202	212	207	211	202	875	1087	1209	174	212	195	201	213	185	185	202	201	213	206	218	203	183	201	200	221	230	221	216	213	308	325	329	192	163	183	154	155	170	203	177	183
11:38:37	301	299	317	413	377	408	284	293	281	321	318	309	6606	10084	10520	287	302	295	325	331	338	400	405	386	312	294	289	290	280	290	577	543	545	361	371	354	1878	1970	2186	189	180	192	174	203	283	199	169	189	225	212	217	202	203	199	195	189	206	190	198	206	892	1128	1175	200	205	214	189	209	207	197	199	216	196	226	195	202	194	205	198	217	210	189	202	216	306	340	327	180	152	179	180	180	180	176	170	195
11:48:37	297	316	329	407	402	389	307	320	303	311	337	314	6609	9971	10436	314	337	287	348	336	328	403	393	403	293	296	297	295	275	301	584	541	579	355	347	379	1824	2053	2222	177	188	195	174	206	259	195	188	195	188	222	221	204	220	213	180	190	199	204	182	206	909	1091	1208	189	202	211	215	205	183	219	202	178	183	195	183	172	184	189	205	204	215	210	215	207	303	336	323	197	164	184	178	176	183	174	190	177
11:58:37	317	298	318	409	367	399	289	303	310	315	324	316	6625	10197	10641	339	308	315	336	327	345	402	412	376	301	310	315	298	302	324	568	551	562	357	361	365	1837	1953	2189	189	199	174	193	171	248	198	194	174	180	232	195	201	198	224	207	204	193	169	200	197	902	1083	1163	197	222	195	208	211	191	202	193	182	189	201	189	194	160	193	201	218	233	200	221	220	323	324	324	187	180	206	173	179	182	178	169	170
12:08:37	325	313	332	398	403	391	296	330	301	330	355	342	6586	10258	10483	297	303	296	358	350	343	393	409	402	323	286	318	307	292	300	561	536	554	349	367	384	1865	1997	2094	197	172	178	201	173	266	187	192	206	205	222	213	195	225	203	182	197	200	198	196	191	922	1106	1182	187	193	204	192	217	179	193	209	198	174	186	205	168	204	187	206	194	249	212	204	223	307	340	311	187	186	207	182	186	193	176	176	171
12:18:37	313	321	327	395	409	388	306	302	300	318	346	345	6583	10108	10445	339	295	310	369	352	374	414	410	418	316	289	311	309	304	302	578	545	561	356	369	366	1847	2073	2104	169	198	184	194	178	282	200	200	189	189	211	201	201	195	221	191	195	175	191	208	218	912	1096	1204	195	210	202	200	210	180	207	203	191	186	208	205	175	199	193	215	209	239	210	204	209	314	340	321	179	181	189	184	172	177	183	185	183
12:28:37	326	317	329	409	418	412	285	329	302	348	343	340	6586	10227	10341	294	298	307	340	334	368	398	400	394	324	291	311	307	290	286	568	574	548	366	374	354	1831	2169	2129	174	200	179	204	177	262	206	193	197	190	196	208	219	197	217	201	192	193	198	223	189	909	1070	1194	210	194	208	198	203	193	194	197	215	201	200	207	176	187	187	211	238	214	217	238	211	327	310	332	191	191	192	148	174	169	169	191	181
12:38:37	323	348	344	374	418	394	313	305	297	345	347	315	6676	9978	10458	312	322	309	377	339	340	428	398	423	298	310	285	300	281	303	555	541	538	374	366	366	1896	2176	2141	188	170	185	193	186	279	191	183	191	193	197	200	214	203	216	200	184	175	197	205	200	887	1055	1186	170	200	197	191	216	208	181	212	198	171	215	191	192	200	196	206	225	220	193	227	199	306	341	342	193	175	179	186	193	187	189	178	168
12:48:37	324	320	322	412	398	412	310	304	293	320	330	319	6456	10337	10540	325	308	316	371	327	355	425	407	436	313	310	302	319	295	301	571	570	560	390	358	371	1806	2087	2184	207	178	156	189	188	266	198	153	205	202	229	194	193	200	203	185	174	173	181	199	172	899	1090	1130	207	196	202	194	229	189	199	202	209	218	196	219	193	199	189	198	227	225	213	213	193	306	357	312	190	190	195	184	168	194	166	158	161
12:58:37	307	323	347	395	403	404	315	329	298	328	301	309	6511	10233	10444	326	322	324	349	359	357	410	437	409	317	297	303	296	304	303	556	533	555	384	364	371	1809	2000	2131	178	186	186	178	199	271	186	189	181	195	205	193	184	218	205	193	181	206	193	210	215	911	1049	1157	184	228	186	185	228	192	204	185	200	181	191	189	193	181	207	192	230	233	215	227	221	305	332	334	191	176	187	173	158	177	188	190	168
13:08:37	318	323	306	415	414	417	292	302	310	337	348	316	6536	10264	10414	338	323	325	350	368	358	413	408	429	325	324	319	311	291	311	545	563	544	375	358	382	1827	1973	2110	179	200	185	188	189	264	200	181	214	190	222	200	230	217	212	169	193	177	206	188	186	918	1052	1173	205	221	208	209	203	216	192	205	197	197	201	188	167	181	188	209	213	205	213	224	206	300	292	345	195	183	191	170	187	168	182	185	168
13:18:37	330	319	335	451	395	416	320	322	318	341	323	326	6475	10259	10411	319	321	320	359	349	356	414	408	401	325	317	296	320	297	292	576	533	568	384	366	392	1841	2009	2124	181	183	178	214	168	270	191	186	159	195	209	205	213	209	204	166	212	179	205	209	180	930	1080	1144	207	217	186	209	205	190	185	201	212	190	193	213	180	178	184	206	245	235	223	209	176	279	317	329	191	183	190	168	188	168	174	169	189
13:28:37	327	316	301	418	418	416	306	328	298	340	348	315	6506	10062	10500	320	309	304	371	375	358	381	417	405	327	310	302	324	309	292	574	537	557	374	380	377	1804	1982	2041	184	179	190	180	178	255	198	189	216	206	212	185	194	203	184	189	198	203	190	204	217	899	1017	1136	211	204	209	198	201	200	207	196	200	195	206	220	177	181	190	204	222	226	212	215	215	299	328	327	177	178	197	190	162	169	174	171	189
13:38:37	330	312	352	396	414	405	323	314	310	333	336	335	6500	9927	10337	331	324	332	341	351	356	413	408	419	329	303	316	325	295	312	554	544	568	355	370	341	1772	1883	1980	174	189	172	166	186	264	181	203	192	213	219	214	214	211	200	191	194	184	207	204	185	905	1061	1170	222	191	195	194	204	190	190	191	204	191	201	197	183	193	203	200	215	220	226	216	220	304	319	325	192	159	192	175	162	177	186	171	178
13:48:37	288	331	351	423	399	407	310	302	320	349	324	326	6475	9949	10359	337	306	311	374	371	366	421	397	440	345	313	334	321	319	314	540	555	560	378	359	378	1776	1884	1981	172	181	191	164	189	242	167	212	188	181	198	207	197	203	201	204	189	220	187	191	206	866	1008	1162	201	189	198	199	209	200	203	201	209	201	199	202	195	190	212	200	220	214	216	207	222	299	339	333	178	182	194	164	168	191	189	169	168
13:58:37	316	326	329	399	424	422	312	325	340	345	335	335	6472	9859	10231	319	323	335	365	374	368	423	403	404	326	332	316	307	320	328	546	532	542	367	379	363	1797	1863	2023	191	200	179	198	161	272	204	179	205	191	201	194	214	201	207	192	197	175	188	180	202	857	1032	1143	186	204	199	185	222	197	209	202	207	184	211	200	188	200	215	219	213	213	213	231	217	301	321	333	177	175	185	168	166	173	177	164	172
14:08:37	310	333	331	419	424	419	307	321	325	354	353	347	6485	10104	10333	330	314	337	360	349	352	386	396	415	342	334	296	336	314	322	554	515	554	387	370	363	1778	1887	1986	204	186	188	186	174	278	195	182	175	203	186	210	224	224	224	192	176	196	213	191	207	918	1025	1144	181	216	179	205	187	191	196	216	178	200	198	203	197	190	182	191	202	237	210	214	223	310	309	339	179	163	180	159	175	192	182	150	157
14:18:37	343	321	337	448	409	424	307	316	332	357	350	353	6428	10159	10240	304	325	334	353	368	355	430	413	425	337	330	322	307	314	319	555	527	558	363	399	375	1780	1851	1959	182	173	176	153	188	271	189	208	193	185	217	205	195	204	211	190	183	185	202	198	205	876	1028	1115	177	208	198	197	197	218	195	193	203	205	195	196	194	169	202	216	207	229	201	223	209	320	328	289	196	166	192	176	174	180	186	172	158
14:28:37	308	309	335	415	414	429	310	311	327	353	362	354	6388	9983	10225	321	327	338	396	352	355	394	421	395	333	332	333	314	315	299	574	535	563	369	377	379	1811	1882	2005	185	190	182	163	188	276	165	197	202	195	221	232	219	225	217	208	204	186	197	204	187	859	1035	1124	197	204	205	222	206	194	213	201	215	208	188	199	204	184	185	212	210	207	208	204	220	301	317	332	163	174	203	182	187	174	163	197	156
14:38:37	314	319	333	433	435	421	320	318	333	362	331	334	6494	10278	10502	328	305	354	362	365	383	399	406	424	339	339	338	313	314	305	582	558	577	364	373	355	1773	1932	2081	197	192	186	185	196	256	201	177	206	210	195	223	207	208	207	185	195	198	193	193	189	888	1027	1151	202	209	179	188	208	212	198	211	206	186	203	197	195	206	177	218	221	234	213	221	207	290	315	345	194	189	180	176	161	172	163	155	157
14:48:37	326	324	334	420	405	414	316	328	341	358	311	323	6417	10406	10737	316	350	311	354	375	375	419	420	420	345	333	323	308	323	319	574	577	554	358	388	370	1769	1967	2109	186	179	184	180	198	269	177	197	180	203	212	217	220	222	211	171	172	208	194	203	207	855	1005	1145	205	198	215	192	204	205	196	208	199	211	200	206	196	202	208	199	207	236	221	219	214	294	325	332	176	182	193	193	177	160	175	183	180
14:58:37	298	328	318	420	412	426	311	357	323	342	347	336	6382	10588	10510	306	333	330	384	376	372	432	416	416	349	314	341	307	311	329	575	555	571	386	383	387	1727	1905	2036	178	164	171	183	166	279	183	178	165	201	199	228	198	203	203	196	208	202	187	198	214	887	991	1114	197	229	207	192	216	197	195	210	183	198	206	189	198	191	183	213	222	233	210	195	225	315	309	310	188	149	191	171	163	159	180	188	149
15:08:37	327	305	329	419	426	396	316	320	323	341	355	340	6309	10349	10481	324	330	334	376	362	375	413	435	438	346	320	309	321	320	322	556	569	565	380	390	367	1720	1882	2042	186	191	188	177	195	266	175	182	179	188	227	197	198	207	191	184	219	204	205	187	219	863	1004	1099	194	213	176	200	209	208	190	204	205	190	190	196	195	201	199	225	222	233	219	204	202	299	326	319	184	182	201	156	176	196	160	174	171
15:18:37	310	352	317	410	402	418	340	329	324	359	366	375	6385	10450	10689	328	327	325	362	382	376	439	426	404	366	321	319	308	341	318	556	560	565	385	406	376	1751	1842	2082	190	200	165	179	194	262	176	190	168	192	205	200	198	226	211	192	216	205	184	191	185	869	990	1100	210	209	209	195	211	220	188	201	186	192	203	199	188	203	200	210	224	221	211	210	229	293	320	301	190	186	162	160	172	179	195	152	188
15:28:37	327	309	330	430	420	420	333	294	334	340	358	330	6318	10789	10779	327	331	332	355	392	385	429	424	413	341	340	324	314	330	324	570	579	575	373	400	371	1718	1872	2116	194	185	170	199	207	237	189	162	196	193	221	199	222	221	202	190	216	194	195	197	210	857	992	1142	200	217	210	190	189	193	180	190	196	224	193	204	203	198	205	198	224	196	222	218	192	313	329	332	184	168	195	199	179	182	181	184	180
15:38:37	333	317	325	430	396	418	321	337	333	370	356	367	6305	10348	10418	326	326	325	366	361	382	419	412	420	335	360	334	298	306	320	589	540	565	404	371	358	1697	1929	1908	179	193	181	182	182	268	208	199	172	194	229	215	209	222	207	178	202	197	187	191	198	844	1009	1104	208	203	203	193	200	187	195	211	201	185	196	191	187	190	203	207	226	219	206	195	235	290	314	319	163	173	179	176	170	175	171	166	171
15:48:37	322	352	331	400	420	418	316	319	325	355	355	342	6315	10691	10590	326	314	328	371	372	387	419	432	394	323	303	318	335	297	291	576	552	570	386	363	372	1708	2014	2102	172	170	177	183	195	255	186	179	177	183	201	215	190	214	215	191	193	207	187	205	184	862	988	1110	206	205	199	185	197	187	196	214	201	201	187	190	182	184	202	192	214	216	199	227	222	286	332	322	192	188	191	176	169	181	191	159	162
15:58:37	316	339	335	423	407	417	328	334	327	377	350	339	6289	10582	10832	345	333	342	378	352	357	417	388	412	321	334	324	324	314	299	573	565	554	366	391	381	1705	1919	2051	168	186	197	182	190	261	172	174	187	203	220	206	219	221	196	187	186	200	196	190	196	837	991	1088	199	213	200	192	224	189	204	201	191	200	209	215	185	191	205	204	215	195	206	207	212	308	332	321	186	169	186	172	190	201	169	164	157
16:08:37	349	327	312	421	415	402	332	333	328	350	351	355	6283	10295	10524	337	328	346	368	382	367	412	439	397	332	325	313	307	304	314	577	570	546	372	361	371	1691	1917	2052	185	190	184	178	186	277	182	192	179	196	214	200	180	206	197	172	188	201	196	197	168	869	993	1092	205	205	204	190	204	198	211	213	204	211	194	209	222	175	223	226	226	218	207	217	220	281	318	328	175	181	195	177	169	185	173	164	167
16:18:37	304	344	340	422	426	424	332	338	306	338	355	367	6261	10125	10493	341	322	301	375	349	363	424	418	400	338	349	315	319	316	325	581	572	588	384	375	387	1684	1897	1992	184	191	182	190	210	265	207	185	191	203	210	214	197	217	206	171	195	183	189	201	203	848	989	1052	209	189	206	167	215	198	197	202	204	198	201	189	208	174	210	210	196	221	186	197	200	276	298	326	190	178	190	171	172	170	171	164	173
16:28:37	325	334	340	415	441	421	324	336	344	346	354	340	6249	10397	10861	329	326	333	376	355	367	448	425	423	359	333	325	346	307	320	584	578	589	390	367	382	1693	1798	2094	187	187	197	189	194	271	162	196	192	197	208	205	215	214	226	206	197	200	168	193	194	855	1005	1092	194	188	200	199	215	200	207	196	213	199	190	205	195	178	182	202	234	210	205	227	200	285	315	331	184	159	186	179	171	177	178	169	186
16:38:37	348	339	316	431	431	429	307	330	344	355	364	371	6244	10212	10673	320	330	327	379	384	363	432	448	410	322	323	345	317	323	318	588	546	571	371	377	375	1675	1744	2090	152	192	165	192	197	276	188	176	189	203	205	216	216	200	226	183	204	208	193	196	190	854	977	1051	199	211	201	194	204	198	204	201	193	198	210	189	201	192	178	222	210	203	209	220	213	286	325	310	154	174	176	172	182	161	176	175	170
16:48:37	339	355	345	421	421	438	335	348	315	373	355	337	6141	10411	10747	356	339	328	358	377	392	436	419	431	370	345	335	302	320	330	595	587	574	379	412	370	1694	1857	2059	185	187	188	182	169	275	182	176	193	196	244	205	218	206	216	195	195	222	194	198	196	835	974	1074	189	212	194	188	187	191	222	203	217	191	210	206	175	179	197	227	210	229	187	217	208	296	319	308	174	167	200	172	156	193	179	166	178
16:58:37	314	332	345	420	419	415	326	329	324	336	355	353	6041	9956	10322	340	304	340	387	359	387	406	425	438	348	360	308	327	326	345	576	557	561	364	394	392	1655	1853	2019	186	188	179	180	185	271	183	180	174	190	206	222	196	218	204	180	219	183	182	192	212	851	991	1078	197	202	213	192	206	207	207	190	213	185	181	186	178	200	208	201	217	220	236	215	217	291	324	313	164	157	192	181	187	183	154	166	181
17:08:37	350	345	367	426	404	428	317	336	317	367	368	368	5937	10038	10644	338	327	342	384	388	405	425	413	412	342	300	330	326	340	341	599	554	578	381	369	386	1675	1815	2067	175	198	190	182	188	259	186	179	182	190	206	226	215	210	190	184	189	179	192	197	197	851	985	1084	199	195	199	180	215	193	210	203	206	201	196	186	172	191	211	196	221	219	214	229	218	291	317	331	192	162	183	175	185	173	161	178	176
17:18:37	329	345	359	438	441	430	335	315	339	353	362	347	5901	9609	10406	332	344	329	365	399	392	429	421	418	363	325	338	312	313	316	578	606	578	385	379	401	1669	1859	2124	191	184	205	198	174	266	165	164	169	168	227	192	205	215	199	184	200	198	188	193	195	832	986	1063	203	210	215	213	221	216	186	184	199	209	203	190	180	182	186	209	226	222	205	217	223	284	323	322	166	170	185	161	170	152	176	192	161
17:28:37	352	349	358	450	409	437	334	337	321	361	367	361	5782	9138	9796	324	338	342	367	365	387	443	404	441	334	329	346	326	324	317	567	568	595	393	385	382	1664	1765	1936	182	184	192	178	183	283	186	186	189	191	211	209	206	220	226	186	189	191	191	218	178	859	980	1068	188	213	196	197	212	219	198	210	201	185	214	184	194	193	179	215	198	219	208	225	194	325	292	310	195	168	179	164	170	176	182	174	171
17:38:37	331	342	344	422	413	416	332	328	333	349	360	355	5574	8972	9554	353	329	370	356	366	397	413	438	430	359	336	304	319	325	320	572	568	558	382	392	378	1704	1666	1965	180	179	175	187	197	272	194	194	186	206	207	222	192	200	214	187	213	190	190	186	198	840	962	1073	203	229	207	176	212	181	195	198	216	193	192	195	182	204	197	199	210	210	192	218	209	289	313	300	201	184	163	184	185	181	179	184	173
17:48:37	323	331	353	426	417	416	343	308	335	364	357	348	5405	8341	9010	347	343	339	377	400	378	412	433	410	344	335	331	335	320	333	581	569	558	388	386	376	1690	1666	1842	199	212	202	197	167	257	209	177	184	211	198	222	184	213	213	155	186	196	179	207	217	843	938	1083	199	208	190	184	220	201	177	196	205	195	210	195	195	203	196	206	204	207	185	226	222	282	330	302	162	184	180	196	190	157	160	169	183
17:58:37	333	355	344	439	435	448	353	374	341	366	347	369	5138	7742	8469	339	332	333	379	389	375	430	413	407	350	325	339	337	339	325	569	536	583	373	373	391	1638	1777	1894	168	190	165	189	179	274	203	173	197	199	197	185	202	220	224	173	206	203	208	200	208	856	961	1063	181	204	192	196	197	210	189	211	219	168	189	201	194	186	182	186	218	212	198	194	216	287	310	319	188	177	181	164	186	174	189	169	169
18:08:37	339	349	358	435	412	410	335	340	332	335	371	351	5030	7298	8141	321	320	354	401	383	378	426	415	421	368	345	326	331	319	311	590	568	573	397	381	382	1678	1728	1857	197	187	178	197	187	259	203	194	199	188	223	224	215	218	200	168	195	189	192	213	189	838	955	1060	199	208	193	198	195	202	191	203	213	189	199	199	184	194	192	196	230	234	206	211	217	302	316	292	185	161	187	176	184	158	175	178	163
18:18:37	333	350	369	422	453	427	334	343	339	354	373	351	4923	7057	7897	304	352	338	402	381	396	416	429	425	347	359	342	325	320	350	568	551	564	401	391	376	1647	1668	1832	186	196	171	178	197	267	169	199	177	173	216	207	217	208	196	193	180	175	187	196	188	829	967	1050	196	214	200	194	212	197	194	187	230	214	206	190	174	191	209	195	218	210	200	224	216	281	306	328	188	158	166	194	168	174	180	171	169
18:28:37	335	344	349	413	433	446	321	356	340	368	361	341	4738	6594	7462	328	323	341	379	390	381	413	427	412	373	351	340	326	354	326	577	553	561	396	388	387	1659	1626	1830	187	193	183	176	191	269	161	176	198	193	214	214	200	191	194	179	202	195	198	209	187	849	937	1031	196	194	213	207	222	202	200	197	207	194	209	207	166	194	169	204	227	210	188	217	196	301	295	331	180	162	180	172	168	184	171	170	200
18:38:37	328	320	359	438	430	436	345	339	352	369	383	364	4640	6462	7217	355	347	347	400	396	400	421	434	424	367	376	345	341	320	330	550	542	563	373	395	388	1654	1662	1784	182	177	184	174	172	267	190	204	191	218	207	228	166	214	202	192	203	207	204	180	213	859	974	1078	214	202	194	204	179	172	182	197	199	177	200	191	202	204	177	211	229	215	202	176	215	320	332	309	177	175	202	174	172	168	183	170	184
18:48:37	338	353	366	447	429	436	348	352	320	334	345	350	4580	6186	6953	344	343	352	387	390	400	425	418	413	351	348	321	352	330	330	583	525	555	410	384	384	1642	1641	1660	185	169	184	192	183	285	170	179	191	187	208	226	192	191	211	197	183	193	185	184	178	835	923	1049	190	207	208	202	196	176	181	193	206	194	181	196	192	174	209	218	219	202	192	214	207	302	312	308	178	186	177	176	178	178	166	168	168
18:58:37	353	349	327	447	423	419	336	359	345	357	349	343	4381	6090	6604	349	349	347	382	379	403	414	426	416	345	346	335	320	340	319	552	551	546	390	388	388	1607	1749	1743	176	229	195	176	162	280	176	166	211	192	204	198	207	225	229	187	198	204	205	188	192	806	957	1041	210	211	187	202	186	196	190	226	219	189	189	209	186	178	187	206	223	210	214	208	216	290	315	301	167	173	208	170	169	159	164	149	173
19:08:37	349	357	353	430	438	396	335	350	344	394	358	381	4368	5854	6325	352	331	317	379	374	395	424	415	453	355	351	352	321	348	349	543	574	562	362	383	388	1634	1643	1770	160	174	194	166	187	267	192	169	167	202	209	213	196	215	223	192	195	182	187	196	191	821	956	1005	199	183	203	179	204	198	206	194	193	185	209	211	173	210	195	202	227	226	186	217	218	303	313	295	170	181	191	165	211	172	174	132	157
19:18:37	357	358	380	429	418	437	318	355	338	379	381	361	4321	5743	6105	359	347	361	392	395	387	428	396	419	352	378	329	343	334	347	561	550	579	362	391	382	1606	1649	1726	183	194	173	187	189	270	198	186	175	184	193	228	204	217	220	180	172	206	189	182	196	799	919	1029	201	207	195	213	214	179	188	194	197	193	206	202	170	201	190	183	211	216	211	206	226	278	306	337	140	186	199	171	181	186	159	163	173
19:28:37	342	339	338	418	435	430	340	345	351	344	352	358	4133	5501	5706	341	338	346	378	380	404	432	428	404	333	344	360	328	324	321	560	540	550	396	394	403	1631	1630	1717	171	184	179	169	189	268	200	173	198	215	202	223	204	208	197	190	178	201	218	200	219	814	935	1043	188	189	211	192	197	168	191	183	191	180	189	183	197	180	200	195	210	216	204	205	183	284	321	290	181	172	196	161	184	167	171	167	184
19:38:37	338	340	355	448	451	444	344	341	355	359	376	361	4042	5289	5365	344	341	369	381	376	380	417	416	413	348	354	335	331	321	332	572	535	535	378	405	390	1606	1674	1780	183	179	175	181	183	272	194	181	194	200	223	223	217	219	225	163	194	212	172	176	196	817	940	1014	200	205	198	181	197	197	207	198	188	185	187	209	169	179	210	205	208	228	197	206	220	301	303	304	179	172	202	167	153	188	171	168	177
19:48:37	319	372	361	420	425	437	343	343	332	373	352	377	3923	5237	5239	335	348	341	398	398	420	432	436	411	344	345	343	318	328	328	556	536	539	381	384	374	1633	1666	1785	180	179	196	174	181	268	168	194	169	209	208	228	210	220	185	203	193	193	183	216	207	826	920	1024	194	208	195	181	204	180	202	214	176	195	193	191	200	184	195	188	231	230	214	199	209	302	319	321	194	167	178	153	181	173	158	156	179
19:58:37	347	358	345	444	423	431	329	351	319	383	366	357	3897	5187	5160	345	354	346	395	402	390	417	419	445	351	352	352	340	327	328	554	547	552	393	395	379	1623	1691	1731	183	197	185	187	191	274	185	216	165	190	217	209	206	203	193	182	193	203	220	197	194	821	927	1036	202	206	195	190	206	179	200	196	212	198	216	180	186	178	182	223	215	230	207	236	194	293	291	300	194	175	200	178	179	196	170	162	168
20:08:37	335	353	346	423	431	400	327	359	336	357	387	363	3771	5022	4938	333	325	349	400	386	410	430	425	428	361	353	333	344	315	337	558	547	535	393	396	388	1664	1643	1738	197	185	185	189	194	263	162	200	178	195	214	202	189	203	195	197	181	176	172	203	176	813	967	1033	177	206	194	186	203	202	202	200	199	197	190	195	203	202	193	174	217	227	215	207	218	314	321	310	167	170	194	165	184	177	190	166	164
20:18:37	350	364	369	434	437	420	345	330	351	371	373	364	3687	4990	4929	349	350	341	405	386	406	409	423	420	346	348	349	330	336	332	562	552	544	377	428	409	1620	1679	1733	179	164	161	194	178	256	191	194	168	193	217	214	192	214	212	187	186	200	185	198	206	801	933	1040	198	207	183	192	227	195	183	195	206	202	206	190	183	193	201	186	221	210	217	191	205	316	299	325	179	160	204	169	181	169	192	160	191
20:28:37	343	362	349	419	433	429	366	337	360	392	393	367	3715	4903	4875	346	353	333	394	389	404	443	403	438	352	334	342	347	348	339	534	543	556	381	375	399	1625	1638	1712	192	195	184	182	192	291	197	188	178	188	194	202	217	225	186	193	201	208	180	195	180	797	917	1017	201	207	210	193	208	184	202	193	185	194	206	206	197	192	206	197	218	206	205	223	238	293	312	322	186	168	200	184	163	156	168	167	171
20:38:37	331	363	336	417	430	435	337	339	370	385	381	347	3548	4761	4635	329	355	327	399	391	409	442	427	430	348	354	360	362	343	323	546	553	504	402	399	386	1636	1651	1749	173	180	177	186	180	270	192	187	168	204	193	207	187	193	206	187	191	193	180	215	185	819	909	1036	190	220	204	185	208	200	202	208	184	201	192	177	202	190	196	205	222	217	204	196	203	261	294	315	178	176	186	197	153	180	179	176	196
20:48:37	362	364	336	443	418	422	337	347	331	366	387	363	3541	4554	4536	325	334	343	415	397	398	409	422	407	347	364	336	338	334	324	556	562	526	369	403	383	1622	1640	1729	180	163	193	191	178	245	188	176	168	193	223	212	195	215	212	194	210	203	192	190	195	790	918	1030	188	211	204	218	215	195	190	201	223	181	203	189	184	194	197	194	213	204	210	205	216	285	309	319	195	176	182	167	147	175	159	187	184
20:58:37	346	385	354	417	425	404	353	354	341	367	375	379	3446	4418	4207	345	370	337	393	411	377	427	424	407	353	346	358	345	337	340	545	550	529	366	414	405	1621	1596	1757	184	168	183	181	183	275	200	185	161	183	231	207	198	204	221	191	181	184	196	193	196	815	917	1034	184	192	213	201	195	203	191	198	189	193	205	186	194	195	205	200	216	204	215	205	205	290	304	320	176	161	175	175	166	165	183	165	173
21:08:37	332	365	357	425	427	429	345	362	348	379	400	355	3366	4305	3972	364	331	329	388	390	373	427	422	405	347	369	335	361	355	330	531	562	547	404	392	380	1594	1633	1632	188	178	195	177	177	252	161	189	196	196	211	194	209	211	186	205	201	179	186	194	194	805	924	1012	178	229	186	207	226	193	187	204	186	187	192	171	212	179	202	206	215	234	217	218	204	285	295	313	173	161	178	158	146	161	163	184	174
21:18:37	349	361	358	428	435	422	342	339	361	353	366	346	3287	4309	3908	322	368	346	394	381	399	425	401	404	356	350	355	343	354	339	530	530	567	393	424	376	1634	1621	1619	176	183	175	172	186	276	176	210	202	200	217	190	185	183	196	175	191	203	186	186	192	798	882	1037	178	212	195	196	209	181	209	200	203	190	207	199	187	187	195	198	210	206	207	211	212	285	303	331	186	190	173	180	171	175	162	177	164
21:28:37	360	361	374	425	450	408	346	368	355	371	352	396	3260	4143	3743	356	352	329	383	380	405	400	438	439	356	353	360	344	338	344	553	541	547	394	406	391	1612	1615	1668	177	167	171	191	190	279	193	173	194	209	224	213	194	219	210	193	200	209	181	183	199	791	903	1024	206	209	211	189	194	203	215	222	179	198	205	190	215	192	205	222	209	218	179	208	200	296	293	314	177	175	161	167	176	183	167	163	190
21:38:37	359	381	365	445	435	437	333	346	358	367	362	376	3200	4049	3615	341	347	310	398	406	418	443	418	418	368	363	334	361	322	333	537	530	536	397	383	374	1627	1567	1601	173	191	182	183	184	252	188	197	184	200	208	192	213	212	203	197	173	192	194	197	197	801	922	991	190	221	187	212	206	224	201	195	203	201	174	189	166	194	205	202	200	219	204	204	222	276	303	326	176	150	192	180	175	165	172	182	165
21:48:37	389	373	356	441	440	434	339	344	363	374	361	366	3195	3942	3378	358	339	345	406	393	381	423	448	444	353	365	350	348	343	356	544	541	529	389	390	387	1595	1584	1574	177	173	181	169	187	256	191	170	171	194	211	206	187	218	207	202	189	194	189	188	209	784	889	1022	203	203	217	197	197	191	184	194	185	207	171	217	180	195	194	206	217	211	194	219	203	303	299	298	177	172	181	184	172	182	167	167	164
21:58:37	347	358	381	444	456	433	371	357	347	356	367	381	3155	3977	3369	354	361	339	407	416	380	410	444	411	338	356	363	344	321	336	565	552	547	387	402	397	1588	1594	1576	192	195	193	189	175	246	182	176	198	200	200	178	211	209	197	218	202	191	215	204	186	756	906	1006	195	206	206	181	207	216	195	174	208	212	216	183	210	186	203	200	204	237	227	212	208	293	311	324	179	164	194	166	163	163	163	165	167
22:08:37	375	366	360	430	404	431	354	352	354	363	362	366	3141	3857	3337	332	332	355	391	402	364	407	428	420	365	367	344	331	352	342	542	520	526	411	398	382	1583	1580	1555	180	190	191	186	185	272	188	189	178	163	204	201	210	225	201	189	164	194	192	179	204	791	890	1014	200	214	186	192	210	199	221	215	200	177	197	202	189	204	189	216	214	213	200	219	208	275	284	322	156	185	193	162	172	189	171	194	151
22:18:37	381	357	384	440	429	420	359	360	356	376	361	372	3032	3806	3279	337	341	317	418	403	395	418	423	408	365	348	339	352	311	349	553	539	551	384	397	396	1616	1600	1596	172	175	168	168	193	255	178	181	170	200	209	227	185	201	205	194	191	215	187	201	216	772	879	1024	160	205	204	189	220	194	192	208	173	209	205	212	185	194	190	196	197	224	212	226	212	290	283	317	168	189	191	179	167	162	195	166	192
22:28:37	382	373	359	431	429	423	348	352	347	385	364	345	3016	3522	3158	361	323	349	409	393	378	417	431	403	361	372	360	344	352	361	545	515	511	381	392	383	1596	1604	1584	199	183	172	185	190	255	187	186	183	199	222	203	207	216	205	187	207	197	186	185	197	761	881	996	203	197	202	190	209	200	201	212	207	195	206	180	178	187	202	207	227	240	205	235	213	278	304	287	169	163	177	170	174	163	183	159	172
22:38:37	373	363	367	412	424	435	376	353	355	388	381	360	3062	3334	3167	332	354	334	390	386	378	435	415	428	362	360	362	345	343	358	535	526	509	382	380	377	1561	1586	1546	180	190	191	190	184	266	169	184	194	193	201	216	209	196	225	185	161	201	205	199	195	783	907	997	199	219	207	192	196	187	191	198	191	201	217	204	184	170	199	193	213	209	191	204	205	305	325	312	181	166	201	150	170	202	182	177	180
0:00:00																																																																																																
0:00:00																																																																																																
0:00:00																																																																																																
0:00:00																																																																																																
0:00:00																																																																																																
0:00:00																																																																																																
0:00:00																																																																																																
0:00:00																																																																																																
0:00:00																																																																																																
0:00:00																																																																																																
0:00:00																																																																																																
0:00:00																																																																																																
0:00:00																																																																																																
0:00:00																																																																																																
0:00:00																																																																																																
0:00:00																																																																																																
0:00:00																																																																																																
0:00:00																																																																																																

