EGFP:488,507[2]

Kinetic read	A1	A2	A3	A4	A5	A6	A7	A8	A9	A10	A11	A12	B1	B2	B3	B4	B5	B6	B7	B8	B9	B10	B11	B12	C1	C2	C3	C4	C5	C6	C7	C8	C9	C10	C11	C12	D1	D2	D3	D4	D5	D6	D7	D8	D9	D10	D11	D12	E1	E2	E3	E4	E5	E6	E7	E8	E9	E10	E11	E12	F1	F2	F3	F4	F5	F6	F7	F8	F9	F10	F11	F12	G1	G2	G3	G4	G5	G6	G7	G8	G9	G10	G11	G12	H1	H2	H3	H4	H5	H6	H7	H8	H9	H10	H11	H12
0:09:18	3227	3162	3102	3136	3249	3318	3224	3225	3327	3503	3464	3234	7759	7185	8670	3262	3229	3235	3174	3106	3275	3350	3229	3223	2986	3146	3217	3148	3278	3045	3386	3312	3384	3241	3246	3284	4003	4013	4113	3201	2984	3183	3181	3241	4208	3205	3180	3114	2922	3059	2978	3082	3189	3162	2961	2966	2971	2980	3069	2944	14781	7040	8018	3045	3131	2902	3084	2924	2920	3015	3178	2975	3218	3146	3166	2913	2973	2944	3359	3125	3105	2938	3092	3205	4231	3817	3898	3195	3015	3188	2924	3002	2955	2794	3026	3008
0:19:18	3206	3326	3119	3429	3238	3192	3407	3184	3159	3380	3403	3104	7836	7947	7455	3274	3174	3149	3278	3313	3312	3323	3213	3252	3114	3269	3276	3205	3300	3351	3396	3351	3270	3135	3207	3329	4443	4455	3789	3026	3072	3112	3190	3092	4199	3160	3106	3182	2959	2969	2891	3147	3177	3061	3084	3129	2959	3097	2966	3087	10378	7443	8230	2937	3230	3071	3138	3064	3077	3141	3267	3066	3107	3272	3077	3019	3191	3011	3334	3120	3031	2916	3045	3015	4067	4278	3885	3068	3051	3305	2997	2925	3028	2946	2996	3056
0:29:18	3283	3271	2968	3253	3330	3146	3452	3074	3275	3373	3396	3204	8089	8779	9013	3272	3356	3325	3112	3312	3216	3265	3203	3279	3322	3081	3151	3187	3176	3343	3433	3348	3315	3251	3230	3223	5079	5621	4055	3017	3095	3105	3225	3099	4143	3062	3142	3191	2873	2973	3074	2897	3104	3050	2970	3045	2921	2959	2937	3099	7439	7431	8157	2979	3032	3203	3060	2962	2957	3000	3024	3191	3063	3326	2958	2990	3005	3100	3509	3287	3083	2834	3028	2953	4110	4246	3891	2999	2898	3178	2968	2935	2905	2898	3028	2954
0:39:18	3134	3134	3193	3429	3275	3213	3410	3290	3159	3268	3174	3090	8445	9420	9867	3242	3260	3542	3162	3185	3250	3050	3171	3296	3246	3220	3187	3094	3179	3204	3540	3376	3287	3125	3209	3096	5823	6139	4038	2988	3042	3042	3093	3112	4198	3055	3084	2963	2976	2976	3027	3065	3092	3029	2946	3079	3079	2953	3002	3038	7794	7564	8099	3051	3151	2927	3042	2937	3065	2956	3182	3007	3165	3154	2977	2908	3171	2969	3546	3149	3196	2960	2951	3157	4307	4144	3892	3174	3092	3145	2972	2865	2909	2831	2937	3006
0:49:18	3025	3251	3138	3335	3263	3187	3216	3144	3116	3336	3353	3191	8601	10249	9759	3177	3226	3265	3179	3179	3275	3238	3217	3211	3277	3083	3166	3092	3173	3181	3627	3484	3282	3187	3240	3173	6492	6579	4012	3122	2945	3041	3098	3017	4090	3039	3018	2973	2897	2944	2971	3096	3102	2977	2981	2942	2868	2961	3046	2998	7766	8232	8288	3033	3187	3027	3035	2968	2938	2940	3319	3113	3036	3069	3083	2977	2945	3006	3207	3238	3035	3050	3031	2902	4319	4179	3902	3155	3019	3127	2970	2902	2910	2894	2980	2797
0:59:18	3093	3274	3174	3378	3204	3135	3203	3085	3170	3329	3392	3060	9046	10578	11621	3310	3177	3178	3154	3283	3094	3242	3243	3166	3235	3188	3138	3189	3075	3135	3675	3457	3305	3223	3210	3163	7493	7473	4197	3117	2933	3117	2976	3057	4071	3100	3065	3060	2938	3048	3094	2937	2961	2911	2990	2941	2830	3032	2989	2928	9178	8442	8928	2821	3066	3016	3108	2929	2918	2986	3136	3104	2956	3080	3005	3014	2913	2975	3039	3048	2997	3033	3055	2960	4406	3899	3780	2987	3130	2997	2872	3042	2925	2843	2842	2914
1:09:18	3093	3341	3091	3302	3071	3257	3402	3234	3167	3298	3384	3178	9905	11269	11451	3160	3145	3285	3291	3137	3195	3235	3153	3219	2960	3201	3088	3144	3129	3086	3267	3308	3273	3216	3161	3336	8037	7778	4337	3154	3113	3112	3084	3110	3774	3239	3043	2984	2786	3063	2921	3046	3112	2947	3006	2819	2889	2961	2984	3016	8922	9083	9519	3074	3096	3006	2948	3034	3011	3015	3240	3056	3125	3091	2946	3086	2940	2995	2937	3160	3061	3031	3104	2985	4542	4116	4142	3155	3006	3137	2879	2828	2917	2922	2848	2992
1:19:18	3153	3115	3119	3256	3213	3223	3408	3017	3159	3256	3279	3087	10700	11660	12234	3168	3016	3291	3264	3162	3179	3201	3190	3207	3231	3213	3253	3138	3104	3341	3150	3310	3409	3202	3215	3340	7719	7797	4411	3020	2984	3152	2940	3107	4333	3137	3073	3055	3029	2941	2966	2917	3162	3023	2859	3015	2866	3109	3078	3034	9673	10073	10114	3030	3202	2924	2991	2896	3008	3106	3218	3050	3081	3020	2981	3046	2952	2929	3152	3072	3117	3134	3111	2944	4785	4002	3954	2981	2891	3272	2840	2946	2862	2999	2730	2988
1:29:18	3080	3055	2996	3170	3284	3163	3251	3171	3213	3229	3195	3205	11576	12089	12226	3126	3224	3150	3169	3119	3130	3419	3337	3271	3275	3140	3131	3247	3217	3251	3372	3465	3363	3311	3215	3224	7503	7608	4550	3100	3154	3099	3045	2940	4178	3038	2928	3028	2801	2966	2962	3149	3026	3010	2943	2926	2921	2939	3079	2933	10814	10520	11765	2859	3249	2798	2851	3015	2996	2867	3116	3118	3122	3076	3031	2938	3090	2945	3146	3066	3099	3143	3192	3033	5027	4119	4097	2919	2865	3097	2930	2829	3040	2718	2852	2878
1:39:18	3157	3127	3076	3189	3321	3224	3045	3172	3017	3326	3246	3093	12405	13110	12982	3236	3122	3237	3228	3234	3224	3348	3170	3295	3089	3197	3166	3224	3237	3226	3300	3465	3357	3187	3334	3268	7814	6272	4453	2928	3045	3128	3093	3064	4063	3225	2963	2959	2875	3030	2959	2956	2959	3010	2919	2917	2969	3009	2948	2986	11319	11972	13060	3013	3185	2900	2982	3080	2814	3011	3224	2976	3137	3134	3036	2845	3134	2934	3039	3133	3260	3022	2999	3154	5088	4300	4157	3104	2810	3078	2894	2909	2916	2952	2909	2880
1:49:18	3098	3045	3123	3348	3357	3262	3183	3220	3282	3352	3452	3185	13367	14406	13520	3244	3208	3159	3173	3208	3092	3318	3178	3249	3145	3264	3336	3193	3216	3072	3466	3477	3428	3303	3368	3272	7748	4964	4969	3095	3029	2962	2926	3078	4050	3131	2963	2923	2858	2935	3077	3071	3071	3079	2997	3141	3044	3082	2935	3000	11390	12344	13925	2863	2970	2912	3087	3006	2980	3079	3255	3047	3098	2994	2895	2976	2996	3093	3095	3084	3193	3188	3120	3024	4905	4130	4247	3019	2855	3232	2901	2925	2989	2734	2864	2894
1:59:18	3185	3220	3398	3326	3247	3165	3166	3197	3149	3481	3413	3218	14119	15388	14686	3298	3245	3197	3383	3156	3177	3374	3374	3260	3212	3279	3209	3288	3233	3285	3506	3481	3395	3336	3247	3317	7406	5086	4875	3005	2931	3028	2983	2959	4058	3110	3025	3004	2934	3041	3097	2978	3126	3168	2988	2952	2992	2997	2963	2925	12039	12777	14736	3068	3105	3054	2939	3042	3021	2960	3245	3016	3175	3227	3038	2977	2967	3126	3152	3273	3168	3134	3036	2982	4954	4461	4229	2938	2814	3242	2818	2859	2985	2784	2908	2943
2:09:18	3182	3236	3059	3297	3298	3209	3292	3240	3097	3296	3222	3081	14698	17043	15797	3200	3204	3201	3200	3160	3364	3258	3326	3221	3135	3174	3188	3296	3063	3204	3484	3369	3406	3255	3274	3153	6530	5145	4969	3036	3135	3023	3004	3152	4264	2992	2919	2903	2858	3233	3142	3101	3042	3073	2920	3095	2953	2877	3055	3017	13062	13734	15767	2949	3143	2972	3066	3078	2993	2998	3281	3176	2986	2979	2997	2979	2861	3190	3033	3188	3117	3156	3116	3138	5046	4409	4410	2878	2986	3078	2889	2945	2776	2830	2945	2857
2:19:18	3203	3243	3143	3401	3255	3146	3328	3165	3077	3270	3355	3238	16163	17716	16722	3023	3271	3127	3368	3362	3143	3296	3380	3222	3054	3327	3212	3228	3240	3166	3382	3552	3492	3387	3389	3291	5755	5424	5427	3026	3047	3052	3023	2923	4145	3053	3057	3116	2912	3099	3250	3070	3173	2996	2982	3075	2973	3049	2991	3028	12908	14427	16500	3018	3115	2967	2980	3149	2941	3081	3273	3223	3071	2964	3049	3047	2925	2939	3035	3105	3153	3154	3151	3133	5121	4492	4530	3077	2793	3132	2833	2876	2831	2796	2858	2880
2:29:18	3254	3251	3210	3274	3262	3413	3256	3337	3245	3290	3356	3204	17798	19358	18522	3267	3080	3208	3341	3404	3323	3496	3265	3371	3111	3090	2991	3254	3315	3218	3378	3629	3407	3319	3400	3293	5903	5724	5482	3088	3016	3054	3024	2993	3924	2880	3069	3003	2922	3092	3094	3007	3149	3263	2889	2918	2951	2899	2923	3006	13308	14698	16521	2873	3132	2955	2944	3159	3041	3086	3162	3208	3111	3137	2988	2896	2934	3083	3059	3209	3177	3147	3034	3227	5212	4335	4468	3004	2988	3077	3009	2910	2984	2751	2844	2881
2:39:18	3287	3100	3127	3412	3392	3256	3254	3133	3112	3307	3509	3276	18838	20450	19319	3200	3091	3171	3403	3293	3497	3261	3331	3408	3183	3063	3065	3203	3276	3220	3601	3624	3559	3453	3677	3466	6205	6159	5990	3073	2996	3110	3154	3114	4227	2905	2998	2946	2954	3176	3006	3170	3195	3178	2960	2957	3031	2958	3053	2974	13936	15440	17183	3067	3089	3104	3011	2956	3214	2868	3187	3025	3058	3106	3029	2930	2954	3026	3185	3302	3380	3272	3135	3165	5166	4610	4556	2964	2753	3234	2935	2865	2726	2850	2868	2866
2:49:18	3431	3409	3133	3352	3394	3539	3242	3278	3108	3474	3396	3315	20273	21805	20905	3147	3348	3078	3303	3461	3254	3510	3433	3330	3163	3310	3425	3143	3255	3194	3600	3520	3641	3391	3486	3680	6516	6169	5882	3061	3084	3049	3000	3002	3969	3101	3047	2851	2964	3068	3172	3149	3136	3110	2880	3059	3133	3091	3130	3106	14114	15984	17806	2913	3064	3085	3078	3118	3178	3058	3175	3293	3177	3057	2979	2948	3101	2960	3175	3094	3358	3237	3233	3212	5297	4616	4689	3018	2814	3238	2872	2837	2924	2773	2984	2884
2:59:18	3357	3370	3212	3334	3404	3318	3234	3207	3146	3211	3437	3182	21139	23287	22627	3097	3246	3144	3278	3405	3253	3548	3383	3546	3323	3145	3274	3131	3293	3256	3739	3750	3583	3408	3477	3431	7060	6272	6350	3098	3066	3011	3046	3008	4242	2935	2856	3154	3040	2989	3186	3136	3110	3048	2966	3042	3008	3053	3069	2913	14541	16326	18559	3053	3134	3090	2978	3240	2960	3224	3098	3143	3004	3227	2999	3068	3012	3026	3136	3318	3293	3162	3173	3198	5293	4685	4678	3133	2871	3323	2767	2872	2812	2736	2746	2923
3:09:18	3327	3403	3274	3476	3441	3484	3263	3258	3051	3273	3403	3218	23252	24578	23595	3219	3278	3060	3351	3176	3256	3381	3464	3400	3371	3126	3175	3314	3251	3275	3900	3511	3566	3406	3531	3424	7238	6636	6923	2941	2955	2991	3018	3076	3936	3069	3105	3076	2923	3155	3168	3104	3100	3224	2966	3033	3008	3098	3086	3061	14602	16878	19058	2921	3157	2883	2959	3083	3098	3071	3243	3171	3131	3133	2997	3054	3157	3057	3223	3289	3320	3248	3222	3371	5304	4582	4865	2957	2795	3216	2739	2875	2935	2844	2966	3104
3:19:18	3356	3378	3325	3461	3503	3562	3442	3314	3129	3407	3395	3286	24605	25769	24970	3183	3259	3306	3340	3257	3346	3443	3630	3485	3277	3176	3271	3368	3267	3252	3711	3678	3578	3600	3393	3511	7380	6961	7065	3116	2982	3009	2976	3004	4200	2998	3023	2945	3073	3231	3187	3099	3245	3189	2985	3092	2944	2856	3113	3031	15277	16937	19592	2892	3101	3004	3132	3118	3161	2900	3323	3195	2999	3278	2991	2951	3112	3014	3252	3188	3251	3034	3316	3076	5328	4660	4656	2984	2811	3146	2827	2885	2846	2654	2724	2860
3:29:18	3242	3251	3274	3450	3444	3603	3370	3255	3315	3295	3467	3183	26020	27362	26074	3189	3350	3246	3340	3436	3494	3522	3634	3598	3180	3370	3093	3409	3310	3207	3976	3659	3640	3591	3589	3504	7540	7405	7330	2949	3067	3017	3000	3016	4087	2938	2987	3048	3063	3203	3192	3093	3214	3240	3094	3033	3025	2918	3073	2973	15039	17312	19033	3088	3169	3068	3124	3153	3194	3007	3163	3080	3036	3160	2948	3025	3018	3106	3150	3418	3227	3171	3313	3233	5169	4924	4815	3098	2893	3133	2866	2783	2933	2826	2825	2901
3:39:18	3204	3537	3506	3604	3576	3553	3332	3273	3274	3417	3411	3327	28421	29035	27850	3348	3382	3212	3327	3443	3236	3654	3663	3642	3250	3259	3205	3289	3339	3196	3763	3764	3752	3512	3672	3673	8055	7789	7936	2958	3034	3036	3026	2966	4223	3011	3008	2937	2843	3206	3308	3170	3331	3160	3075	3104	3115	2913	2991	3031	15237	18023	20074	2902	3130	3053	2986	3190	3211	3066	3205	3259	3088	3191	3130	3113	3014	3064	3243	3273	3295	3206	3233	3217	5053	4677	4706	2922	2846	3206	2852	2836	2948	2716	2787	3018
3:49:18	3416	3291	3440	3523	3561	3701	3430	3223	3301	3363	3605	3451	29448	30155	29488	3351	3165	3247	3461	3346	3460	3555	3503	3527	3146	3271	3348	3254	3519	3252	3886	3886	3656	3622	3424	3681	8585	8265	8044	3085	3034	3030	2964	2934	4079	3028	2930	3059	3087	3204	3303	3207	3200	3129	2835	3024	3012	3045	3184	3123	15566	17736	19951	3104	3179	3012	3086	3192	3039	3187	3265	3157	3171	3083	3156	3081	2909	3155	3222	3479	3311	3205	3400	3059	5382	4698	4703	2978	2868	3160	2842	2849	2819	2805	2769	2927
3:59:18	3259	3547	3470	3594	3661	3620	3379	3144	3235	3431	3474	3450	31688	31908	30161	3341	3203	3317	3332	3506	3458	3425	3484	3919	3146	3212	3325	3527	3422	3440	4150	3825	3932	3667	3453	3546	8818	8590	8552	2992	2967	3096	3072	3172	4177	3048	3087	3038	3007	3292	3293	3243	3160	3305	2910	2973	2987	3016	3162	3067	16074	18058	19791	2994	3241	2964	3075	3409	3069	2947	3163	3260	3161	3080	3088	3044	3190	3118	3314	3474	3275	3284	3303	3317	5331	4880	4704	2936	2849	3021	2859	2976	2921	2766	2863	2643
4:09:18	3328	3599	3399	3696	3689	3630	3391	3178	3295	3267	3461	3224	32764	34271	33889	3265	3335	3261	3514	3410	3459	3547	3824	3642	3214	3293	3309	3410	3354	3281	4086	3877	3859	3672	3474	3542	9009	8733	8755	2947	3024	2984	2985	3127	4034	3089	3064	2879	2968	3203	3304	3111	3321	3171	3041	3216	3050	3044	3155	3053	15294	18614	20261	2948	3115	3003	3095	3188	3040	3131	3331	3277	3208	3242	3114	3054	3108	2987	3329	3438	3448	3323	3206	3297	5231	4793	4849	2875	2929	3058	2768	2890	2714	2769	2909	2886
4:19:18	3221	3411	3335	3841	3792	3823	3551	3255	3411	3428	3517	3418	34735	36946	35269	3235	3347	3345	3357	3387	3414	3544	3754	3883	3244	3340	3284	3339	3499	3306	4142	3888	3942	3681	3554	3658	9627	8859	9070	3065	2895	2942	3040	2983	4209	2999	2964	2990	2971	3122	3293	3206	3164	3253	2944	3021	2958	3034	3097	3049	15837	18521	20365	3023	3247	3125	2989	3189	3057	3199	3255	3165	2943	3100	3076	3078	2844	3004	3275	3495	3358	3231	3301	3301	5457	4962	4903	2922	2822	3150	2900	2835	2786	2874	2661	3003
4:29:18	3263	3260	3370	3883	3867	3900	3420	3244	3350	3499	3366	3367	36300	38321	36574	3388	3338	3254	3401	3433	3497	3547	3633	3783	3173	3419	3409	3441	3276	3332	4372	4104	4162	3660	3542	3476	10350	9601	9621	2995	3009	3075	2956	2910	4002	3057	3053	2940	2958	3231	3337	3192	3140	3175	3025	3146	3026	2974	3104	3137	15685	18298	20818	3086	3115	3096	3124	3190	3093	3028	3143	3093	3210	3173	3077	3033	3094	3038	3191	3311	3333	3254	3435	3324	5306	4967	4794	2962	2803	3076	2818	2969	2858	2778	2790	2874
4:39:18	3317	3374	3438	3941	3890	3745	3462	3119	3371	3439	3616	3398	39206	40660	39214	3382	3345	3459	3354	3425	3315	3710	3599	3952	3213	3565	3278	3472	3329	3364	4211	4066	4001	3562	3531	3462	10787	10012	10167	2953	2944	3101	2957	3056	4127	3161	3028	3089	3062	3331	3174	3205	3243	3195	2925	3037	3063	3101	3107	2991	15947	19170	20700	3013	3268	3075	3098	3210	3013	3128	3095	3333	3061	3191	3067	3012	2955	3095	3228	3371	3454	3256	3185	3315	5256	5030	4926	3041	2728	3061	2675	2818	2889	2742	2689	2835
4:49:18	3283	3296	3305	3946	3968	3936	3449	3392	3283	3487	3352	3211	41863	44035	41427	3410	3386	3285	3429	3386	3330	3770	3606	3886	3143	3331	3377	3263	3411	3500	4332	4172	4020	3590	3755	3557	11440	10615	10414	2998	3093	3090	3028	3058	3980	3058	3099	3010	3082	3231	3117	3172	3234	3427	2999	3078	2997	3202	3151	3013	15763	18837	20734	3161	3152	3062	3091	3369	3163	3045	3261	3327	3164	3310	3131	3016	3011	3003	3279	3395	3565	3271	3298	3201	5258	4901	5083	2967	2831	3008	2783	2849	2854	2807	2789	2912
4:59:18	3339	3269	3318	4004	3696	3884	3334	3334	3269	3602	3344	3181	44020	45736	43649	3240	3483	3318	3392	3485	3299	4118	3861	4032	3312	3323	3223	3406	3345	3189	4409	4362	4274	3680	3766	3725	11631	11212	10935	3040	3033	2977	3051	2952	4148	3002	2931	3054	3036	3245	3249	3182	3271	3079	3026	2925	3091	3083	3168	3202	15939	18605	20992	2935	3212	3092	3136	3267	3187	3132	3196	3063	3180	3209	3063	3056	3040	3067	3257	3389	3328	3375	3257	3363	5138	5045	5001	2972	2782	3174	2810	2843	2861	2898	2828	2777
5:09:18	3303	3416	3403	3883	4045	3838	3248	3406	3276	3379	3485	3138	46529	49329	45600	3276	3405	3231	3348	3415	3418	3917	3910	3985	3433	3504	3376	3274	3207	3242	4556	4406	4352	3700	3614	3835	11983	11561	11298	3072	3013	3161	2896	2931	4102	3013	3075	3083	3131	3247	3225	3267	3304	3291	2989	3000	3120	3108	3224	3212	15904	18622	20943	3046	3279	3226	3172	3390	3163	2986	3244	3066	3069	3249	3170	3033	2945	3142	3219	3331	3330	3360	3412	3243	5201	5035	5225	3017	2738	3056	2880	2846	2804	2679	2920	2924
5:19:18	3317	3420	3449	4104	3931	3931	3386	3298	3266	3403	3426	3190	49574	55627	48051	3277	3307	3274	3368	3511	3451	3845	3981	4150	3318	3429	3440	3214	3340	3260	4731	4469	4437	3736	3750	3741	12545	12256	11803	3068	2985	3095	2962	3134	4238	3019	3032	2948	2969	3269	3213	3378	3269	3313	3031	2994	2937	3055	3247	3149	15668	18471	21338	2988	3194	3080	3063	3253	3059	3206	3277	3132	3234	3186	3028	3005	2933	3132	3277	3496	3431	3252	3348	3296	5131	4974	5150	2861	2771	3186	2858	2901	2737	2674	2779	3067
5:29:18	3299	3512	3594	3995	3929	4070	3436	3340	3447	3546	3552	3284	51712	61949	50659	3263	3416	3245	3470	3439	3317	4110	4091	4155	3319	3269	3368	3400	3355	3229	4710	4655	4667	3742	3769	3692	13172	12629	12307	2983	3060	3087	2883	3036	4130	2924	2939	2944	3190	3134	3119	3121	3267	3277	2997	3054	3105	3001	3046	3126	16255	18610	20846	3061	3273	3067	3035	3227	3157	3088	3118	3343	3190	3171	3092	3054	2888	3192	3158	3372	3444	3216	3169	3349	5196	4965	5074	2974	2967	3044	2807	2847	2876	2796	2880	2789
5:39:18	3506	3483	3554	4131	4027	4091	3400	3379	3286	3441	3445	3354	54477	66344	55576	3374	3323	3410	3532	3338	3491	4161	4164	4279	3454	3310	3310	3355	3313	3208	4896	4557	4688	3870	3803	3783	13953	13286	12801	2923	2856	3001	3016	3094	4032	2982	2934	3009	3047	3298	3231	3181	3315	3147	3069	3030	3066	3073	3137	3129	16141	18959	21283	3058	3170	3167	3068	3275	3173	3030	3402	3248	3329	3251	3106	3131	3069	3216	3253	3463	3505	3318	3458	3330	5150	5076	5214	2937	2851	3080	2770	2861	2680	2861	2825	2865
5:49:18	3304	3558	3637	4218	4101	4055	3546	3398	3438	3348	3453	3282	56697	72488	58243	3179	3361	3362	3458	3490	3459	4209	4221	4286	3223	3352	3240	3295	3358	3241	5013	4642	4973	3981	3919	3749	15105	14000	13937	3014	3085	3075	2940	2987	4140	2946	2857	2998	3111	3318	3498	3223	3100	3322	3013	3029	2967	2958	3130	3168	15859	18828	21163	3006	3236	3147	3084	3232	3234	3243	3397	3229	3164	3170	3192	2949	2974	3160	3332	3548	3493	3321	3353	3294	5213	5216	5271	2870	2955	3035	2938	2825	2759	2753	2796	2794
5:59:18	3425	3572	3567	4254	4216	4367	3360	3487	3367	3341	3444	3316	59752	74581	65285	3449	3346	3371	3495	3632	3554	4205	4412	4261	3301	3496	3325	3408	3486	3274	5068	4911	5057	3997	3895	3889	15634	14641	14088	3112	2944	2950	3031	3019	4167	3156	3063	3080	3119	3207	3311	3321	3240	3203	2997	3067	3041	3070	3068	3077	15885	18864	21043	2940	3300	3053	3112	3244	3137	3124	3244	3111	3178	3186	3011	3090	3218	3215	3153	3440	3559	3247	3399	3242	5229	5128	5317	2864	2777	3220	2903	2778	2987	2799	2906	2772
6:09:18	3501	3540	3624	4608	4108	4259	3474	3326	3402	3430	3549	3442	62063	78912	74594	3237	3434	3246	3544	3584	3707	4338	4351	4593	3354	3392	3449	3279	3469	3387	5362	5101	5224	4122	4009	3925	16406	15220	14871	3024	3004	2956	2902	3048	4086	3071	2953	2971	3173	3192	3217	3148	3263	3239	2939	3253	3059	3023	3099	3255	16001	18585	21486	2969	3210	3235	3147	3298	3080	3038	3345	3255	3262	3195	3115	3036	3014	3064	3272	3226	3552	3175	3382	3377	5182	5162	5064	2976	2878	3047	2870	2810	2906	2919	2809	3046
6:19:18	3610	3692	3668	4370	4285	4362	3413	3549	3482	3438	3568	3463	63770	82959	76059	3403	3494	3264	3661	3682	3586	4288	4424	4733	3521	3453	3438	3274	3411	3283	5184	5184	5017	4090	4111	4071	17477	16201	15698	2959	2997	2942	2915	3085	4266	3013	2974	2932	3069	3235	3379	3193	3240	3268	2946	3137	3046	3063	3183	3010	15802	18949	21094	3095	3210	3143	3089	3299	3207	2965	3225	3185	3142	3092	3150	3014	2957	3180	3297	3463	3380	3389	3423	3360	5262	5027	5410	2943	2833	2906	2834	2793	2769	2791	2827	2994
6:29:18	3579	3736	3805	4464	4470	4253	3622	3433	3400	3426	3646	3310	65902	87030	82248	3403	3326	3348	3646	3644	3473	4451	4487	4730	3362	3403	3413	3374	3443	3471	5377	5322	5196	4257	4200	4142	17630	16441	16082	2915	3052	3023	2956	2903	4100	2961	2988	2998	3068	3158	3391	3082	3278	3246	3125	3128	3219	2915	3259	3074	16338	18769	20978	2977	3229	3222	3044	3240	3116	3078	3098	3361	3173	3225	3217	2968	2975	3122	3293	3440	3515	3323	3317	3377	5391	5228	5291	2881	2908	3288	2930	2868	2902	2959	2896	2797
6:39:18	3633	3938	3866	4337	4316	4426	3461	3426	3454	3485	3568	3524	69579	88144	91249	3364	3469	3293	3906	3688	3647	4536	4520	4768	3466	3422	3504	3377	3313	3491	5521	5457	5248	4283	4248	4221	18077	17405	16791	3048	2995	3037	3068	2952	4135	2807	3110	2887	3036	3406	3196	3179	3224	3296	3055	3045	3126	3182	3130	3251	15427	18796	21187	2973	3267	3089	3126	3348	3183	3132	3246	3162	3136	3145	3109	3018	2952	3192	3193	3511	3556	3362	3282	3279	5174	5347	5307	3031	2947	3059	2819	2772	2822	2772	2819	2879
6:49:18	3595	3744	3737	4667	4638	4581	3538	3545	3435	3692	3795	3467	71087	87614	88851	3384	3533	3354	3879	3788	3726	4792	4536	4642	3331	3646	3664	3507	3448	3411	5836	5698	5609	4352	4382	4203	18668	18144	17520	3033	3007	3039	3020	2965	4125	2968	2894	3048	3173	3340	3211	3276	3252	3372	2995	3131	2984	3181	3064	2980	15856	18847	21085	2981	3180	3134	3112	3390	3116	3230	3358	3207	3163	3140	3138	3047	2995	3078	3446	3449	3437	3293	3339	3345	5155	5374	5237	2989	2881	3101	2955	2946	2655	2757	2826	2784
6:59:18	3598	3892	3958	4876	4819	4552	3541	3575	3495	3653	3630	3556	73625	92989	OVRFLW	3473	3607	3437	3919	3821	3751	4826	4687	4730	3636	3788	3674	3478	3479	3478	5885	5692	5613	4545	4481	4248	19411	19149	18459	3014	3003	2943	3074	2986	4242	2952	3105	3074	3194	3427	3298	3251	3375	3391	2981	2953	3108	3052	3193	3257	15699	18800	20951	3077	3255	3154	2991	3066	3094	3213	3158	3414	3219	3224	3116	3094	3042	3215	3347	3510	3464	3264	3442	3354	5226	5342	5322	2973	2942	3127	2761	2925	2855	2806	2716	2885
7:09:18	3774	3814	4004	4964	4712	4765	3455	3366	3605	3558	3698	3437	76585	99440	OVRFLW	3670	3510	3451	3957	3837	3849	4980	4959	4829	3637	3641	3786	3465	3483	3521	5972	5981	5826	4435	4395	4367	20806	19536	19176	2963	3071	2918	3014	3005	4086	2936	2932	2994	3257	3348	3318	3251	3139	3303	3078	3077	3059	3059	3096	3016	15403	18769	20793	3290	3384	3128	3210	3086	3241	3147	3251	3308	3141	3307	3320	3174	3021	3208	3266	3546	3388	3354	3477	3429	4968	5268	5337	2875	2898	3220	2791	2888	2874	2792	2779	2924
7:19:18	3812	4089	3953	5031	4740	5037	3388	3325	3738	3751	3861	3611	79059	OVRFLW	OVRFLW	3649	3556	3508	4093	4006	3978	5134	5113	5002	3804	3606	3725	3565	3550	3356	6153	6011	6210	4429	4574	4407	21476	19882	20689	3036	3012	3033	2866	2988	4409	3117	2900	2999	3017	3196	3440	3238	3181	3324	3033	2971	3173	2996	3186	3130	15436	18644	20559	3157	3160	3261	3246	3242	3114	3301	3299	3166	3117	3260	3157	3206	3125	3118	3189	3271	3408	3259	3345	3422	5043	5432	5212	2995	2943	3085	2845	2825	2795	2836	2830	2948
7:29:18	3767	4270	4069	4979	5185	4948	3538	3521	3551	3718	3728	3614	80550	OVRFLW	OVRFLW	3770	3509	3633	4124	3921	3997	5131	5122	5171	3856	3653	3696	3579	3713	3544	6548	6377	6567	4725	4547	4451	21281	20478	20911	2830	3063	3050	2997	2965	4223	2894	3040	2983	3247	3248	3296	3318	3282	3378	3019	2969	3210	2973	3178	3233	15697	18595	20851	3068	3246	3056	3086	3259	3069	3117	3284	3144	3182	3404	3183	3142	2954	3186	3353	3414	3505	3368	3444	3379	5055	5351	5276	2987	2868	3215	2814	2750	2959	2810	2826	2838
7:39:18	3877	4313	4065	5086	5112	5075	3678	3663	3499	3753	3851	3710	84335	OVRFLW	OVRFLW	3714	3807	3571	4251	4002	3869	5235	5089	5286	3875	3626	3669	3666	3496	3579	7038	6533	6491	4717	4666	4670	22613	21974	23772	2956	3031	2920	2931	2980	4161	2987	2966	2992	3044	3289	3348	3322	3327	3295	3177	3192	3188	3029	3193	3162	15401	18350	20859	3089	3133	3235	3085	3272	3238	3114	3327	3181	3151	3391	2969	3112	3166	3221	3319	3448	3559	3467	3484	3310	5277	5231	5419	2912	2723	2999	2860	2817	2825	2791	2808	2808
7:49:18	4067	4251	4190	5117	5192	5097	3599	3661	3802	3853	3936	3948	84524	OVRFLW	OVRFLW	3749	3681	3711	4122	4229	4047	5273	5351	5309	4013	3767	3789	3806	3533	3600	7325	6745	6811	4835	4871	4550	24195	22307	24164	2931	3033	2997	3029	2845	4239	3071	2980	2920	3111	3298	3318	3295	3466	3266	2970	3116	3070	3101	3163	3190	15292	18494	21018	3095	3328	3104	3138	3204	3137	3067	3351	3282	3069	3278	3075	3112	2941	3150	3405	3315	3417	3324	3541	3337	4889	5265	5206	3022	2819	2963	2889	2763	2831	2866	2915	2898
7:59:18	4120	4194	4278	5216	5244	5256	3625	3747	3641	3945	4013	3525	87436	OVRFLW	OVRFLW	3833	3789	3578	4466	4404	4209	5340	5266	5331	3880	3876	3887	3742	3677	3639	7382	6767	7124	5013	4825	4810	24513	23594	25711	3010	2967	2948	2963	2994	4280	2956	3015	2963	3026	3379	3377	3178	3282	3217	3185	3037	3099	3102	3151	3382	15479	18346	20356	3229	3303	3128	3115	3338	3208	3107	3262	3189	3019	3172	3069	3005	3046	3204	3255	3461	3456	3401	3348	3279	4873	5367	5322	3014	2854	2966	2791	2695	2784	2898	2738	2702
8:09:18	3915	4113	4241	5454	5420	5497	3738	3993	3856	4041	4089	3970	89787	OVRFLW	OVRFLW	3819	3858	3822	4502	4302	4424	5538	5334	5584	3924	3809	3863	3948	3957	3868	7977	7069	6903	4978	4870	4803	24999	23646	28279	3062	2960	2931	2928	3069	4069	2972	2925	3015	3102	3347	3406	3336	3328	3309	2899	3051	3087	3186	3066	3177	15275	18559	20601	3050	3200	3247	3237	3452	3169	3054	3224	3260	3156	3096	3151	2954	2881	3018	3337	3398	3422	3359	3408	3390	4967	5215	5138	3039	2812	3072	2807	2760	2818	2893	2767	2845
8:19:18	4022	4207	4289	5371	5426	5360	3722	3891	3890	4082	4051	4068	89671	OVRFLW	OVRFLW	3949	3982	3932	4456	4394	4357	5621	5525	5662	4194	3969	3815	3822	3751	3792	7627	7360	7497	4933	4777	5107	25509	24992	30077	2949	2992	3052	3016	3113	3896	2923	3043	3055	3033	3128	3331	3238	3397	3330	2901	3166	3230	3066	3119	3246	15343	18228	19961	3020	3316	3125	3082	3209	3000	3065	3337	3416	3167	3151	3090	3028	3088	3076	3329	3552	3558	3320	3234	3520	5074	5333	5209	2996	2817	3175	2835	2909	2887	2761	2848	2845
8:29:18	4257	4210	4357	5344	5402	5531	3616	3887	3853	4085	4160	3989	93293	OVRFLW	OVRFLW	3761	3927	4099	4679	4436	4489	5681	5616	5681	4023	4101	3998	3949	3780	3843	7833	7355	7679	5024	5065	4972	25999	26115	31520	2828	2876	3045	3003	2951	4064	2991	2967	2817	3095	3250	3316	3326	3434	3303	3069	3165	3032	3091	3134	3090	15256	18069	20216	3042	3245	3209	3185	3188	3207	3012	3252	3113	3162	3226	3139	3055	3012	3184	3340	3471	3573	3394	3441	3463	5069	5354	5227	3087	2854	3005	2869	2709	2895	2704	2880	2931
8:39:18	4197	4225	4488	5671	5590	5598	3876	3997	3966	4186	4265	4107	95897	OVRFLW	OVRFLW	4039	4067	3879	4629	4467	4456	5613	5723	5779	4320	3950	3879	4074	3800	4035	8166	7600	7769	5096	4915	4843	26401	27005	33024	3062	2955	2967	2980	3088	4187	3041	2948	2974	3137	3488	3322	3337	3317	3312	3217	3017	3159	3047	3172	3003	15193	18221	20086	3071	3218	3073	3186	3154	3248	3183	3309	3335	3113	3195	3091	3052	2998	3038	3191	3437	3569	3274	3503	3290	4894	5325	5248	2810	2721	3096	2807	2800	2821	2792	2889	2856
8:49:18	4211	4139	4504	5490	5621	5655	3930	4258	3997	4301	4127	4112	98474	OVRFLW	OVRFLW	4005	4048	4044	4497	4583	4486	5897	5830	5790	4321	3942	4143	4195	3904	4087	8350	7881	7709	5168	5161	5168	26659	28876	34117	2877	2983	2985	3155	2979	4000	3005	2913	2991	3186	3323	3370	3171	3264	3335	3002	3138	3048	3120	3179	3051	14927	18347	20062	3092	3245	3297	3234	3394	3096	3180	3195	3252	3301	3147	3128	3161	3013	3188	3309	3422	3404	3303	3414	3306	4828	5364	5235	2895	2820	3034	2829	2930	2892	2742	2755	2938
8:59:18	4089	4480	4315	5647	5582	5763	3966	4054	3992	4326	4332	4264	99512	OVRFLW	OVRFLW	3972	4155	4167	4856	4582	4701	5753	5795	6072	4271	4054	4210	4151	3964	4079	8455	7919	7989	5099	5270	5263	27422	30083	35947	2981	2992	3039	2930	3120	4226	3091	2978	3092	3070	3338	3405	3380	3268	3173	2969	2997	3101	3072	3067	3216	15189	18226	20199	2980	3241	3177	3190	3289	3003	3136	3203	3224	3195	3332	3333	2983	3041	3021	3218	3351	3500	3301	3415	3274	4867	5338	5056	2958	2859	2944	2876	2736	2883	2898	2907	2879
9:09:18	4308	4537	4637	5783	5669	5711	4000	4224	4091	4326	4458	4324	OVRFLW	OVRFLW	OVRFLW	4231	4192	4190	4787	4692	4758	6095	6040	5966	4129	4133	4314	4169	4108	4157	8349	7978	8096	5215	5098	5114	27729	31744	37359	2856	3016	2944	2940	3047	4089	3008	2966	2933	3138	3403	3293	3216	3263	3466	3042	3075	3214	3021	3281	3233	14973	18142	20199	3103	3235	3289	3179	3361	3043	3131	3269	3165	3096	3203	3243	2964	3126	3161	3229	3515	3542	3272	3357	3386	4964	5139	5262	2943	2919	3036	2672	2822	2828	2922	2831	2760
9:19:18	4294	4419	4618	5814	5832	5678	3901	4171	4156	4220	4752	4399	OVRFLW	OVRFLW	OVRFLW	4290	4324	4258	5039	4716	4751	5973	6195	5896	4416	4149	4293	4288	4225	4069	8225	7983	8033	5317	5267	5235	27991	31922	38036	3094	3051	2840	2979	3039	4264	2992	3119	2978	3145	3265	3257	3234	3263	3362	2996	3065	3119	3119	3313	3076	14848	18535	20062	3021	3417	3187	3126	3316	3218	3065	3379	3254	3249	3095	3057	3092	2966	3106	3486	3447	3574	3400	3277	3500	4924	5237	5184	2971	2751	3074	2732	2835	2792	2745	2867	2884
9:29:18	4539	4432	4454	6043	5955	5721	4155	4254	4260	4492	4612	4341	OVRFLW	OVRFLW	OVRFLW	4345	4371	4040	4678	5134	4745	6106	6148	6117	4365	4255	4187	4206	4035	4116	8663	8198	8642	5289	5370	5309	28871	33384	37498	3021	2993	2846	2991	2943	4250	2894	2963	2849	3201	3351	3391	3173	3356	3276	2918	3057	3008	3063	3253	3129	15142	17978	20312	2963	3183	3229	3195	3215	3077	3122	3356	3212	3130	3111	3151	3083	2989	3140	3260	3481	3486	3284	3358	3361	4931	5234	5075	2877	2792	3057	2848	2869	2809	2749	2796	2760
9:39:18	4358	4407	4726	5974	5794	5944	3993	4225	4065	4538	4634	4505	OVRFLW	OVRFLW	OVRFLW	4203	4337	4155	4701	4802	4727	5947	6066	6056	4523	4249	4378	4442	4112	4132	9032	8482	8265	5517	5182	5359	29361	32850	38290	3107	2934	2881	3095	3088	4080	3023	2827	3147	3239	3298	3260	3387	3327	3287	3054	3114	3076	3078	3189	3000	15191	17893	19954	3191	3260	3171	2986	3268	3175	3159	3215	3203	3188	3263	3146	3231	2967	3285	3253	3463	3647	3371	3366	3337	4808	5038	5228	2789	2718	3143	2957	2795	2821	2739	2860	2826
9:49:18	4454	4570	4706	5891	6005	5862	4120	4429	4309	4767	4630	4549	OVRFLW	OVRFLW	OVRFLW	4315	4423	4146	4846	4842	4782	6135	5964	6210	4485	4367	4287	4509	4080	4304	9109	8485	8483	5240	5574	5373	29028	32963	38903	2942	3068	2958	2982	2981	4071	3001	2913	2938	3080	3258	3361	3315	3324	3340	2981	2990	3087	3116	3074	3047	14969	17995	19439	3125	3279	3207	3116	3259	3195	3078	3188	3169	3235	3297	3158	2948	3159	3177	3216	3259	3584	3352	3371	3311	4945	5308	5167	2880	2858	3005	2834	2761	2877	2779	2761	2835
9:59:18	4509	4634	4481	5999	5912	6057	4188	4371	4176	4806	4758	4552	OVRFLW	OVRFLW	OVRFLW	4373	4473	4105	4850	4653	4722	6320	6255	6222	4383	4413	4304	4456	4231	4391	9032	8878	8537	5469	5496	5413	30793	33340	39566	2968	3022	2990	3013	3031	4234	2972	3040	2915	3062	3309	3270	3315	3371	3355	2984	3083	2996	3091	3115	3240	14887	17979	19732	3222	3296	3128	3086	3254	3172	3075	3206	3216	3168	3236	3200	2971	3075	2980	3331	3323	3556	3325	3480	3424	4910	5222	5333	3068	2816	2975	2812	2698	2764	2935	2831	2819
10:09:18	4467	4558	4678	6173	5981	6179	4090	4202	4466	4677	4862	4665	OVRFLW	OVRFLW	OVRFLW	4417	4416	4249	4811	4675	4762	6310	6294	6275	4447	4386	4523	4464	4167	4312	8917	8702	8460	5499	5655	5407	30646	32788	39385	2896	2981	3000	2939	2999	4057	2915	2999	3093	3110	3386	3338	3209	3263	3281	2929	3091	2965	3179	3107	3162	14832	18123	19608	3059	3243	3140	3112	3357	3171	3185	3208	3181	3130	3254	3080	3101	3105	3232	3254	3356	3606	3223	3434	3245	4938	5367	5311	3072	2913	3064	2734	2852	2832	2817	2713	2711
10:19:18	4603	4558	4612	6068	5998	5939	4328	4418	4307	4737	4743	4669	OVRFLW	OVRFLW	OVRFLW	4496	4544	4445	4737	4950	5081	6350	6362	5986	4577	4387	4335	4597	4197	4231	9256	8297	8514	5347	5360	5397	31358	34185	39281	2986	2970	3019	3022	2952	4456	3022	2893	2965	3255	3323	3378	3298	3507	3330	3112	3175	3046	3114	3202	3112	14626	17495	19316	3154	3337	3206	3160	3134	3056	3051	3174	3254	3259	3143	3087	3076	3109	3141	3229	3651	3480	3331	3342	3406	5032	5256	5359	2972	2976	3086	2822	2834	2842	2851	2725	2779
10:29:18	4580	4647	4574	6345	5926	5940	4378	4504	4442	4648	4721	4626	OVRFLW	OVRFLW	OVRFLW	4485	4568	4520	4930	4864	4966	6342	6272	6205	4508	4239	4399	4498	4186	4231	9124	8266	8487	5258	5689	5292	30034	33189	39106	2889	2855	2951	2917	3002	4202	2946	2835	2951	3038	3223	3277	3229	3419	3360	3153	3164	3065	3063	3193	3276	14668	17947	19444	3132	3293	3229	3070	3184	3119	3123	3204	3228	3110	3332	3169	3029	3119	3038	3305	3401	3467	3198	3526	3276	4721	5237	5295	2892	2823	2996	2809	2856	2914	2679	2723	2793
10:39:18	4713	4666	4649	6301	5966	6254	4537	4485	4350	4741	4938	4649	OVRFLW	OVRFLW	OVRFLW	4457	4537	4517	4823	5038	5166	6430	6268	6309	4405	4471	4371	4486	4141	4512	9330	8597	8737	5681	5518	5504	28604	35180	38762	3029	2874	3050	2928	2960	4271	2841	2867	2992	3265	3371	3231	3349	3384	3251	3007	3033	3158	3092	3242	3345	14856	17899	19702	3090	3283	3318	3181	3281	3176	3170	3252	3366	3153	3303	3092	2982	3075	3126	3302	3361	3442	3329	3433	3370	4723	5264	5355	2852	2914	2983	2852	2713	2873	2736	2659	2854
10:49:18	4540	4611	4636	6210	6151	6125	4287	4609	4452	4983	4798	5027	OVRFLW	OVRFLW	OVRFLW	4432	4654	4714	5158	4929	5253	6543	6154	6357	4509	4443	4543	4812	4292	4205	9381	8512	8921	5384	5635	5565	29193	34131	39144	3038	2957	3050	3084	2973	4065	2862	2993	2983	3195	3352	3267	3263	3259	3305	3091	3024	3193	3177	3119	3176	14787	17932	19515	3064	3253	3130	3158	3345	3074	3060	3237	3154	3123	3264	3148	3097	3109	3051	3279	3497	3393	3223	3484	3265	4832	5127	5237	2932	2787	3073	2836	2878	2788	2807	2956	2853
10:59:18	4553	4875	4925	6201	6023	6398	4423	4744	4503	4853	4988	4877	OVRFLW	OVRFLW	OVRFLW	4467	4442	4489	5211	4848	5100	6437	6561	6407	4697	4524	4459	4593	4409	4498	8963	8785	8720	5642	5556	5315	30468	34944	38629	2889	2926	2988	2955	2961	4131	2953	3031	2921	3138	3475	3172	3188	3282	3385	3002	3132	3124	2932	3262	3283	14487	17805	19635	3202	3239	3000	3164	3256	3152	3213	3370	3234	3161	3066	3212	2965	2991	3217	3304	3327	3492	3303	3396	3310	4928	5310	5239	2865	2862	3009	2762	2806	2770	2862	2676	2657
11:09:18	4732	4726	4602	6379	6145	6299	4441	4552	4463	4893	4983	5110	OVRFLW	OVRFLW	OVRFLW	4499	4695	4418	5105	4961	4916	6425	6361	6195	4663	4567	4735	4568	4439	4523	9166	9075	8518	5536	5555	5363	29598	34729	37650	3044	2949	2905	3044	3087	3968	3019	2941	2936	3108	3246	3245	3274	3414	3332	2946	3011	3089	3078	3110	3120	14653	17590	19325	3104	3149	3230	2933	3339	3195	3089	3217	3256	3112	3094	3317	3045	2989	3037	3229	3479	3499	3431	3447	3250	4912	5192	5392	2917	2829	3072	2745	2760	2825	2773	2865	2813
11:19:18	4639	4774	5047	6408	6239	6179	4494	4494	4531	5017	4977	4941	OVRFLW	OVRFLW	OVRFLW	4761	4733	4552	5233	5106	5302	6602	6434	6249	4670	4683	4685	4722	4492	4579	9424	8659	8786	5630	5644	5517	27746	33490	37526	2908	3042	2971	2978	3170	4327	2958	2967	2959	3115	3413	3147	3139	3376	3418	3137	3100	3014	3184	3140	3234	14680	17532	19295	3104	3250	3229	3118	3168	3026	3059	3246	3180	3274	3239	3076	3035	3059	2999	3243	3439	3240	3403	3324	3302	4745	5151	5228	2914	2744	3039	2896	2814	2820	2760	2764	2874
11:29:18	4829	4801	4726	6475	6267	6209	4497	4694	4634	5113	5025	4918	OVRFLW	OVRFLW	OVRFLW	4803	4690	4627	5012	5258	5170	6522	6301	6253	4787	4500	4644	4747	4491	4505	9297	8835	8916	5627	5733	5556	27978	33367	38240	3052	3012	3021	2897	2988	4101	2906	2873	2927	3177	3399	3408	3158	3278	3320	2876	3126	3135	3055	3087	3053	14687	17655	19344	3000	3279	3222	3157	3090	3075	3275	3224	3346	3034	3224	3126	3021	3131	3128	3291	3465	3526	3310	3410	3242	4851	5339	5006	2993	2976	3086	2725	2813	2792	2718	2893	2695
11:39:18	4777	4708	4964	6329	6342	6345	4661	4684	4796	5026	4892	4917	OVRFLW	OVRFLW	OVRFLW	4699	4877	4588	5250	5079	5454	6464	6345	6543	4687	4533	4860	4806	4318	4624	9296	9047	9017	5583	5705	5680	30422	33483	37124	3098	2974	3002	2957	3074	4211	2877	3068	3027	3081	3285	3445	3373	3220	3427	2973	3128	3099	3048	3105	3136	14860	17286	19386	3199	3300	3111	3080	3195	3160	3167	3271	3175	3110	3169	3187	3059	3085	3213	3336	3404	3498	3395	3273	3328	4774	5166	5222	2878	2942	3128	2803	2752	2817	2800	2776	2814
11:49:18	4624	4897	4832	6475	6377	6161	4620	4520	4565	5132	4940	4908	OVRFLW	OVRFLW	OVRFLW	4597	4615	4545	5102	5331	5305	6644	6311	6393	4894	4621	4693	4756	4436	4542	9521	8584	9110	5536	5557	5681	29832	33609	37455	3169	3022	2864	2875	2875	4034	3038	2924	3109	3037	3355	3290	3317	3292	3284	3021	3062	2961	3220	3078	3065	14701	17275	19324	2998	3276	3130	3028	3290	3246	3176	3237	3128	3219	3198	3132	2957	2981	3094	3216	3455	3617	3450	3332	3299	4677	5095	5163	2940	2817	3029	2814	2931	2699	2816	2741	2880
11:59:18	4743	5009	4814	6405	6360	6278	4663	4669	4755	5106	5080	4956	OVRFLW	OVRFLW	OVRFLW	4778	4672	4471	5254	5203	5412	6464	6385	6392	5046	4668	4832	4659	4638	4536	9358	8979	8884	5671	5796	5791	30175	32721	37097	2892	2944	2971	2961	3026	4208	3051	2842	2992	3101	3345	3302	3234	3202	3210	3033	3072	3142	3099	3031	3175	14604	17276	19380	3048	3353	3292	3308	3129	3221	3121	3227	3199	2978	3364	3179	3025	3088	3083	3226	3415	3396	3260	3541	3334	4700	5276	5219	3016	2656	2949	2814	2779	2912	2733	2848	2705
12:09:18	4708	4914	4953	6589	6369	6400	4787	4732	4690	5120	5161	5073	OVRFLW	OVRFLW	OVRFLW	4774	4760	4790	5394	5142	5353	6636	6403	6349	4931	4664	4844	4610	4401	4592	9392	8989	8897	5607	5734	5551	30491	32732	36397	2860	2956	3024	2894	2831	4188	2876	2937	3007	3034	3278	3298	3391	3220	3222	2976	3144	3131	2872	2998	3172	14424	17031	19209	3000	3304	3098	3042	3167	3164	3210	3284	3263	3100	3316	3162	3126	2970	3175	3329	3641	3543	3366	3371	3389	4657	5434	5335	2917	2875	3057	2787	2858	2855	2886	2807	2856
12:19:18	4644	4887	5042	6426	6375	6499	4705	4800	4824	5096	5222	5232	OVRFLW	OVRFLW	OVRFLW	4821	4676	4790	5363	5279	5335	6593	6577	6503	4899	4719	4902	4798	4517	4671	9332	8936	8902	5925	5855	5540	30287	33997	34769	3046	3003	2930	2979	2999	4224	2998	2965	2932	3173	3183	3271	3276	3384	3236	2929	3052	3008	2964	3159	3041	14536	17428	19083	3152	3208	3141	3159	3347	3246	3103	3370	3297	3230	3120	3177	3144	2986	3015	3332	3445	3489	3263	3404	3319	4755	5133	5278	2914	2773	3059	2869	2807	2815	2755	2778	2771
12:29:18	4684	4914	4873	6459	6232	6508	4690	4745	4729	5254	5057	5017	OVRFLW	OVRFLW	OVRFLW	4785	4825	4905	5317	5252	5420	6601	6553	6342	4671	4736	4593	4515	4619	4643	9425	9003	9012	5813	5680	5677	30280	35434	35711	2971	2985	2850	2901	3033	4067	3052	2858	2993	3108	3330	3291	3196	3201	3429	3025	3150	3160	3021	3089	3068	14116	17246	19152	3043	3281	3169	3113	3161	3137	3085	3258	3326	3232	3063	3162	3023	3056	3167	3365	3494	3500	3297	3489	3317	4751	5091	5262	2812	2842	3164	2868	2820	2767	2803	2778	2724
12:39:18	4903	4904	5128	6643	6478	6409	4742	4981	4755	5116	5102	5194	OVRFLW	OVRFLW	OVRFLW	4756	4952	4964	5402	5369	5567	6470	6409	6355	4971	4756	4910	4789	4916	4755	9199	9002	9113	5618	5983	5653	30567	35404	35606	3080	2920	3154	2951	3014	4131	2969	2899	3051	3062	3429	3361	3237	3245	3366	2983	3044	3172	3101	3278	3132	14448	17179	19371	3206	3268	3142	3110	3191	3127	3088	3279	3103	3144	3371	3246	2976	3012	3203	3180	3417	3645	3297	3412	3449	4815	4972	5373	2968	2770	2998	2756	2704	2892	2742	2693	2863
12:49:18	4766	4968	5221	6503	6396	6486	4699	4953	4870	5251	5262	5106	OVRFLW	OVRFLW	OVRFLW	4793	4903	4820	5208	5380	5423	6467	6535	6308	4753	4749	4682	4826	4484	4805	9294	8967	8721	5946	5769	5587	29631	34862	36898	2982	2992	2930	3004	3027	4217	2794	3029	2929	3241	3386	3310	3085	3362	3265	3067	2965	3165	3020	3134	3149	14550	17494	19084	3095	3236	3188	3057	3269	3193	3029	3258	3293	3151	3194	3161	3089	3006	3178	3221	3518	3554	3404	3492	3326	4874	5115	5090	2970	2689	3152	2796	2850	2749	2783	2865	2887
12:59:18	4859	4997	5169	6534	6405	6430	4744	5012	4765	5085	5287	5228	OVRFLW	OVRFLW	OVRFLW	5132	4856	4971	5358	5520	5621	6619	6547	6472	5222	4794	4848	4851	4983	4789	9047	8689	9040	5937	5895	5838	29565	32867	36548	3102	3001	2961	2944	3032	4234	2898	2868	2883	3007	3253	3314	3335	3300	3217	2987	3159	3156	3095	3293	3090	14197	16904	18678	3154	3196	3336	3093	3273	3128	3077	3322	3171	3034	3158	3159	2893	3131	3118	3210	3517	3453	3351	3244	3274	4760	5025	5103	3008	2830	3038	2809	2839	2768	2838	2815	2833
13:09:18	4842	4933	5011	6511	6277	6269	4824	4724	4944	5300	5495	5185	OVRFLW	OVRFLW	OVRFLW	4960	4831	4850	5560	5432	5589	6609	6725	6247	5268	4849	4878	4752	4679	4796	9504	9094	9140	6032	5888	5887	29682	32812	34749	3000	3007	2866	2868	3007	4288	2982	2929	2929	3112	3201	3187	3291	3254	3292	3131	2935	3175	3014	3060	3052	14228	16840	18640	2985	3205	3213	3171	3301	3256	3036	3294	3157	3131	3293	3065	2981	3048	3243	3383	3439	3374	3325	3439	3384	4733	5119	5111	2892	2761	2983	2857	2851	2823	2744	2719	2779
13:19:18	4859	4905	5134	6329	6536	6409	4826	4802	4851	5106	5215	5214	OVRFLW	OVRFLW	OVRFLW	4708	4893	4944	5531	5190	5609	6934	6651	6618	5143	4977	4818	4769	4743	4706	9051	8904	8849	5739	5737	5729	28938	32150	35613	3075	2950	2888	3003	2881	4253	3018	2907	3022	3207	3249	3368	3228	3294	3217	2933	3056	3173	2992	3058	3216	14090	17108	18834	3177	3303	3202	2975	3240	3199	3114	3244	3113	3118	3241	3218	2952	3063	3092	3306	3477	3504	3572	3479	3383	4823	5106	5090	2995	2868	3031	2855	2835	2946	2759	2802	2753
13:29:18	5014	4727	5225	6487	6558	6495	4769	4906	4828	5320	5220	5046	OVRFLW	OVRFLW	OVRFLW	4948	4969	5032	5478	5395	5689	6486	6592	6292	5038	4721	4852	4805	4652	4857	9028	8691	8979	5956	5729	5530	28681	33212	34084	3032	3062	2891	2984	2930	4247	2975	3139	2904	3158	3273	3353	3258	3250	3362	2945	3033	3018	2954	3137	3086	14191	17039	18351	3247	3381	3115	2973	3114	3166	3114	3174	3287	3089	3304	3124	2977	3091	2952	3216	3388	3479	3325	3422	3287	4614	5243	5257	2922	2875	2950	2767	2865	3011	2796	2834	2759
13:39:18	4973	5023	5069	6552	6451	6426	4758	4916	4917	5260	5354	5135	OVRFLW	OVRFLW	OVRFLW	4860	4973	4788	5398	5180	5516	6677	6558	6565	5266	4748	4808	4911	4840	4752	8897	8661	9065	5777	5740	5834	27620	31060	32008	2947	2973	2826	2872	2927	4167	2913	2896	2941	3049	3337	3351	3174	3204	3318	2918	2954	3068	2968	3251	3140	14037	16604	18760	3043	3351	3089	3058	3353	3107	3088	3264	3012	3072	3180	3028	3045	3001	3084	3127	3499	3449	3445	3441	3362	4805	5215	5042	2871	2856	2980	2816	2810	2733	2733	2667	2788
13:49:18	4878	4972	5265	6529	6601	6400	4801	5006	5005	5173	5391	5240	OVRFLW	OVRFLW	OVRFLW	4936	5140	5054	5547	5557	5777	6551	6577	6309	5349	4998	4938	4899	4729	4996	8908	8985	9324	5814	6000	5799	28652	30970	33136	2951	2928	3010	3014	2848	4257	2859	3008	2983	3010	3412	3296	3255	3290	3175	3018	3113	3196	3078	3326	3198	14436	16752	18399	3052	3210	3112	3087	3320	3191	3183	3355	3294	3183	3285	3243	3083	3099	3166	3250	3567	3403	3276	3306	3413	4724	5071	5227	2835	2768	3018	2781	2751	2786	2642	2759	2655
13:59:18	4822	4890	5118	6395	6412	6479	4720	4992	4819	5284	5243	5307	OVRFLW	OVRFLW	OVRFLW	5111	4967	5062	5685	5548	5523	6737	6636	6437	5168	5072	4885	5086	4829	5058	8849	8922	8615	5956	5957	5682	27917	31801	34215	2940	3114	3029	2902	2920	4246	2987	2957	2998	3029	3359	3193	3211	3400	3382	2970	3051	3190	2987	3146	3114	14028	16890	18678	3082	3246	3215	3078	3281	3076	3200	3143	3156	3255	3328	3029	3076	3021	3147	3286	3389	3687	3217	3364	3384	4703	5022	5036	2958	2775	3061	2796	2873	2795	2815	2829	2742
14:09:18	5025	4882	5243	6666	6725	6366	4795	5069	4909	5318	5545	5223	OVRFLW	OVRFLW	OVRFLW	4961	5092	5019	5641	5590	5668	6796	6673	6513	5170	5129	4840	4764	4749	4866	9040	8796	9070	5975	5789	5785	29240	31076	32837	3010	2924	2964	3035	2925	4206	2817	3084	2850	3033	3192	3263	3304	3306	3378	3051	3127	3094	3029	3114	3202	14009	16780	18582	3091	3348	3154	3092	3275	3062	3146	3267	3289	3060	3172	3195	3032	2924	3141	3340	3353	3462	3294	3240	3308	4680	5131	5284	2841	2771	3158	2852	2911	2952	2662	2680	2779
14:19:18	5028	5081	5211	6567	6472	6552	4826	4990	5013	5415	5502	5132	OVRFLW	OVRFLW	OVRFLW	5103	5003	4936	5634	5446	5654	6511	6714	6372	5303	5106	4974	4784	4984	4935	9226	8677	8965	5772	5929	5830	27790	30626	33021	2836	2966	3089	2978	2863	4252	2980	2834	2978	3289	3273	3217	3339	3217	3487	2956	3082	3033	3019	3109	3133	14288	16566	18389	3148	3214	3178	3029	3224	3171	3125	3112	3132	3139	3153	3115	3106	2996	3149	3234	3408	3442	3356	3414	3449	4582	5024	5064	2846	2823	3001	2846	2824	2799	2768	2840	2786
14:29:18	4961	4983	5436	6595	6536	6724	4770	5085	5062	5375	5283	5201	OVRFLW	OVRFLW	OVRFLW	5111	5054	5042	5696	5552	5499	6831	6728	6425	5330	4881	5038	4938	4930	4868	9392	8763	8829	5755	5778	5892	28887	31346	32947	2854	2958	3007	3051	2873	4324	2970	3036	3017	3083	3178	3324	3324	3253	3338	2959	2980	3000	2930	3154	3125	13681	16588	18173	3041	3196	3279	2989	3200	3149	3002	3245	3191	3192	3235	3156	3168	3141	3220	3278	3364	3408	3181	3459	3389	4716	5105	5137	2986	2708	2947	2906	2848	2899	2708	2784	2654
14:39:18	5000	5022	5583	6643	6506	6490	4699	4952	4866	5459	5358	5351	OVRFLW	OVRFLW	OVRFLW	5129	5180	5080	5641	5639	5710	6601	6654	6510	5465	5012	4945	4702	4856	4956	9498	9055	9173	5723	5761	5836	28513	31853	34739	2909	2850	3010	2914	2893	4166	3034	2990	2920	3048	3287	3323	3231	3371	3213	3103	3090	3189	2954	3079	3137	13830	16629	17925	3087	3275	3189	3083	3260	3060	3125	3170	3175	3101	3173	3001	2854	3018	2899	3106	3447	3518	3295	3396	3296	4647	5011	5358	2913	2788	2992	2843	2770	2727	2661	2703	2789
14:49:18	5183	5131	5323	6805	6622	6386	4892	5197	4920	5416	5364	5287	OVRFLW	OVRFLW	OVRFLW	5137	4994	4922	5456	5794	5830	6839	6534	6224	5359	5027	5089	4957	4893	5005	9443	9109	9257	5945	5982	5809	28702	31957	34614	2845	2982	2899	2967	3039	4109	2980	2961	3086	3039	3256	3292	3201	3274	3282	3072	3222	3130	3072	3039	3059	13470	16398	17921	3121	3105	3248	2976	3288	3040	3109	3225	3033	3003	3128	3076	3219	3106	3087	3307	3446	3415	3229	3486	3248	4902	5060	5100	2852	2876	3022	2782	2694	2762	2729	2761	2876
14:59:18	5268	4967	5250	6429	6739	6605	4947	5012	4900	5444	5389	5373	OVRFLW	OVRFLW	OVRFLW	5035	5187	5081	5774	5578	5869	6716	6613	6545	5225	5048	5265	4933	4795	5075	9256	9346	9220	5972	5852	5867	27576	31047	32829	2951	2940	2893	3054	2977	4492	2904	3036	2925	3201	3264	3192	3204	3322	3292	2929	3227	3049	3082	3076	3016	13676	16218	17976	3151	3445	3092	3138	3264	3255	3125	3197	3221	3059	3327	3177	3069	3136	3090	3238	3294	3450	3471	3336	3354	4676	5030	5240	2943	2917	3070	2734	2869	2899	2805	2795	2900
15:09:18	4935	5286	5225	6552	6641	6385	4917	5155	4902	5603	5477	5508	OVRFLW	OVRFLW	OVRFLW	5263	5064	5075	5651	5345	5794	6654	6668	6482	5308	4998	5023	4759	4980	5024	9326	9132	9180	5845	6157	5788	27670	30708	33830	2975	2990	2994	2990	3023	4200	2981	2884	2908	3162	3324	3420	3340	3323	3204	2988	3081	3095	2978	3225	3246	13830	16122	18137	2967	3202	3238	2964	3139	3113	3178	3279	3323	3112	3149	3114	3057	3126	3049	3300	3293	3538	3377	3401	3353	4602	5129	5138	2897	2840	3051	2708	2835	2682	2872	2772	2766
15:19:18	5114	5066	5156	6550	6884	6380	5010	5027	5144	5339	5390	5471	OVRFLW	OVRFLW	OVRFLW	5168	5113	5106	5710	5721	5876	6707	6670	6489	5277	4963	5100	4982	4935	4919	9088	8957	9233	5936	5857	5860	26864	29189	34629	3001	3102	3024	2999	2968	4258	2864	2987	2928	3139	3314	3188	3095	3410	3420	2949	2897	3137	3198	3178	3187	14146	16250	17754	3066	3278	3249	3139	3271	3183	3187	3183	3137	3210	3075	3025	3104	3072	3129	3253	3440	3524	3303	3213	3404	4717	5097	5198	2922	2817	3170	2715	2589	2684	2798	2729	2750
15:29:18	4995	4960	5372	6404	6414	6467	5062	5193	5083	5419	5482	5451	OVRFLW	OVRFLW	OVRFLW	5143	5234	5113	5718	5642	5828	6623	6659	6633	5384	5239	5044	5051	4880	4951	9449	9051	9321	5970	6159	6048	27777	31075	35253	2978	2859	2868	3086	3076	4213	2923	3021	2923	2996	3330	3161	3144	3331	3416	3072	3096	3187	3021	3075	3232	13879	16455	17923	3156	3291	3223	3138	3220	3134	3264	3352	3000	3187	3078	3111	3136	3111	3146	3317	3457	3403	3343	3413	3268	4782	5016	4924	2862	2908	2797	2724	2721	2711	2746	2760	2730
15:39:18	5088	5207	5236	6735	6622	6603	5087	4943	5024	5511	5334	5402	OVRFLW	OVRFLW	OVRFLW	5109	5287	5106	5800	5803	6013	6814	6791	6203	5688	5153	5096	5007	4691	4893	9414	8930	9273	6002	5970	5785	27019	31327	32082	3028	2996	2783	2860	2890	4425	2845	2878	2940	3174	3227	3347	3199	3440	3321	3086	3109	3158	3060	3112	3072	13971	16526	17776	3003	3338	3167	3062	3224	3102	3039	3186	3144	3131	3298	3146	3203	3016	3177	3326	3497	3410	3525	3346	3393	4783	4984	5320	3027	2808	3042	2802	2868	2774	2824	2650	2698
15:49:18	4967	5026	5265	6834	6646	6501	5066	5128	4923	5647	5410	5385	OVRFLW	OVRFLW	OVRFLW	5147	5070	5283	5852	5736	5761	6845	6766	6679	5319	5291	4932	4777	4862	4963	9452	8851	9254	5976	6181	5897	27734	33545	34132	2809	2868	3082	2973	3097	4057	2962	2946	2973	3015	3242	3251	3260	3329	3371	2906	3110	3092	3021	3063	3110	13888	16361	17871	3068	3318	3194	3036	3349	3178	3152	3214	3117	3132	3226	3019	3003	3004	3121	3263	3500	3598	3283	3294	3298	4732	5094	4918	2883	2984	3074	2766	2857	2724	2797	2770	2632
15:59:18	4949	4949	5210	6756	6648	6723	5087	4956	5030	5530	5607	5270	OVRFLW	OVRFLW	OVRFLW	5269	5320	5152	5850	6022	5895	6697	6852	6693	5201	5354	5215	4916	5102	5075	9472	9196	9283	5955	6014	5937	27122	31981	34753	2862	2949	2929	2957	2935	4445	2944	2829	2885	3172	3230	3270	3385	3357	3335	3012	3098	2986	3046	3138	3036	13761	16279	17729	3065	3208	3173	3017	3256	3002	3102	3202	3268	3214	3247	2973	3134	3102	3116	3225	3383	3439	3352	3488	3326	4874	5071	5197	2840	2729	2853	2745	2846	2766	2658	2753	2786
16:09:18	5028	5042	5255	6612	6815	6631	5053	5100	5152	5552	5415	5444	OVRFLW	OVRFLW	OVRFLW	5202	5345	5367	5756	5631	5890	6616	6743	6445	5258	5264	5136	4984	4947	5011	9224	8890	9392	5880	6045	5997	26886	31954	33565	3044	2870	2974	2928	2978	4150	2879	3015	2906	3003	3347	3226	3250	3300	3433	3032	3121	3101	3044	3082	3222	13682	16107	17435	3000	3127	3056	3097	3211	3219	3148	3169	3276	3180	3137	3069	3106	3049	3134	3314	3331	3416	3342	3337	3332	4558	4974	5176	2830	2747	3024	2767	2734	2838	2696	2755	2791
16:19:18	5047	5187	5325	6761	6621	6624	5147	5098	4981	5453	5488	5425	OVRFLW	OVRFLW	OVRFLW	5349	5171	5147	5701	5573	6174	6910	6607	6467	5387	5158	5195	5023	5064	4961	9353	9250	9475	5961	6093	5973	27136	30899	33509	2863	2954	2911	2816	2934	4202	2889	3010	2921	3095	3349	3351	3149	3344	3315	3128	3081	3026	2975	3125	3140	13523	15675	17877	3089	3249	3150	3103	3211	3091	3062	3167	3071	3248	3299	3203	3083	3042	3034	3309	3442	3402	3245	3334	3385	4686	4849	5295	2996	2817	2892	2908	2722	2703	2759	2705	2690
16:29:18	5028	5143	5146	6581	6623	6900	4950	5155	4971	5612	5624	5545	OVRFLW	OVRFLW	OVRFLW	5158	5159	5291	5868	5842	5940	7052	6939	6668	5288	5280	5136	5079	4845	4989	9614	9313	9295	5921	6090	5944	26771	29785	34269	2965	2938	3058	2946	3051	4186	2883	2956	2785	3118	3259	3168	3306	3257	3319	3084	2986	3017	2980	3144	3215	13489	15858	17741	3081	3109	3321	3231	3197	3190	3050	3254	3268	3094	3220	3119	3056	3075	3096	3296	3408	3405	3290	3408	3542	4774	5002	5292	2750	2834	2956	2885	2884	2678	2756	2728	2715
16:39:18	5154	5125	5395	6701	6812	6713	5151	5199	5075	5370	5655	5466	99208	OVRFLW	OVRFLW	5226	5273	5030	5616	5832	6029	6701	6714	6419	5616	5376	5168	5210	4928	4972	9511	9264	9256	6027	6158	6069	26715	27758	33664	2897	2832	2882	2821	2876	4270	2979	2918	2982	3066	3227	3268	3278	3228	3442	3001	3075	3183	3106	3087	3225	13593	15707	17708	3114	3426	3147	3132	3281	3129	2992	3309	3145	3177	3108	2984	3022	3045	3081	3271	3618	3588	3412	3357	3240	4665	5227	5221	2884	2761	3080	2802	2789	2710	2800	2916	2688
16:49:18	5018	5136	5395	6743	6739	6746	5038	5120	5155	5359	5615	5613	OVRFLW	OVRFLW	OVRFLW	5359	5131	5294	5815	5863	6010	6943	6655	6345	5466	5160	5200	4948	5071	5146	9284	9191	9585	6044	5986	5961	27180	30204	34146	2965	2918	2939	2744	2960	4135	2908	2988	3088	3158	3297	3274	3315	3299	3261	3012	3183	3122	3042	3084	3134	13260	15900	17806	3112	3440	3218	3001	3179	3136	3121	3299	3300	3056	3069	3114	3050	3063	3157	3310	3478	3549	3354	3367	3407	4606	5174	5067	2932	2923	3099	2830	2815	2817	2743	2846	2940
16:59:18	5061	5211	5278	6911	6663	6792	5294	5143	5078	5589	5738	5459	97700	OVRFLW	OVRFLW	5170	5168	5246	5695	5875	5840	6936	6765	6617	5466	5263	5146	5074	5104	4896	9436	9236	9387	6101	6024	5834	27297	29878	33649	2820	2993	3052	2906	2897	4295	2896	3014	3020	3164	3285	3292	3149	3366	3324	3048	3054	3060	2967	3238	3104	13472	15814	17334	3008	3257	3180	3049	3217	3124	3191	3155	3155	3259	3235	3193	3095	2999	3015	3386	3378	3452	3189	3449	3396	4673	4942	5287	2847	2734	3062	2763	2864	2767	2743	2724	2776
17:09:18	4993	5119	5274	6726	6646	6517	5208	5421	5039	5365	5551	5530	96344	OVRFLW	OVRFLW	5329	5280	5373	5882	5573	5729	6817	6799	6430	5484	5198	5050	4893	4963	5144	9650	9043	9225	5954	5984	6118	27323	29058	34357	2928	3110	2971	2853	2825	4237	2973	2972	2891	3027	3355	3183	3325	3412	3392	2786	3069	3011	2994	3111	3043	13660	15521	17226	3125	3235	3145	3002	3217	2956	3139	3211	3304	3118	3288	3062	3025	2912	3180	3194	3346	3477	3310	3381	3296	4703	5065	5148	2866	2701	3052	2769	2815	2820	2592	2816	2826
17:19:18	5300	5262	5279	6883	6830	6745	5137	5069	5175	5433	5515	5389	94968	OVRFLW	OVRFLW	5202	5371	5163	5806	5687	6025	6863	6745	6542	5235	5371	5154	5106	5078	5030	9558	9165	9518	6087	6107	5971	27242	30175	35407	2815	2921	3007	2838	2897	4308	3018	2903	3122	3165	3234	3395	3169	3276	3234	2981	3111	3100	3071	3211	3169	13752	15802	17623	3012	3370	3194	3089	3246	2967	3110	3255	3283	3173	2983	3084	3142	3076	3051	3367	3403	3529	3379	3444	3365	4605	5019	5033	2780	2807	3119	2827	2769	2730	2761	2723	2736
17:29:18	5093	5186	5459	6767	6657	6508	5087	5215	5209	5574	5556	5431	92735	OVRFLW	OVRFLW	5253	5323	5193	5871	6002	6118	6639	6748	6625	5344	5285	5184	5218	5087	4985	9462	9347	9401	6140	6170	5996	27218	27585	33031	2993	2803	3087	2937	2895	4261	2982	2934	2902	3004	3395	3336	3295	3406	3411	3111	3104	2951	3011	3151	3195	13254	15619	17654	2925	3250	3101	3060	3192	3041	3117	3246	3140	3126	3192	3104	3010	3184	3105	3398	3388	3408	3267	3324	3318	4577	5081	5164	2845	2772	2963	2719	2857	2752	2721	2775	2686
17:39:18	5120	5064	5168	6675	6649	6583	5195	5176	5020	5512	5575	5610	89193	OVRFLW	OVRFLW	5293	5210	5380	6034	5768	6250	6866	6754	6502	5493	5172	5057	5195	4960	5029	9316	9129	9441	6058	6124	6030	27169	27235	32718	2910	3053	2847	2837	2927	4322	2896	2901	2905	3067	3417	3333	3256	3379	3202	3048	3049	3107	2995	3069	3212	13490	15575	17037	2992	3248	3139	3066	3204	3087	3159	3254	3088	3170	3040	3054	3087	2944	3091	3310	3397	3533	3395	3364	3263	4445	4822	4986	2853	2740	3046	2784	2757	2930	2722	2664	2878
17:49:18	5167	5200	5436	6620	6725	6927	5076	5147	5313	5567	5708	5659	87181	OVRFLW	OVRFLW	5222	5389	5271	5857	5909	6191	6781	6737	6485	5402	5280	5305	5020	4984	4949	9343	8897	9525	5996	6120	6196	27204	26371	30064	2872	3130	2966	2931	2996	4349	2984	2836	2865	3183	3352	3304	3410	3399	3372	2974	2934	3112	3013	3075	3088	13449	15602	17044	3055	3319	3146	3032	3278	3072	3178	3282	3185	3211	3184	3198	3022	3156	3077	3205	3388	3433	3262	3332	3311	4515	5067	5263	2887	2799	2992	2668	2869	2795	2692	2719	2860
17:59:18	5101	5218	5348	6837	6752	6622	5201	5264	5159	5605	5445	5817	83192	OVRFLW	OVRFLW	5256	5444	5300	5841	5880	6039	7048	6705	6738	5273	5296	5316	5012	4939	5207	9308	8773	9339	6143	6293	6114	27052	28410	30237	2873	2952	2811	2893	2900	4390	2881	2952	2963	3108	3217	3198	3125	3309	3327	2915	3091	3122	3022	3089	3093	13417	15694	17374	3217	3179	3245	3051	3181	3188	3114	3272	3121	3072	3180	3202	3093	3111	2999	3373	3245	3317	3280	3379	3394	4501	4870	5016	2903	2826	3078	2768	2691	2858	2731	2846	2756
18:09:18	5157	5032	5405	6778	6639	6678	5138	5363	5133	5561	5654	5536	80746	OVRFLW	OVRFLW	5192	5319	5176	5869	5948	6168	6769	6901	6541	5398	5126	5159	5007	5091	5008	8977	8685	9237	6170	6185	5857	27568	27386	30741	2844	3044	2925	2905	2849	4244	2996	3039	2976	3028	3295	3338	3214	3293	3339	3094	3231	3164	3009	3042	3261	13134	15504	17312	3029	3207	3227	2925	3198	3118	3110	3167	3272	3059	3168	3094	3011	3150	3008	3134	3586	3433	3219	3370	3335	4536	5051	5093	2891	2804	2956	2753	2822	2800	2720	2675	2741
18:19:18	5254	5161	5370	6801	6734	6609	5303	5212	5045	5601	5545	5496	78928	OVRFLW	OVRFLW	5375	5440	5260	5972	5986	6043	6763	6527	6699	5607	5543	5312	4960	5133	5188	9294	8859	9096	6107	6120	6147	26658	26805	30223	2799	2935	2893	2981	2963	4260	2872	2911	3048	3039	3259	3185	3147	3414	3457	3007	3001	3180	3089	3190	3136	13324	15477	17052	3092	3297	3257	3037	3220	3205	3171	3261	3097	3077	3220	3111	2938	3117	3000	3206	3427	3423	3153	3274	3557	4630	5245	5026	2890	2782	2993	2872	2754	2858	2760	2618	2687
18:29:18	5373	5428	5505	6699	6677	6787	5309	5304	5210	5747	5565	5494	75456	OVRFLW	OVRFLW	5367	5368	5348	6025	6102	5875	6921	6638	6602	5638	5122	5247	5174	5173	5154	8973	8699	9056	5878	6135	5943	26909	26801	29491	2893	3027	2959	2947	2899	4037	2903	2889	2826	3081	3143	3234	3334	3261	3298	2934	3109	3147	3226	3055	3037	13183	15727	17250	2976	3353	3317	3201	3242	3287	3200	3136	3160	3038	3175	3073	3078	3010	3061	3259	3422	3450	3321	3395	3256	4669	4870	5153	2863	2735	3033	2794	2650	2700	2739	2800	2745
18:39:18	5215	5389	5308	6730	6758	6814	5251	5226	5421	5650	5641	5630	73777	OVRFLW	OVRFLW	5302	5194	5335	6014	6035	6105	6821	6812	6531	5549	5176	5382	5353	5173	5062	9002	8969	8912	6152	6038	6298	26735	26714	29676	3019	2982	2809	2930	2759	4388	2952	2818	2917	3000	3410	3255	3076	3263	3268	2916	3012	3145	3000	3072	3148	13298	15146	16775	3032	3195	3288	3087	3305	3118	3120	3211	3102	3044	3107	3158	3002	2950	3045	3239	3446	3434	3377	3371	3315	4511	4908	5125	2745	2780	2945	2735	2840	2704	2759	2828	2751
18:49:18	5525	5338	5444	6812	6700	6645	5203	5368	5127	5633	5586	5725	73396	OVRFLW	OVRFLW	5295	5533	5286	5996	6060	6328	7020	6573	6723	5327	5318	5219	5179	5129	5111	9177	8862	8991	6060	6146	5966	26601	26717	26309	2933	2927	3016	3028	2972	4242	3008	2729	2868	3053	3195	3230	3260	3212	3332	2913	3236	3169	3097	3125	3137	13215	15652	16764	3214	3297	3183	3071	3252	3268	2946	3211	3079	3159	3115	2991	2912	2995	3124	3279	3430	3311	3458	3423	3258	4605	4981	4818	2908	2704	3016	2700	2708	2760	2799	2714	2699
18:59:18	5375	5238	5503	6850	6709	6704	5264	5227	5222	5581	5773	5520	70460	OVRFLW	OVRFLW	5446	5368	5179	5820	6073	6096	7046	6609	6716	5519	5210	5441	5102	5163	5300	8917	8803	9045	6045	6064	6201	26802	27241	27847	2908	2759	2933	2847	2940	4253	2896	2890	2872	3181	3330	3272	3214	3309	3173	3012	3058	3058	2978	3028	3066	13380	15198	17026	2890	3255	3175	3049	3113	3395	3029	3216	3157	3038	3345	2995	2889	2950	3172	3260	3339	3535	3302	3514	3213	4718	4944	4995	2835	2739	2910	2820	2727	2697	2793	2804	2706
19:09:18	5314	5359	5533	6755	6715	6776	5149	5157	5261	5646	5800	5476	69695	OVRFLW	OVRFLW	5538	5360	5297	5979	6124	6084	6808	6709	6836	5464	5302	5381	5353	5093	5190	9162	8798	8960	6088	6150	5958	26477	26835	27914	3044	2930	3010	2987	2687	4326	3022	2982	2893	3253	3106	3260	3143	3330	3241	3004	3046	3106	3049	3062	3092	13122	15357	16744	3086	3271	3152	3050	3288	3151	3081	3179	3064	3044	3115	3045	3026	3047	3178	3289	3387	3352	3426	3277	3193	4748	4883	5118	2847	2552	2892	2639	2722	2779	2718	2730	2664
19:19:18	5307	5333	5525	6828	6639	6712	5258	5197	5235	5749	5681	5601	68465	99007	OVRFLW	5517	5408	5116	6067	6102	5986	6864	6712	6832	5395	5320	5349	5253	5005	5025	9159	8995	9175	6145	6161	6051	26945	26603	26879	2912	2924	2890	2951	2959	4368	2973	3001	2916	3065	3370	3327	3271	3173	3360	2969	3071	2985	3120	3237	3017	13088	15089	17081	3070	3182	3173	3121	3369	3024	2971	3180	3250	3120	3080	3138	2922	2971	3127	3300	3289	3480	3208	3540	3375	4415	4865	5054	2844	2869	2922	2598	2804	2705	2801	2755	2796
19:29:18	5169	5290	5434	6700	6630	6843	5212	5253	5144	5702	5658	5623	66066	96219	OVRFLW	5484	5274	5284	5899	6010	6334	6733	6814	6597	5583	5383	5478	5359	5036	5265	9021	8795	9336	6182	6176	6199	26356	26041	27489	2822	2894	3105	2946	2981	4151	2916	2933	2887	2892	3305	3193	3196	3294	3135	3041	3156	3044	2894	3154	3053	13024	15149	16768	3071	3292	3159	3004	3206	3135	3153	3255	3190	3147	3184	3103	2930	3062	2990	3110	3369	3429	3295	3267	3366	4534	5111	5088	2799	2705	3057	2726	2730	2840	2644	2723	2658
19:39:18	5272	5342	5423	6716	6771	6755	5120	5205	5407	5540	5905	5550	64323	90770	93651	5309	5456	5289	5989	6233	6454	6851	6855	6602	5360	5285	5236	5255	5056	5259	8934	8647	8679	6123	6035	6108	26878	26439	28203	2893	2907	2905	3023	2934	4422	3033	2950	2781	3141	3200	3317	3204	3250	3198	3027	3067	2982	2985	3055	3094	13126	15019	16830	3040	3215	3124	3122	3250	3248	3064	3088	3142	3064	3202	3045	3034	3085	3231	3330	3299	3481	3267	3330	3227	4568	4779	4954	2868	2755	2992	2629	2785	2757	2637	2718	2777
19:49:18	5117	5263	5496	6837	6730	6618	5354	5303	5229	5648	5669	5640	63435	89915	89826	5249	5343	5229	6080	6038	6295	6975	6929	6711	5426	5325	5389	5251	5193	5153	8661	8701	8845	6069	6191	5855	26812	26856	28635	2919	2939	2958	2917	3055	4222	2925	2972	2912	2953	3452	3256	3193	3337	3319	2994	3196	3010	3000	3250	3136	12995	15201	16595	3034	3272	3217	3021	3252	3069	3005	3269	3285	3102	3070	3086	3023	2984	3135	3270	3431	3403	3198	3377	3278	4494	4996	5047	2849	2777	3020	2696	2858	2681	2660	2711	2813
19:59:18	5345	5239	5308	6910	6771	6731	5294	5443	5469	5672	5748	5475	61867	88604	89706	5421	5380	5325	6183	6083	6287	6652	6621	6536	5300	5468	5317	5068	5081	5243	8975	8839	8624	6107	6335	6063	26807	26408	27625	2945	2825	2884	2833	2931	4442	2941	2843	2771	3063	3263	3247	3191	3242	3371	3028	2992	3146	3050	3137	3083	13063	15034	17208	3074	3226	3231	3105	3254	3097	3139	3239	3163	3116	3200	3085	3066	3068	2954	3169	3398	3450	3246	3425	3285	4539	4877	4979	2878	2794	2937	2728	2775	2749	2733	2860	2809
20:09:18	5300	5345	5537	6910	6800	6774	5382	5288	5358	5997	5596	5683	60570	86374	85106	5353	5529	5318	6000	6180	6328	6712	6616	6612	5500	5453	5487	5216	5096	5267	8941	8720	8925	6140	6342	5951	26588	26251	27995	2924	3036	2889	2896	2909	4137	2836	2891	3070	3081	3280	3185	3175	3154	3221	3021	3073	3271	2960	3090	3103	13140	15351	16960	3106	3095	3081	2940	3192	3144	3032	3299	3152	3122	3301	3040	2857	2881	3054	3272	3387	3342	3425	3328	3411	4575	4856	4995	2852	2796	2921	2677	2732	2774	2625	2890	2643
20:19:18	5196	5489	5525	6638	6554	6656	5219	5189	5577	5659	5781	5672	59486	86176	84657	5513	5299	5173	5976	6140	6083	6780	6559	6763	5457	5526	5476	5182	5165	5170	8804	8806	8917	5966	6124	6013	26471	26194	28447	2893	2989	2886	2820	2939	4332	2916	2979	3050	3031	3163	3281	3306	3318	3314	2971	3089	3151	3135	3199	3052	12405	15203	16572	3024	3336	3190	3135	3201	3101	3211	3255	3172	3119	3251	3150	2965	3038	3095	3200	3498	3337	3168	3266	3269	4384	4944	4991	2825	2785	3028	2735	2855	2818	2703	2815	2800
20:29:18	5321	5610	5561	6884	6853	6782	5128	5395	5340	5868	5719	5454	58598	85661	82227	5225	5404	5263	6078	6253	6402	6553	6662	6582	5407	5553	5529	5385	5310	5139	8774	8577	8778	6133	6256	6249	26507	26044	28189	2930	2929	2960	2973	2927	4038	2902	2940	2894	3119	3337	3226	3114	3355	3297	2961	3097	2963	3002	3117	3138	12895	14876	17016	3124	3379	3109	2879	3285	3046	3072	3104	3206	3071	3092	3066	2879	3053	3083	3355	3562	3388	3361	3210	3052	4528	4850	5072	2848	2749	2941	2799	2665	2811	2783	2746	2689
20:39:18	5273	5587	5487	6735	6651	6606	5387	5419	5275	5766	5772	5534	57310	82563	79287	5407	5429	5190	6068	6008	6313	6650	6872	6589	5584	5707	5279	5415	5394	5203	8642	8776	8913	6259	6138	5967	26923	26498	28717	3007	3061	2980	2816	3103	4269	2773	2991	2901	3181	3207	3206	3399	3340	3173	3108	3095	3063	3196	3255	3146	12729	14779	16410	3020	3306	3276	2950	3213	3160	3097	2994	3304	3100	3202	3069	2981	2930	3093	3342	3379	3655	3360	3422	3240	4527	5064	5021	2885	2880	3003	2874	2816	2735	2691	2584	2661
20:49:18	5311	5545	5563	6630	6713	6662	5282	5358	5266	5790	5851	5685	56415	79303	78496	5525	5405	5392	6222	6094	6458	6945	6640	6687	5561	5429	5460	5209	5064	5184	8944	8930	8840	6339	6359	6057	26495	25897	27987	2843	2955	2846	3080	3023	4346	2784	2896	2907	3011	3355	3249	3250	3308	3243	2848	3137	3103	2965	3049	3059	12658	15032	16484	2882	3169	3099	3053	3268	3121	3080	3022	3237	3047	3086	3072	3051	3203	3142	3296	3367	3420	3331	3395	3239	4540	4876	4958	2797	2708	3159	2754	2595	2742	2756	2682	2895
20:59:18	5454	5609	5574	6777	6661	6783	5270	5389	5550	5669	5622	5722	56132	76828	71492	5496	5257	5408	6157	6171	6285	6841	6729	6796	5661	5573	5265	5376	5170	5414	8991	8854	8561	6101	6117	6173	26719	26116	27891	3007	2942	2912	2880	2812	4429	2779	2846	2779	3113	3451	3240	3275	3267	3211	2973	2971	3045	3032	3222	3154	12654	15015	16484	2973	3358	3241	3120	3241	3051	3196	3220	3250	3109	3047	2949	3084	2988	3234	3090	3451	3492	3336	3372	3253	4481	4916	4794	2983	2697	3034	2778	2811	2661	2687	2712	2769
21:09:18	5217	5553	5659	6925	6795	6531	5289	5330	5534	5684	5879	5698	53761	74032	66909	5372	5412	5412	6253	6096	6239	6806	6608	6572	5524	5437	5489	5474	5333	5204	8850	8824	8798	6101	6124	6336	26664	26322	25648	2844	2890	2827	2902	2947	4081	2890	3014	2980	3076	3306	3368	3231	3289	3198	2874	3122	3051	2934	3125	3174	13048	14379	16649	3040	3264	3343	3113	3225	3144	3021	3192	3308	3122	3231	3220	2975	2976	3025	3060	3423	3466	3288	3314	3169	4515	4873	5170	2923	2793	3059	2866	2831	2786	2751	2706	2722
21:19:18	5227	5533	5474	6651	6789	6746	5377	5334	5584	5787	5735	5488	53892	72609	65582	5351	5340	5383	6315	6027	6232	6941	6561	6777	5590	5549	5396	5489	5305	5191	8741	8827	8702	6094	6271	5910	25897	26424	26017	2914	2972	2938	2948	2872	4338	2921	2946	2854	3072	3280	3319	3247	3439	3279	3047	3059	2952	2957	3131	3141	12813	14828	16409	2941	3184	3216	3012	3413	3074	3114	3230	3230	3115	3063	2981	3072	3005	3153	3214	3331	3432	3314	3288	3297	4422	5012	5088	2776	2724	2857	2711	2791	2823	2649	2651	2637
21:29:18	5584	5486	5540	6806	6999	6712	5246	5429	5534	5719	5802	5630	53015	71236	63493	5345	5491	5455	6249	6129	6188	6807	6817	6815	5786	5469	5333	5299	5400	5194	8919	8416	8790	6351	6238	5942	26904	25514	25710	2945	2864	2985	2976	3036	4237	2831	2877	2920	2999	3243	3156	3279	3307	3167	2912	3105	3001	3124	3107	2959	12886	14458	16530	3090	3274	3143	3125	3232	3174	3227	3196	3167	3046	3274	3223	2982	3015	3193	3115	3350	3453	3236	3302	3385	4438	4881	5005	2860	2741	2917	2692	2697	2721	2774	2684	2765
21:39:18	5532	5433	5675	6882	6714	6765	5343	5271	5368	5729	5799	5576	52313	68093	59907	5557	5483	5417	6021	6140	6275	6814	6523	6707	5720	5518	5518	5524	5481	5128	8649	8579	8690	6090	6210	6250	26600	26195	25707	2922	2877	2881	3055	2885	4373	2816	2980	2917	3017	3304	3298	3222	3345	3291	3008	2986	2996	3074	3113	3085	12951	14705	16469	3015	3269	3242	3056	3185	3140	3157	3188	3084	3151	3164	3130	2996	2899	3168	3208	3353	3347	3374	3391	3420	4258	4645	4812	2724	2781	2964	2774	2729	2806	2658	2732	2742
21:49:18	5428	5716	5946	6813	6881	6573	5360	5515	5415	5680	5660	5699	51458	66657	53687	5344	5314	5392	6064	6438	6329	6732	6600	6596	5471	5734	5364	5403	5363	5219	8583	8434	8587	6296	6248	5993	26396	26287	25759	2831	3026	2955	2959	2939	4293	2902	2804	2864	3081	3228	3191	3166	3277	3266	2967	3143	3171	2928	3266	3051	12941	14929	16272	3089	3096	3113	3222	3267	3170	3082	3185	3149	3113	3179	3030	3008	2914	3071	3242	3431	3478	3327	3413	3403	4520	4814	4843	2756	2755	2951	2740	2637	2737	2695	2717	2777
21:59:18	5513	5910	5598	6760	6795	6583	5571	5604	5483	5838	5733	5757	50778	67031	53689	5693	5426	5258	6143	6222	6280	6665	6696	6576	5569	5743	5606	5485	5462	5147	8975	8525	8462	6089	6295	6084	26260	25857	25523	2777	2976	2913	2871	3092	4249	3026	2912	2903	3005	3269	3325	3211	3211	3331	2957	3049	3043	3024	3119	3071	12617	14831	16244	3071	3191	3250	3075	3332	2979	2945	3201	3061	3076	3120	3085	2907	2971	2981	3181	3384	3539	3355	3357	3220	4351	4739	4887	2854	2683	2868	2749	2677	2850	2851	2830	2720
22:09:18	5454	5798	5748	6704	6611	6708	5382	5376	5666	5827	5740	5675	49445	65986	53252	5485	5579	5434	5990	6221	6120	6874	6632	6633	5642	5498	5350	5484	5325	5364	8577	8788	8598	6147	6111	6073	26099	26098	25431	2917	2827	3000	2859	2996	4304	2970	2822	2811	3089	3196	3369	3166	3317	3186	2895	2987	3182	3011	3074	3183	13129	14616	16447	3117	3200	3102	3032	3099	3065	3113	3105	3109	3044	3128	3123	3010	2965	3001	3161	3547	3477	3198	3456	3291	4360	4873	4813	2847	2683	2945	2767	2687	2762	2672	2633	2659
22:19:18	5614	5845	5638	6574	6736	6491	5432	5476	5284	5686	5817	5591	49166	64337	52149	5357	5524	5495	6350	6445	6118	6697	6734	6696	5721	5499	5564	5396	5383	5151	8551	8330	8590	6104	6052	6199	25932	25488	25431	2945	2837	2946	2893	2863	4528	2963	2861	2819	3246	3265	3298	3290	3251	3299	2961	3061	3123	2916	3096	3053	12728	14595	16299	3112	3177	3244	2915	3091	3155	3113	3061	3206	3020	3189	3129	2941	3066	3172	3081	3446	3479	3392	3288	3430	4360	4845	4931	2755	2794	2948	2751	2878	2829	2584	2684	2884
22:29:18	5722	5784	5887	6633	6898	6554	5448	5392	5445	5765	5579	5890	49699	59299	48760	5414	5458	5398	6015	6273	6047	6592	6552	6827	5688	5650	5692	5320	5254	5276	8598	8368	8552	6147	5954	5995	26254	25923	24917	2787	2864	2835	2869	2870	4232	2773	2922	2888	3164	3271	3290	3252	3165	3191	2796	3039	3143	3066	3233	2973	12521	14536	16376	3081	3111	3213	3148	3309	3275	3027	3359	3151	3114	3103	2999	3049	3040	3023	3282	3400	3412	3296	3390	3244	4575	4894	5030	2714	2744	2901	2771	2686	2820	2664	2803	2688
22:39:18	5678	5740	5873	6668	6552	6324	5355	5417	5612	5879	5852	5564	48302	54920	48393	5435	5333	5433	6071	6120	6313	6605	6442	6776	5511	5742	5634	5358	5383	5248	8648	8689	8410	6136	6165	6139	26021	25636	25204	2915	3016	3015	2860	2894	4175	2976	2917	2977	3030	3395	3260	3090	3358	3390	2990	2967	3093	2820	3148	3133	12639	14995	16144	3145	3294	3263	3066	3217	3084	3096	3244	3163	3031	3129	3059	3041	3085	3032	3260	3346	3396	3160	3288	3298	4525	4916	4890	2701	2739	2935	2717	2753	2715	2752	2641	2630
0:00:00																																																																																																
0:00:00																																																																																																
0:00:00																																																																																																
0:00:00																																																																																																
0:00:00																																																																																																
0:00:00																																																																																																
0:00:00																																																																																																
0:00:00																																																																																																
0:00:00																																																																																																
0:00:00																																																																																																
0:00:00																																																																																																
0:00:00																																																																																																
0:00:00																																																																																																
0:00:00																																																																																																
0:00:00																																																																																																
0:00:00																																																																																																
0:00:00																																																																																																
0:00:00																																																																																																

