EGFP:488,507[2]

Kinetic read	A1	A2	A3	A4	A5	A6	A7	A8	A9	A10	A11	A12	B1	B2	B3	B4	B5	B6	B7	B8	B9	B10	B11	B12	C1	C2	C3	C4	C5	C6	C7	C8	C9	C10	C11	C12	D1	D2	D3	D4	D5	D6	D7	D8	D9	D10	D11	D12	E1	E2	E3	E4	E5	E6	E7	E8	E9	E10	E11	E12	F1	F2	F3	F4	F5	F6	F7	F8	F9	F10	F11	F12	G1	G2	G3	G4	G5	G6	G7	G8	G9	G10	G11	G12	H1	H2	H3	H4	H5	H6	H7	H8	H9	H10	H11	H12
0:09:18	2832	2926	2877	2864	2794	2769	2681	2829	2875	2657	2768	2933	2897	2898	2855	2957	2991	2981	2809	2824	2807	3098	3068	2916	2831	2802	2920	2903	2856	2978	3238	3247	3415	3640	3560	3443	2936	3060	2928	2805	2895	2971	2989	3048	2869	2707	2827	2871	2827	2848	2723	2799	2705	2890	2606	3155	2924	2724	2876	2820	2972	2898	2990	2991	3175	3046	2609	2834	2752	2791	2832	2698	2824	2638	2773	2743	2550	2632	2812	2860	2585	2838	2812	2772	2896	2734	2740	2651	2765	2773	2439	2816	2873	2776	2794	2744
0:19:18	2835	2847	2844	2833	2831	2775	2840	2941	2950	2852	2891	3043	2822	3037	2911	2917	3269	3208	2948	2934	2923	3066	2967	3147	2906	2809	2851	3027	3095	3031	3253	3514	3520	3573	3718	3706	2888	2994	2977	2642	2792	2942	2956	3100	2826	2817	2859	2961	2912	2871	2969	2696	2768	2994	2495	2971	2968	2902	2784	2636	2905	2920	2948	2990	3172	3125	2841	2755	2719	2753	2759	2657	2740	2731	2716	2727	2591	2518	2768	2835	2681	2881	2657	2754	2796	2666	2841	2660	2907	2694	2491	2774	2693	2696	2688	2770
0:29:18	2740	2947	2741	2921	2906	2867	2746	2902	2747	2846	2888	3000	2946	2912	2804	2874	3084	3100	2716	2861	2772	3101	3123	3106	2879	2944	2723	3019	3093	3065	3436	3624	3405	3653	4088	3735	2808	3146	3101	2962	2820	3039	3142	2979	2918	2749	2993	2867	2786	2878	2923	2808	2826	3136	2553	3034	2968	2878	2816	2799	3007	3088	2914	3015	3203	3159	2700	2728	2725	2708	2628	2682	2850	2513	2885	2731	2467	2559	2725	2813	2603	2661	2782	2765	2759	2617	2818	2822	2752	2764	2337	2797	2875	2737	2705	2697
0:39:18	2944	3077	2821	2745	2880	2773	2779	2953	2855	2781	2949	2995	2816	2982	2817	2826	3179	3061	2905	2983	2825	3186	3188	3175	2843	2796	2834	2914	3134	2914	3519	3727	3759	3968	4266	4069	2933	3283	3111	2929	2828	2910	2947	3056	2956	2939	2856	2974	2976	2931	2783	2864	2940	3088	2634	3210	2932	2793	2739	2986	3197	2955	2977	3277	3168	3208	2792	2746	2801	2653	2637	2650	2868	2511	2788	2779	2519	2582	2630	2765	2555	2789	2711	2826	2851	2791	2768	2732	2744	2821	2449	2744	2774	2824	2617	2641
0:49:18	2782	2910	2943	3022	3019	2795	2827	2872	3070	2853	2974	3045	3001	3042	3042	2947	3208	3153	2852	2874	2981	3184	3306	3128	3011	2826	2937	3071	3048	3012	3433	3910	3664	3923	4095	4015	3080	3076	3188	2853	2779	2945	3033	3046	3086	2899	2926	2874	2969	2875	2998	2812	2851	3095	2771	3232	3086	2803	2932	2911	3227	3039	3072	3285	3458	3383	2730	2774	2687	2715	2752	2686	2738	2582	2836	2715	2378	2647	2616	2736	2713	2801	2832	2720	2788	2711	2768	2591	2761	2774	2478	2695	2745	2712	2747	2883
0:59:18	2827	3089	2911	2855	2956	2961	2755	3050	2898	2836	2876	2952	2936	2923	2988	2975	3086	3049	2890	2972	2953	3535	3181	3291	2742	2971	2949	3136	3103	3070	3485	3717	3788	4295	4247	4302	3070	3398	3183	2920	2906	2816	3070	3073	2959	2824	2805	2844	2826	3051	2958	2943	3003	3093	2891	3362	3138	2848	3002	2850	3137	3018	3165	3167	3310	3304	2809	2670	2743	2772	2830	2815	2879	2646	2858	2744	2458	2654	2832	2746	2530	2534	2717	2693	2691	2657	2839	2778	2775	2694	2547	2817	2647	2785	2820	2777
1:09:18	2876	2962	2779	2929	2909	2695	2952	2816	3087	2892	3045	3095	2969	3129	2964	2970	3176	3122	2755	2983	2884	3322	3255	3295	2804	2946	2959	3196	3151	3185	3495	3655	3791	4136	4466	4380	3077	3322	3214	2743	2818	2967	2997	3207	3090	3057	2816	3011	2828	3025	3025	2787	2841	3115	2833	3412	3193	2944	3026	3022	3052	3077	3277	3393	3472	3408	2736	2650	2713	2718	2748	2584	2939	2683	2951	2767	2446	2577	2873	2767	2548	2759	2772	2653	2761	2874	2687	2721	2809	2730	2377	2839	2854	2682	2712	2673
1:19:18	2744	2989	2950	3029	3056	2886	2831	2976	3018	2953	2981	3237	3012	2896	2923	3086	3189	3147	2892	2992	3055	3209	3134	3163	3000	2939	2957	3092	3204	3121	3587	3760	3913	4279	4482	4491	3140	3292	3302	2977	2965	3010	3222	3302	3057	3053	2872	3055	2908	2959	3098	2774	2911	3035	2769	3278	3180	2776	2978	3139	3068	3081	3218	3257	3546	3438	2724	2625	2789	2704	2846	2821	2891	2801	2858	2683	2597	2632	2872	2771	2573	2833	2830	2870	2707	2726	2833	2669	2694	2717	2394	2718	2711	2789	2854	2766
1:29:18	2904	3206	2945	2976	3011	2958	2921	2968	3060	3049	2988	3107	2944	2984	2946	3151	3217	3350	2889	3027	3028	3342	3276	3295	2853	2872	2915	3131	3319	3247	3464	3840	3804	4127	4668	4557	3115	3302	3234	2885	2972	2999	3124	3299	3103	3015	2841	2930	3015	3055	2999	2766	2950	3058	2877	3227	3234	2770	2840	2920	3102	3206	3122	3386	3465	3440	2788	2700	2751	2779	2701	2731	2851	2777	2850	2729	2559	2630	2821	2803	2574	2725	2774	2775	2670	2740	2742	2737	2746	2596	2420	2751	2745	2757	2772	2845
1:39:18	2827	3100	3067	3122	3001	2933	2812	3089	2931	2855	3139	3188	2930	3023	2975	3066	3251	3354	2982	3073	3007	3329	3303	3356	2956	2960	3072	3076	3315	3199	3826	3836	3932	4338	4603	4646	3158	3305	3363	2972	2921	3141	3062	3421	3100	3009	2943	2896	2924	2943	2960	2781	2947	3137	2755	3458	3222	2897	2992	3033	3101	3126	2982	3305	3576	3505	2700	2714	2838	2688	2734	2683	2841	2805	2943	2774	2567	2660	2726	2769	2544	2716	2866	2839	2692	2673	2729	2703	2699	2803	2453	2688	2724	2833	2685	2733
1:49:18	2914	3209	3054	2931	3012	2884	2900	3188	2974	2962	3197	3145	2968	3036	2862	3004	3267	3577	2858	2939	2983	3318	3359	3347	2902	2916	2997	3201	3345	3203	3626	4002	4118	4479	4681	4724	3242	3466	3426	2937	2972	3004	3298	3364	3163	3025	2952	2995	3015	2971	2989	2948	3077	2980	2892	3381	3284	3025	3000	2981	3134	3143	3166	3369	3397	3617	2731	2705	2753	2854	2660	2860	2841	2599	2934	2651	2536	2617	2901	2810	2690	2699	2701	2736	3006	2617	2762	2655	2750	2741	2535	2729	2829	2801	2719	2803
1:59:18	2952	3149	3008	3000	3216	2897	2805	2975	3248	3113	3113	3212	3024	3013	3045	3133	3324	3549	2984	2956	3111	3501	3626	3372	3097	2979	3116	3211	3398	3344	3701	3887	4187	4815	4822	4713	3352	3466	3461	2997	3035	3038	3243	3462	3078	3041	2898	3119	3005	3039	3294	2932	3050	3225	2903	3506	3364	3045	2939	3269	3180	3204	3106	3426	3630	3552	2723	2712	2698	2800	2690	2691	3002	2650	2970	2762	2658	2549	2710	2753	2719	2826	2750	2723	2839	2773	2865	2681	2707	2771	2339	2680	2865	2675	2951	2811
2:09:18	2726	3164	3122	2975	2975	2829	3072	3206	3332	3045	3153	3294	3001	3101	3042	3103	3253	3438	3076	3064	3011	3511	3492	3398	2999	2916	3051	3410	3466	3305	3897	4208	3970	4564	4800	4887	3347	3264	3339	3048	2980	3126	3305	3411	3302	2986	3057	3220	3012	3126	3079	2911	3066	3191	3038	3378	3399	2960	2938	3220	3224	3204	3183	3369	3642	3601	2635	2769	2698	2826	2798	2648	2903	2692	2947	2677	2527	2554	2771	2702	2584	2733	2682	2836	2830	2594	2715	2660	2665	2726	2340	2795	2770	2764	2796	2619
2:19:18	3005	3183	3107	3055	3118	3034	2976	3240	3119	3056	3124	3257	2995	3128	3147	3114	3307	3478	2947	3037	3104	3575	3557	3468	3013	2911	3183	3221	3351	3131	3851	4267	4207	4781	5025	4989	3230	3548	3583	2993	3089	3049	3448	3467	3229	2894	2987	3108	2898	3111	3223	3110	3056	3165	3093	3351	3493	2989	2981	3059	3127	3290	3407	3576	3562	3523	2686	2697	2858	2766	2599	2635	2919	2786	3095	2622	2520	2641	2745	2749	2492	2660	2735	2697	2636	2625	2798	2713	2882	2650	2455	2893	2708	2718	2850	2703
2:29:18	2947	3204	2998	3107	3003	2974	3012	3108	2972	3061	3176	3470	2895	3163	3107	3125	3251	3504	2836	2945	3140	3441	3750	3486	2956	3068	3101	3341	3210	3369	4076	4278	4187	4718	5076	4963	3247	3667	3569	3170	3250	3180	3456	3496	3237	3168	2979	3098	3043	3190	3232	2977	3119	3209	3029	3565	3636	2947	3125	3084	3223	3201	3287	3635	3773	3769	2742	2749	2735	2789	2651	2761	2800	2624	2904	2706	2570	2668	2763	2722	2605	2815	2767	2714	2547	2646	2615	2772	2716	2732	2435	2763	2673	2707	2800	2699
2:39:18	3085	3129	2932	3064	3217	3119	3072	3321	3028	3167	3344	3148	3082	3197	3112	3176	3386	3430	2941	3093	3066	3491	3739	3728	3001	3170	3021	3322	3370	3435	4057	4135	4327	4900	5476	5327	3271	3539	3474	3033	3173	3235	3405	3402	3456	3015	3056	3115	3061	3284	3167	2931	3099	3337	3213	3612	3424	2966	3084	3087	3268	3259	3376	3570	3723	3836	2802	2726	2770	2743	2679	2775	3027	2745	3073	2722	2472	2691	2632	2780	2654	2597	2708	2719	2795	2735	2709	2703	2760	2871	2398	2694	2727	2819	2833	2774
2:49:18	3023	3170	3065	3127	3040	3088	3064	3143	3415	3220	3147	3194	3121	3117	3147	3301	3472	3519	3053	3130	3211	3515	3665	3686	2965	3135	3177	3342	3562	3400	4104	4511	4282	5219	5499	5463	3281	3496	3618	3249	3123	3211	3369	3483	3440	3115	3100	3171	2891	3073	3243	3137	3145	3307	3280	3587	3529	2996	3022	3118	3297	3302	3302	3630	3948	3864	2702	2782	2806	2661	2665	2851	2989	2721	2944	2668	2433	2655	2817	2865	2628	2763	2628	2789	2768	2542	2805	2672	2676	2610	2361	2723	2784	2787	2784	2750
2:59:18	3009	3321	3084	3073	3116	3044	3083	3146	3166	3225	3234	3300	2942	3176	2942	3204	3383	3626	2988	3102	3054	3486	3844	3733	3052	3239	3179	3278	3547	3433	4243	4609	4637	5421	5825	5654	3323	3838	3653	3099	3296	3269	3581	3606	3447	3051	3247	3144	3076	2968	3196	3116	3194	3274	3275	3734	3427	3022	3082	3264	3174	3288	3228	3866	3878	4048	2770	2757	2718	2777	2742	2702	3013	2779	2990	2701	2533	2699	2765	2866	2573	2681	2735	2639	2704	2660	2703	2614	2773	2802	2333	2789	2772	2856	2901	2673
3:09:18	2974	3221	3026	3281	3114	3027	2948	3164	3250	3247	3082	3323	3033	3316	3087	3141	3479	3535	2936	3103	3253	3513	3729	3625	3052	3171	3265	3439	3424	3453	4103	4642	4644	5495	5935	5627	3266	3651	3665	3277	3174	3254	3471	3599	3604	3206	3068	3161	2995	3011	3100	3204	3116	3294	3317	3761	3749	3000	2977	3250	3292	3259	3323	3743	3893	4062	2700	2747	2916	2771	2796	2622	2823	2722	2952	2883	2546	2661	2759	2787	2694	2736	2674	2807	2603	2680	2802	2754	2621	2808	2386	2799	2873	2813	2693	2751
3:19:18	2932	3327	3080	3110	3160	3207	3047	3180	3168	3052	3117	3246	3127	3253	3270	3242	3363	3646	2992	2927	3224	3907	3860	3644	3109	3245	3239	3499	3455	3592	4348	4846	4746	5683	5828	5875	3580	3919	3822	3104	3293	3210	3440	3518	3578	3079	3322	3205	3062	3093	3050	3111	3253	3324	3257	3631	3853	3028	3272	3185	3491	3290	3423	4003	3935	4097	2890	2815	2755	2669	2705	2751	2914	2639	2949	2699	2548	2601	2702	2685	2596	2861	2863	2759	2707	2689	2770	2735	2844	2766	2409	2891	2625	2692	2878	2745
3:29:18	3050	3374	3140	3229	3208	3170	3141	3246	3362	3110	3119	3213	3119	3250	3037	3369	3556	3595	2987	3009	3185	3664	3971	3736	2978	3182	3054	3412	3581	3610	4534	4843	5035	5662	6108	5981	3466	3728	3725	3142	3076	3054	3548	3688	3739	3154	3298	3086	3192	3221	3218	3275	3165	3165	3274	3837	3645	2969	3072	3231	3369	3138	3294	4025	4040	4160	2698	2918	2725	2816	2809	2728	2951	2796	2932	2649	2569	2623	2738	2698	2566	2746	2812	2762	2566	2745	2848	2643	2732	2638	2482	2808	2811	2689	2682	2742
3:39:18	2954	3308	3071	3118	3180	3155	3105	3211	3150	3267	3103	3246	3280	3191	3230	3424	3514	3744	3178	3204	3121	3791	3976	3788	3096	3225	3095	3576	3628	3672	4526	5119	5017	5868	6152	6049	3590	3611	3799	3108	3181	3187	3511	3684	3647	3123	3051	3131	3103	3079	3289	3169	3137	3319	3288	3742	3765	3059	3199	3320	3333	3346	3246	3988	4259	4131	2751	2683	2864	2820	2788	2706	2906	2748	3080	2673	2544	2774	2877	2828	2572	2675	2760	2635	2775	2608	2789	2741	2812	2540	2395	2821	2707	2656	2725	2868
3:49:18	3003	3348	3187	3108	3170	3151	3115	3248	3259	3088	3295	3318	3177	3087	2974	3524	3633	3595	3121	3181	3223	3488	4050	3933	3131	3242	3297	3610	3857	3769	4576	5600	5343	6019	6182	6157	3386	3864	3714	2989	3179	3293	3468	3839	3870	3159	3138	3127	3088	3298	3172	3151	3218	3280	3503	3699	3810	3119	3106	3213	3340	3518	3344	4108	4442	4405	2781	2806	2802	2595	2677	2638	2946	2689	2991	2628	2568	2642	2793	2704	2647	2849	2787	2667	2728	2767	2817	2575	2758	2714	2482	2799	2849	2719	2761	2742
3:59:18	3052	3513	3298	3275	3194	3319	3356	3300	3325	3175	3450	3458	3067	3122	2965	3518	3693	3821	3079	3119	3130	3620	4082	4021	3070	3222	3296	3432	3845	3837	4908	5668	5358	6187	6617	6260	3705	3939	4083	3144	3368	3241	3742	3884	3829	3164	3201	3147	3141	3016	3398	3086	3156	3346	3497	3820	3777	3098	3185	3368	3421	3493	3536	4078	4257	4581	2872	2767	2740	2821	2573	2760	3130	2799	3263	2672	2554	2726	2737	2795	2650	2816	2787	2878	2673	2625	2805	2648	2771	2815	2445	2717	2831	2834	2641	2672
4:09:18	3225	3363	3242	3177	3169	3411	3010	3300	3339	3135	3300	3488	3349	3224	3092	3603	3775	3917	3116	3144	3185	3772	4236	4073	3207	3213	3297	3686	3812	3952	5039	5938	5864	6094	6580	6733	3604	4024	3957	3402	3307	3157	3775	3834	3987	3162	3291	3261	3054	3240	3391	3110	3401	3379	3409	4015	3783	3124	3161	3326	3531	3407	3403	4071	4421	4699	2846	2807	2744	2653	2765	2798	2922	2806	3129	2752	2564	2693	2883	2766	2593	2685	2816	2667	2633	2685	2596	2594	2824	2794	2314	2780	2745	2973	2656	2702
4:19:18	3054	3521	3257	3226	3242	3355	3283	3379	3326	3375	3407	3498	3187	3301	3183	3616	3736	3782	3107	3308	3320	3888	4435	4109	3133	3244	3191	3771	3912	4044	5356	6202	6166	6287	7239	6939	3703	4119	4128	3236	3402	3271	3787	4247	4059	3099	3203	3252	3360	3290	3444	3152	3329	3278	3631	4230	3942	3087	3258	3279	3503	3744	3450	4363	4663	4708	2686	2804	2577	2853	2631	2725	3039	2817	3027	2803	2489	2709	2772	2732	2655	2766	2841	2613	2862	2597	2756	2847	2634	2736	2357	2718	2924	2797	2709	2749
4:29:18	3097	3406	3104	3159	3181	3580	3198	3443	3540	3260	3547	3494	3116	3052	2989	3641	3889	3943	3051	3327	3402	4157	4688	4381	3231	3259	3219	3747	4063	4231	5594	6474	6148	6561	7562	7802	3804	4161	4280	3107	3268	3422	4236	4126	3983	3090	3208	3306	3266	3533	3477	3190	3281	3476	3950	4186	3904	3114	3272	3179	3708	3707	3620	4391	4743	4917	2736	2720	2752	2678	2774	2683	3127	2842	3098	2694	2513	2481	2704	2725	2516	2694	2857	2736	2926	2726	2669	2559	2742	2820	2339	2730	2761	2769	2702	2676
4:39:18	3118	3604	3396	3234	3450	3449	3297	3573	3277	3227	3358	3732	3280	3474	3157	3762	4089	4005	3158	3219	3338	4326	4742	4588	3160	3381	3232	3936	4249	4144	5626	6946	6885	6906	7849	7680	3943	4443	4336	3328	3338	3401	3903	4296	4092	3415	3199	3360	3509	3639	3872	3167	3321	3446	4103	4551	4291	3184	3285	3369	3626	3863	3862	4373	5066	5131	2750	2780	2839	2739	2896	2751	3158	3112	3162	2606	2497	2597	2798	2728	2678	2800	2733	2706	2869	2671	2837	2661	2732	2679	2385	2746	2731	2814	2639	2806
4:49:18	3195	3508	3445	3365	3291	3589	3339	3482	3405	3346	3400	3398	3168	3314	3167	3790	4153	4168	3159	3472	3350	4404	4798	4684	3054	3438	3390	3965	4312	4229	6141	7362	7132	7410	8620	8255	4047	4339	4472	3327	3267	3315	4119	4399	4357	3278	3288	3346	3720	3717	3857	3256	3351	3444	4323	4842	4409	3211	3416	3575	3792	3865	3776	4528	5079	5217	2747	2695	2653	2742	2673	2666	3196	2868	3152	2641	2443	2657	2844	2735	2643	2832	2718	2784	2718	2747	2692	2786	2809	2649	2427	2797	2709	2668	2745	2855
4:59:18	3449	3347	3466	3346	3338	3532	3393	3608	3719	3531	3609	3484	3157	3353	3310	3778	4113	4175	3255	3368	3493	4499	4989	4948	3198	3350	3326	4181	4447	4484	6519	7570	7560	7989	8919	8825	4293	4498	4374	3240	3204	3578	4063	4712	4411	3349	3318	3339	3761	3958	3884	3333	3462	3420	4361	5156	4690	3349	3442	3409	3704	3954	3877	4787	5225	5426	2867	2680	2678	2897	2628	2814	3237	3064	3282	2624	2616	2659	2820	2740	2697	2660	2713	2717	2748	2667	2859	2611	2781	2799	2524	2837	2716	2802	2781	2809
5:09:18	3330	3440	3441	3460	3322	3681	3515	3660	3440	3379	3673	3451	3204	3453	3356	3911	4184	4297	3338	3507	3385	4599	5064	5141	3361	3356	3287	4276	4608	4673	6743	8108	7910	8242	9805	9773	4292	4624	4620	3400	3563	3531	4234	4480	4531	3381	3474	3392	3931	3917	3987	3276	3360	3728	4801	5510	4894	3256	3648	3527	4042	4126	4056	5036	5578	5633	2827	2664	2753	2923	2727	2781	3299	2947	3257	2774	2492	2701	2839	2700	2606	2731	2714	2766	2803	2689	2711	2622	2762	2732	2468	2855	2669	2794	2731	2783
5:19:18	3437	3421	3521	3379	3254	3613	3831	3653	3650	3401	3569	3517	3253	3409	3269	4071	4352	4373	3245	3475	3354	4675	5381	5225	3316	3461	3526	4235	4791	4809	7193	8619	8403	8922	10425	10234	4447	4771	4636	3476	3557	3432	4252	4846	4811	3352	3281	3527	3985	4055	4209	3442	3433	3590	5026	5601	4981	3431	3766	3471	4241	4282	4320	4971	5703	5857	2656	2818	2981	2697	2693	2822	3251	3004	3277	2530	2638	2682	2664	2787	2613	2772	2826	2814	2699	2679	2832	2679	2805	2735	2407	2882	2692	2622	2743	2719
5:29:18	3306	3719	3584	3526	3482	3679	3422	3565	3652	3487	3765	3637	3313	3254	3274	3941	4389	4469	3503	3454	3379	4803	5578	5319	3371	3289	3378	4757	4902	4787	7516	9014	8990	9479	10701	10811	4587	4867	4868	3446	3453	3376	4448	5003	4734	3409	3486	3504	3903	4279	4412	3475	3471	3802	5284	5952	5179	3609	3758	3507	4222	4318	4235	5311	6003	6094	2780	2784	2811	2855	2691	2628	3330	3105	3378	2881	2456	2608	2762	2833	2594	2751	2790	2722	2694	2621	2874	2708	2563	2708	2323	2807	2747	2792	2767	2785
5:39:18	3296	3713	3434	3333	3560	3665	3832	3557	3536	3621	3690	3757	3207	3352	3220	4133	4460	4429	3429	3707	3434	5011	5523	5690	3296	3383	3474	4548	5133	5098	8136	9408	9454	10324	11804	11943	4658	5379	5077	3513	3553	3530	4722	5024	4930	3418	3374	3336	4276	4297	4654	3379	3575	3617	5604	6104	5475	3570	3873	3930	4201	4621	4337	5487	6058	6457	2619	2745	2841	2678	2730	2641	3336	3236	3277	2701	2473	2643	2777	2816	2536	2814	2727	2798	2812	2616	2803	2706	2977	2840	2334	2711	2744	2815	2669	2729
5:49:18	3379	3770	3540	3479	3462	3809	3607	3753	3633	3586	3807	3662	3253	3587	3393	4344	4520	4495	3407	3768	3568	5318	5803	5665	3333	3473	3480	4803	5379	5027	8695	10004	9759	11243	13052	12783	4853	5482	5190	3442	3581	3415	4903	5542	4962	3445	3491	3378	4472	4656	4671	3475	3668	3762	5840	6437	5697	3694	3967	3816	4547	4639	4356	5586	6350	6890	2630	2712	2862	2654	2643	2637	3385	3101	3321	2736	2536	2663	2856	2680	2591	2605	2554	2737	2774	2652	2780	2699	2763	2756	2391	2678	2743	2704	2739	2681
5:59:18	3350	3652	3545	3513	3510	3855	3506	3691	3678	3660	3688	3802	3341	3410	3435	4348	4513	4628	3486	3422	3629	5416	6161	5842	3536	3567	3596	5223	5274	5186	8842	10343	11526	11733	14112	13619	5034	5748	5480	3525	3521	3709	4947	5512	5236	3516	3529	3684	4426	4488	4793	3488	3714	3811	6104	6810	6209	3607	3897	3814	4428	5033	4522	5776	6519	7329	2872	2750	2774	2748	2793	2704	3441	3242	3501	2716	2558	2627	2836	2779	2671	2813	2728	2738	2887	2798	2818	2669	2693	2836	2390	2825	2733	2976	2592	2675
6:09:18	3383	3851	3520	3522	3598	3930	3706	3626	3698	3737	3826	3889	3417	3631	3371	4439	4830	4741	3436	3798	3497	5602	6173	6132	3440	3597	3542	5163	5548	5225	9379	11089	11473	13365	14900	14739	5242	5851	5514	3502	3454	3525	4902	5550	5544	3540	3640	3346	4787	4584	5135	3548	3671	3732	6573	6964	6246	3979	4012	3811	4619	4923	4557	5953	6888	7500	2773	2715	2765	2768	2772	2653	3312	3197	3472	2729	2507	2665	2790	2874	2614	2695	2788	2757	2765	2746	2673	2671	2700	2684	2363	2748	2787	2660	2724	2693
6:19:18	3408	3604	3506	3423	3656	3978	3669	3760	3848	3826	3890	3896	3447	3602	3409	4689	4774	4873	3445	3587	3619	5891	6731	6397	3600	3522	3659	5359	5590	5268	9845	11529	11888	14068	16330	16309	5499	6293	6010	3602	3657	3905	5084	5476	5558	3437	3581	3569	4953	5054	5320	3516	3699	3787	6741	7525	6677	3871	4216	4056	4640	5015	4918	6264	7494	8194	2604	2757	2716	2755	2694	2693	3500	3139	3422	2756	2531	2496	2739	2810	2697	2704	2841	2704	2653	2803	2655	2651	2923	2726	2388	2676	2719	2754	2728	2803
6:29:18	3570	3949	3647	3453	3629	3949	3738	3806	3770	3754	3868	3985	3401	3717	3540	4700	4785	4758	3574	3885	3636	5756	7283	6612	3461	3449	3574	5519	5581	5450	10733	12962	13577	14894	18189	17835	5441	6357	6364	3552	3659	3678	5245	5778	5534	3726	3514	3570	4978	5045	5330	3764	3790	3919	6643	8240	6863	3885	4140	4143	4787	5060	4937	6515	8094	8329	2679	2703	2664	2768	2676	2637	3372	3243	3392	2517	2490	2705	2831	2841	2600	2738	2802	2746	2720	2715	2692	2590	2788	2723	2385	2762	2741	2643	2630	2699
6:39:18	3663	3811	3493	3649	3709	3920	3928	3826	3902	3905	4002	4158	3415	3650	3442	4654	4992	5017	3663	3805	3595	6042	7189	6876	3647	3734	3676	5651	5878	5745	10775	12650	13641	15581	18776	18552	5503	6478	6343	3450	3847	3693	5419	5902	5640	3541	3631	3616	4973	5323	5500	3602	3915	4072	6918	8524	7202	4166	4468	4212	4808	5420	5207	6604	8012	8628	2812	2682	2670	2750	2572	2682	3492	3245	3509	2792	2577	2635	2938	2761	2588	2661	2689	2784	2791	2647	2762	2692	2824	2902	2306	2786	2716	2667	2793	2593
6:49:18	3494	3990	3753	3740	3801	4017	3974	3911	3906	3856	4003	4056	3537	3637	3415	5075	5078	4912	3718	3944	3683	6249	7227	6920	3589	3645	3651	5829	5893	5447	12341	13880	14666	17274	21198	20072	5578	6438	6722	3757	3831	3906	5651	5850	5671	3443	3697	3568	5256	5381	5621	3875	4036	4086	6959	8695	7426	4182	4611	4383	4904	5591	5477	7078	8253	8737	2765	2696	2752	2848	2799	2764	3292	3347	3296	2671	2439	2585	2675	2642	2647	2760	2695	2808	2796	2623	2830	2718	2894	2756	2553	2840	2749	2702	2805	2774
6:59:18	3634	3962	3724	3637	3876	4285	4050	3967	3970	4005	3944	4007	3586	3777	3483	5091	5131	5088	3664	3889	3826	6259	7295	7136	3561	3700	3761	5808	6155	5636	12638	14162	14214	18471	21162	20508	5854	6711	6722	3641	3795	3949	5403	5929	5688	3467	3651	3706	5362	5561	5663	3980	4069	3989	6896	8858	7357	4415	4660	4517	5161	5544	5290	7312	8454	8836	2657	2781	2785	2741	2768	2607	3533	3542	3454	2725	2601	2537	2714	2716	2557	2761	2717	2719	2746	2632	2765	2773	2747	2880	2438	2935	2772	2767	2669	2755
7:09:18	3657	4045	3961	3748	3857	4187	4084	3985	3958	4007	4366	4239	3442	3822	3603	5108	5214	5348	3768	3993	3810	6273	7470	7340	3654	3775	3748	5867	6014	5883	14552	16111	16210	20230	25259	22027	6051	6829	6856	3907	3926	4132	5546	5834	5731	3788	3741	3760	5430	5481	5818	3989	4173	4240	7046	9287	7644	4397	4810	4623	5170	5748	5645	7689	8760	8884	2806	2848	2582	2685	2656	2733	3627	3583	3337	2629	2562	2752	2762	2699	2641	2773	2673	2832	2661	2655	2838	2637	2731	2823	2315	2714	2748	2692	2717	2766
7:19:18	3753	4059	3993	3931	3983	4199	4115	4296	4249	3979	4113	4241	3612	3912	3595	5289	5255	5198	3718	4115	3992	6752	7687	7311	3784	3702	3930	5918	6313	5788	15216	15764	16694	22097	25761	24788	5984	7132	7191	3797	3921	4052	5843	6327	5863	3739	3741	3727	5530	5494	6027	3935	4186	4337	7236	9419	7652	4623	4969	4750	5254	6134	5791	7682	8783	9489	2639	2721	2670	2724	2788	2665	3692	3666	3698	2731	2516	2555	2695	2767	2750	2639	2782	2748	2841	2666	2748	2701	2855	2681	2507	2626	2675	2717	2831	2741
7:29:18	3732	4195	3992	3819	4014	4396	4283	4083	4331	4066	4199	4225	3693	3897	3744	5569	5504	5323	4016	4192	3869	6873	7191	7079	3691	3797	3911	6147	6576	5702	15030	16455	17356	23674	28381	26251	6166	7166	6577	3917	4024	4130	5834	6092	5834	3604	3920	3915	5559	5826	5775	4014	4188	4173	7232	9355	7524	4675	4928	4792	5262	5959	5585	7805	8846	9236	2566	2716	2711	2813	2704	2639	3547	3476	3629	2727	2525	2671	2664	2795	2627	2690	2583	2663	2737	2641	2753	2781	2789	2660	2394	2858	2797	2700	2599	2785
7:39:18	3788	4258	3953	3831	4062	4345	4146	4170	4340	4072	4247	4213	3693	4049	3774	5476	5257	5365	4024	4260	3864	6993	7591	7528	3914	3968	3912	6452	6542	5868	15365	16840	17508	28703	30846	29413	6346	7502	6817	3848	4053	4192	5730	6112	5778	3895	3972	3861	5776	5676	6124	3897	4334	4293	7477	9446	7974	4880	5043	4827	5347	6284	5833	8059	9120	9511	2715	2710	2702	2680	2666	2745	3727	3635	3644	2708	2450	2636	2753	2709	2594	2833	2870	2753	2804	2686	2726	2654	2748	2758	2476	2808	2721	2756	2793	2805
7:49:18	3808	4352	4085	4081	4102	4342	4265	4253	4204	4037	4176	4350	3724	4177	3728	5575	5347	5176	4024	4228	4177	7219	7960	7226	3670	4196	3962	6453	6408	5790	17320	16862	18256	29839	33191	30926	6411	7682	7253	3939	4055	4296	5807	6168	5884	3768	3870	4015	5967	5906	6103	4187	4243	4401	7263	9771	8061	4810	4935	4942	5465	6206	5922	7947	9189	9315	2699	2891	2762	2792	2635	2704	3656	3569	3817	2771	2536	2537	2761	2773	2521	2685	2704	2713	2677	2654	2643	2710	2692	2717	2375	2811	2829	2708	2591	2719
7:59:18	3870	4343	4015	3978	4068	4428	4303	4403	4385	4384	4385	4410	3899	3916	3824	5452	5382	5525	4203	4332	4156	7070	7940	7481	3824	3962	4111	6353	6631	5839	17932	15557	17707	30683	34711	32993	6345	7708	7358	3944	4260	4304	6171	6284	6081	3922	4050	3993	5895	5881	6333	4096	4330	4338	7452	9851	8097	5077	5177	5036	5366	6079	5836	8662	9163	9483	2751	2631	2831	2663	2693	2545	3825	3808	3809	2645	2512	2651	2811	2730	2631	2639	2686	2651	2784	2707	2707	2557	2788	2815	2385	2874	2696	2692	2840	2704
8:09:18	3996	4412	3986	3977	4158	4466	4478	4295	4258	4120	4314	4346	3800	4130	3717	5695	5490	5352	4064	4461	4124	7193	7756	7793	3902	4025	4270	6560	6596	5870	19196	14393	16535	34317	35510	34574	6496	7952	7803	3957	4234	4429	6104	6310	5949	3929	4175	4109	5917	5796	6205	4254	4457	4496	7393	10041	7978	4986	5275	5058	5544	6247	5813	8626	9667	9898	2696	2753	2770	2873	2615	2776	3858	3815	3794	2646	2539	2624	2837	2705	2621	2817	2759	2798	2698	2749	2713	2664	2730	2642	2498	2825	2747	2764	2704	2705
8:19:18	3897	4363	3969	4054	4168	4492	4387	4294	4290	4333	4379	4451	3918	4214	3910	5646	5651	5499	4076	4498	4310	7378	8117	7892	4060	4290	4178	6537	6352	5975	19107	13382	15883	37136	38257	37264	6577	8264	8025	4116	4156	4354	6024	6413	6049	4021	4062	4013	6062	6015	6379	4247	4478	4448	7401	10331	7857	5037	5389	5121	5597	6102	6056	8895	9334	9984	2885	2686	2722	2718	2803	2716	3899	3858	3954	2826	2552	2713	2670	2705	2580	2644	2708	2662	2804	2612	2771	2581	2872	2827	2369	2770	2719	2511	2737	2731
8:29:18	4056	4549	4010	4051	4126	4695	4519	4451	4210	4186	4374	4505	3902	4258	3998	5797	5205	5438	4328	4531	4219	7246	8177	7864	4141	4159	4196	6602	6352	6142	18489	12800	15549	40843	41934	41425	6380	8181	7492	4240	4261	4254	6083	6334	6264	3960	4053	4067	6166	6126	6445	4384	4340	4448	7411	10580	8555	5141	5269	5251	5550	6433	6189	9051	9650	9970	2721	2750	2711	2721	2690	2656	3993	3892	3977	2750	2517	2614	2790	2784	2525	2774	2761	2671	2744	2783	2798	2605	2720	2809	2297	2887	2715	2828	2669	2596
8:39:18	4036	4391	4210	4225	4104	4655	4432	4402	4427	4317	4321	4484	3911	4340	4013	6018	5735	5548	4244	4568	4164	7559	8817	8067	3990	4249	4358	6729	6514	5900	17523	12393	14334	43020	38948	38798	6543	8342	7665	4252	4207	4260	6343	6422	6121	4122	4148	4082	6287	6414	6497	4387	4384	4559	7283	10573	8688	5365	5393	5215	5673	6465	6263	9124	9723	10335	2604	2779	2685	2744	2610	2694	3929	3819	3958	2597	2466	2553	2701	2739	2590	2783	2739	2631	2671	2684	2832	2702	2670	2750	2371	2742	2714	2658	2773	2723
8:49:18	4062	4628	4195	4515	4178	4676	4652	4387	4370	4247	4518	4592	4144	4228	3872	5765	5681	5448	4363	4500	4199	7479	8219	7971	4088	4213	4390	6718	6812	5987	16791	12420	14114	43652	34096	34917	6781	8396	7859	4192	4299	4403	6211	6491	6179	4125	4149	4268	6037	6418	6483	4336	4467	4584	7559	10344	9163	5378	5420	5533	5808	6582	6234	9211	10245	10099	2745	2838	2844	2741	2756	2854	4139	4067	3954	2604	2474	2691	2961	2800	2587	2695	2811	2770	2791	2743	2598	2720	2699	2717	2337	2908	2823	2722	2685	2752
8:59:18	4242	4700	4204	4175	4460	4622	4700	4640	4470	4358	4251	4450	4072	4497	3969	6076	5454	5596	4297	4578	4290	7541	8616	8125	4233	4397	4338	6597	6582	6080	15450	12010	13512	40459	33376	32661	6797	8856	7956	4222	4249	4439	6281	6405	6220	4133	4287	4125	6133	6308	6418	4568	4651	4445	7658	10370	9547	5452	5487	5516	5759	6431	6360	9485	10123	10556	2734	2768	2690	2670	2622	2610	3907	4008	4117	2744	2533	2577	2813	2838	2700	2760	2730	2805	2724	2708	2630	2773	2736	2696	2342	2856	2754	2754	2728	2798
9:09:18	4061	4586	4193	4421	4399	4663	4587	4494	4659	4405	4544	4705	4255	4252	4043	6155	5733	5533	4251	4578	4309	7650	8592	8085	4349	4498	4353	6663	6528	6137	15389	11751	13350	36349	32283	31776	6857	8777	8054	4250	4351	4406	6268	6433	6246	4179	4089	4207	6391	6179	6757	4391	4543	4463	7496	10423	9338	5369	5714	5577	5797	6481	6345	9977	10073	10220	2689	2857	2779	2751	2655	2750	4150	3907	4325	2777	2477	2548	2902	2810	2553	2798	2817	2685	2766	2740	2838	2698	2748	2659	2320	2831	2740	2766	2673	2718
9:19:18	3993	4410	4307	4196	4224	4554	4574	4564	4422	4485	4391	4496	4189	4363	4018	6201	5625	5563	4508	4507	4155	7901	7950	8290	4271	4358	4380	6745	6573	5979	14527	11876	12544	33456	29831	29660	6627	8899	8035	4334	4333	4530	6234	6298	6111	4233	4236	4174	6029	6424	6551	4633	4653	4443	7564	10372	9135	5446	5472	5408	5732	6588	6300	9670	10194	10318	2695	2742	2758	2750	2614	2703	4085	4006	4121	2694	2426	2709	2688	2801	2456	2731	2647	2682	2682	2686	2790	2599	2520	2766	2428	2767	2831	2800	2716	2764
9:29:18	4061	4586	4277	4287	4213	4655	4658	4494	4611	4284	4515	4624	4301	4458	4039	5753	5841	5608	4558	4317	4371	7818	8263	8040	4233	4477	4435	6965	6566	6089	13600	11712	12399	32834	29257	29192	6852	8743	7884	4333	4383	4430	5963	6303	6126	4239	4185	4222	6307	6148	6447	4564	4631	4584	7537	10620	8824	5353	5562	5552	5766	6449	6616	9746	9991	10228	2709	2759	2754	2699	2697	2782	4084	4021	4221	2639	2512	2664	2733	2721	2624	2742	2637	2840	2764	2594	2713	2603	2817	2716	2406	2840	2829	2747	2768	2658
9:39:18	4210	4700	4389	4425	4465	4679	4533	4568	4534	4552	4539	4498	4243	4422	4075	6085	5554	5653	4361	4551	4482	7662	8390	8271	4215	4550	4409	6922	6420	5847	12882	11729	12578	31655	29780	29508	6900	8874	7915	4231	4296	4504	6135	6335	6239	4298	4296	4326	6257	6474	6557	4517	4599	4633	7724	10720	9156	5297	5778	5611	5761	6541	6495	9926	10317	10300	2779	2729	2662	2645	2693	2747	4148	4139	4216	2646	2584	2636	2740	2738	2631	2769	2624	2782	2811	2719	2668	2715	2652	2718	2261	2835	2738	2650	2640	2619
9:49:18	4276	4704	4384	4396	4426	4761	4799	4586	4513	4403	4624	4728	4265	4491	4168	6224	5646	5667	4446	4553	4345	7847	8410	8376	4276	4555	4412	6754	6255	6068	11887	11530	12335	30625	29689	28227	6881	8673	7711	4298	4365	4412	6205	6091	6138	4369	4398	4380	6207	6206	6224	4436	4704	4664	7749	10685	9129	5588	5635	5449	5687	6277	6231	10016	10188	10133	2756	2820	2850	2689	2656	2700	4129	3958	4261	2758	2491	2675	2886	2729	2573	2804	2763	2643	2736	2749	2728	2610	2623	2802	2298	2735	2739	2673	2650	2728
9:59:18	4181	4739	4194	4358	4460	4762	4676	4609	4531	4483	4462	4655	4326	4307	4137	6179	5650	5596	4362	4435	4363	8056	7780	8178	4149	4678	4645	6584	6350	5938	11436	11329	12263	29745	28659	26564	6883	8590	8049	4483	4404	4587	6171	6071	5769	4541	4414	4249	6216	6332	6274	4657	4602	4756	7692	10235	9053	5558	5614	5540	5960	6260	6203	10208	10031	10095	2656	2675	2729	2715	2608	2734	4127	4198	4190	2804	2478	2759	2677	2725	2703	2615	2728	2778	2829	2673	2720	2671	2734	2772	2360	2834	2676	2556	2685	2696
10:09:18	4328	4811	4323	4432	4165	4637	4619	4531	4609	4472	4502	4543	4492	4699	4054	6021	5473	5382	4399	4617	4551	7933	7906	8187	4386	4637	4581	6504	6137	5831	11498	11310	12461	30015	28223	27160	6891	8603	7661	4276	4447	4308	6121	6064	5836	4221	4310	4477	6137	6133	6272	4631	4702	4793	7618	10613	9230	5645	5769	5663	5770	6313	6382	9858	9906	10420	2836	2753	2629	2832	2752	2722	4294	4177	4416	2605	2585	2567	2668	2776	2598	2920	2752	2611	2735	2775	2726	2660	2736	2805	2247	2879	2615	2899	2787	2725
10:19:18	4306	4743	4259	4294	4331	4798	4751	4374	4568	4580	4516	4599	4295	4584	4172	6057	5565	5432	4472	4754	4375	8008	7915	8114	4392	4487	4590	6315	6093	5876	11384	11322	11932	29455	27603	27136	6812	8804	7994	4362	4676	4539	6047	5791	5622	4399	4311	4364	6093	6092	5995	4644	4531	4704	7619	10203	8878	5762	5883	5608	5853	6053	6428	9796	9945	10010	2804	2595	2796	2887	2659	2726	4059	4220	4238	2638	2610	2566	2782	2634	2713	2706	2712	2686	2723	2568	2636	2602	2768	2863	2345	2748	2796	2710	2790	2804
10:29:18	4228	4597	4331	4261	4449	4592	4587	4557	4452	4499	4398	4633	4211	4626	4219	6229	5450	5499	4594	4542	4334	8029	7911	7842	4515	4402	4532	6346	6078	5770	11331	11447	11795	28877	26515	26249	7054	8511	7855	4480	4329	4464	5977	5684	5708	4247	4340	4374	5757	5991	5798	4649	4686	4723	7363	9952	8657	5528	5751	5609	5666	6159	6379	9840	9472	9620	2700	2846	2791	2825	2729	2697	4436	4130	4194	2748	2502	2551	2679	2724	2544	2661	2790	2704	2821	2669	2629	2739	2801	2847	2507	2814	2550	2700	2727	2754
10:39:18	4295	4723	4378	4313	4441	4503	4825	4549	4363	4569	4510	4666	4479	4579	4277	6010	5498	5348	4437	4697	4342	7918	7792	7734	4481	4466	4508	6238	5893	5793	11494	11230	12404	29542	28429	28072	7062	8161	7653	4285	4394	4399	5948	5763	5605	4268	4355	4500	5990	6213	6190	4712	4762	4619	7353	10190	8862	5674	5587	5660	5631	6037	6216	10075	9587	9479	2571	2773	2740	2949	2639	2688	4233	4178	4138	2632	2434	2747	2767	2780	2644	2777	2767	2692	2711	2776	2805	2546	2903	2619	2441	2706	2709	2736	2752	2711
10:49:18	4281	4550	4340	4402	4527	4558	4746	4384	4493	4563	4356	4540	4597	4519	4332	5836	5493	5233	4501	4541	4354	7962	7516	7657	4452	4588	4524	5974	5829	5672	11176	11219	12191	29316	27425	26706	6804	8180	7502	4426	4425	4348	5902	5679	5783	4387	4252	4437	6025	5996	5828	4734	4512	4581	7170	9816	8992	5690	5828	5671	5819	5948	6103	9885	9249	9322	2694	2660	2726	2870	2757	2738	4201	4062	4234	2668	2470	2436	2721	2726	2520	2810	2668	2684	2747	2699	2687	2454	2753	2769	2323	2673	2726	2668	2768	2746
10:59:18	4386	4749	4191	4248	4541	4658	4697	4426	4524	4574	4605	4507	4298	4684	4252	5875	5465	5192	4474	4466	4387	7971	7608	7324	4421	4411	4585	6059	5611	5627	11263	11871	12226	28951	25455	25694	6888	7954	6981	4355	4292	4271	5640	5575	5647	4312	4241	4282	5643	5772	5789	4795	4569	4456	7097	9280	8869	5649	5652	5493	5562	5979	5881	9964	8864	8887	2640	2715	2785	2683	2741	2626	4087	4149	4197	2735	2497	2647	2825	2879	2621	2707	2608	2658	2754	2624	2746	2683	2788	2769	2383	2611	2638	2545	2630	2623
11:09:18	4295	4572	4338	4468	4455	4541	4741	4470	4567	4533	4311	4522	4536	4646	4206	5817	5364	5278	4524	4465	4526	7864	7627	7437	4321	4327	4405	6079	5722	5883	11408	11805	12152	29579	28122	29194	6632	7983	7194	4414	4242	4488	5803	5551	5484	4208	4251	4250	5525	5618	5627	4528	4636	4676	7064	9344	8966	5680	5659	5689	5516	5601	6091	9764	8855	9040	2682	2853	2728	2743	2708	2727	4237	4051	4155	2632	2421	2636	2663	2682	2653	2698	2694	2679	2669	2699	2790	2774	2601	2657	2357	2720	2802	2793	2705	2605
11:19:18	4222	4598	4144	4401	4563	4470	4720	4410	4469	4307	4590	4518	4523	4595	4269	5566	5374	5392	4531	4450	4597	7872	7462	7465	4366	4589	4310	5732	5590	5718	11540	11823	11944	29279	27058	26111	6437	7588	6991	4389	4175	4390	5728	5450	5579	4140	4299	4270	5583	5525	5788	4655	4521	4405	6727	8756	8576	5729	5831	5610	5523	5706	5983	9403	8665	8598	2785	2730	2745	2846	2792	2683	4249	4015	4245	2734	2301	2580	2758	2713	2586	2853	2743	2786	2712	2594	2827	2664	2795	2729	2286	2807	2668	2697	2719	2683
11:29:18	4331	4530	4202	4339	4667	4573	4673	4449	4465	4404	4449	4437	4443	4507	4338	5685	5442	5142	4525	4630	4361	7448	7156	7189	4441	4244	4507	5795	5909	5783	11462	11572	11415	28149	26034	24868	6589	7382	7004	4310	4260	4515	5613	5521	5520	4345	4343	4360	5377	5583	5606	4524	4417	4524	6686	8976	8308	5600	5622	5237	5339	5762	5782	8799	8401	8651	2734	2676	2725	2795	2630	2752	4253	3883	4140	2591	2493	2490	2752	2850	2554	2697	2657	2825	2654	2757	2728	2695	2709	2908	2352	2665	2559	2685	2716	2926
11:39:18	4287	4500	4151	4287	4423	4565	4783	4419	4668	4419	4415	4557	4531	4530	4362	5646	5293	5153	4540	4590	4427	7348	7302	7294	4493	4324	4417	5722	5790	5680	11534	11665	12531	29159	27812	27786	6420	7219	6845	4300	4234	4330	5491	5511	5504	4271	4335	4318	5452	5557	5682	4382	4584	4388	6719	9069	7837	5610	5684	5383	5436	5441	5873	9091	8617	8653	2594	2643	2747	2727	2690	2521	4131	3859	4205	2730	2496	2580	2698	2728	2587	2774	2660	2713	2720	2718	2745	2578	2834	2830	2360	2780	2682	2704	2709	2735
11:49:18	4293	4522	4271	4241	4448	4608	4663	4551	4334	4405	4308	4425	4427	4425	4294	5725	5516	5199	4729	4600	4302	7333	6930	7129	4357	4252	4377	5734	5607	5692	11394	11713	11349	28366	26346	25361	6366	7042	6631	4393	4324	4480	5531	5379	5682	4212	4323	4360	5331	5425	5561	4456	4439	4428	6665	8481	7686	5580	5528	5251	5490	5665	5593	8780	8331	8510	2698	2699	2737	2715	2808	2615	4156	4141	4121	2747	2494	2587	2714	2761	2568	2696	2754	2731	2705	2684	2679	2664	2750	2756	2441	2728	2682	2759	2803	2668
11:59:18	4276	4609	4242	4267	4473	4547	4789	4638	4578	4448	4524	4390	4416	4482	4166	5456	5444	5252	4654	4633	4289	7271	6993	6939	4395	4191	4563	5725	5461	5648	11501	11305	11651	28247	27181	25131	6405	7234	6718	4250	4209	4342	5307	5378	5593	4201	4462	4308	5078	5466	5629	4484	4371	4455	6602	8268	7358	5455	5498	5270	5355	5421	5832	8608	8102	8385	2793	2573	2687	2723	2841	2752	4128	3910	4168	2590	2516	2680	2739	2787	2567	2829	2811	2793	2664	2740	2840	2716	2779	2700	2390	2825	2737	2641	2680	2668
12:09:18	4199	4626	4216	4530	4509	4605	4823	4689	4686	4494	4305	4453	4579	4332	4280	5371	5296	5151	4762	4569	4343	7187	6549	6584	4431	4233	4304	5622	5489	5416	11533	11696	11678	28243	25401	25047	6269	6894	6213	4331	4234	4430	5574	5316	5588	4110	4387	4481	5177	5373	5515	4262	4309	4368	6510	8191	7519	5407	5581	5330	5242	5332	5485	8034	7909	8017	2708	2704	2697	2799	2703	2707	4216	3998	4205	2634	2443	2504	2760	2773	2594	2696	2697	2787	2776	2736	2625	2642	2679	2715	2336	2735	2613	2727	2748	2710
12:19:18	4426	4510	4183	4444	4576	4608	4729	4502	4550	4412	4397	4677	4608	4441	4153	5608	5240	5062	4518	4473	4393	6693	6713	6834	4340	4462	4182	5550	5708	5726	11319	11499	12465	29446	29163	27916	6125	6787	6445	4168	4061	4560	5532	5448	5665	4174	4249	4441	5199	5244	5513	4336	4478	4341	6363	8128	7304	5596	5404	5185	5365	5336	5514	8210	7440	8145	2757	2836	2631	2781	2756	2682	4061	4032	4158	2674	2470	2666	2608	2689	2579	2748	2838	2676	2768	2555	2791	2609	2858	2712	2311	2774	2811	2755	2668	2783
12:29:18	4636	4371	4306	4377	4279	4672	4597	4578	4603	4476	4376	4559	4518	4657	4191	5521	5390	5199	4546	4563	4251	6913	6650	6720	4195	4278	4325	5629	5519	5787	11471	11803	11745	28978	25255	25359	6311	6835	6543	4293	4180	4377	5446	5302	5672	4361	4313	4337	5266	5182	5335	4305	4319	4285	6570	7936	7018	5347	5495	5318	5151	5307	5415	7729	7718	7754	2682	2694	2723	2700	2739	2684	4041	3965	4209	2747	2444	2596	2758	2787	2589	2712	2752	2547	2759	2653	2837	2581	2729	2784	2361	2719	2796	2784	2644	2760
12:39:18	4533	4605	4423	4469	4407	4504	4659	4638	4633	4453	4229	4329	4518	4462	4221	5574	5409	5040	4598	4704	4416	7042	6433	6405	4143	4217	4147	5409	5478	5536	11418	11657	11330	28167	26228	25333	6018	6568	6030	4095	4110	4335	5555	5426	5627	4269	4272	4365	5209	5145	5305	4234	4522	4311	6648	7776	7103	5579	5445	5229	5248	5512	5231	7863	7701	7613	2714	2645	2793	2760	2609	2707	4097	3958	4013	2549	2521	2510	2778	2896	2537	2738	2749	2789	2798	2745	2691	2688	2765	2662	2322	2815	2821	2646	2677	2696
12:49:18	4428	4569	4436	4401	4273	4670	4816	4462	4666	4441	4477	4507	4493	4321	4229	5487	5189	5268	4446	4485	4306	6871	6532	6402	4250	4446	4284	5367	5413	5757	11328	11461	11535	27783	25465	25732	6099	6532	6413	4178	4098	4383	5339	5304	5445	4147	4249	4428	5134	5142	5192	4538	4412	4452	6403	7909	6920	5472	5428	5257	5123	5327	5408	7860	7425	7615	2696	2764	2762	2649	2711	2647	4169	3992	3977	2738	2601	2549	2744	2781	2598	2687	2845	2686	2656	2586	2755	2623	2850	2770	2425	2741	2804	2746	2703	2717
12:59:18	4501	4488	4190	4346	4590	4541	4676	4685	4639	4426	4389	4669	4460	4478	4184	5344	5417	5215	4522	4613	4094	6578	6407	6277	4300	4088	4257	5435	5312	5688	11422	11737	12400	29589	28392	27136	5982	6537	6240	4236	4166	4319	5344	5526	5518	4299	4258	4206	5257	5088	5341	4365	4422	4409	6383	7677	6986	5439	5585	5160	5287	5377	5384	7595	7362	7410	2588	2754	2742	2719	2719	2633	3938	4016	4083	2588	2462	2536	2685	2753	2689	2647	2731	2722	2768	2610	2670	2610	2721	2673	2336	2667	2640	2651	2674	2743
13:09:18	4351	4690	4219	4635	4576	4646	4826	4695	4819	4393	4520	4526	4564	4380	3941	5301	5519	5071	4522	4717	4373	6502	6264	6245	4257	4370	4308	5337	5521	5629	11432	11563	11443	28017	25995	26313	5970	6414	6300	4327	4286	4332	5347	5309	5455	4028	4377	4487	5112	5282	5261	4440	4334	4461	6391	7644	7069	5561	5532	5118	5354	5156	5192	7274	7644	7384	2696	2637	2681	2829	2587	2568	4161	3953	4119	2684	2334	2726	2774	2663	2464	2691	2750	2768	2693	2531	2687	2663	2898	2715	2379	2659	2780	2712	2678	2764
13:19:18	4514	4600	4290	4408	4392	4582	4898	4485	4582	4455	4478	4487	4360	4338	4393	5316	5288	5057	4673	4609	4442	6708	6364	6211	4317	4188	4376	5169	5370	5614	11383	11478	11625	28419	26029	26270	6013	6290	6052	4157	4134	4310	5327	5457	5796	4250	4215	4220	5048	5128	5281	4290	4354	4233	6382	7422	6719	5575	5521	5234	5102	5356	5215	7330	7178	7159	2729	2643	2753	2872	2716	2826	4215	3952	4110	2786	2520	2621	2837	2803	2579	2717	2690	2681	2786	2641	2875	2536	2693	2646	2277	2774	2633	2759	2737	2781
13:29:18	4555	4413	4444	4271	4421	4657	4751	4710	4598	4508	4663	4439	4453	4299	4268	5225	5139	4874	4737	4529	4471	6481	6310	6177	4496	4207	4329	5259	5425	5486	11276	11564	11466	25769	26473	26673	5856	6250	6212	4400	4126	4483	5330	5727	5490	4272	4320	4385	5093	5085	5131	4266	4208	4400	6251	7032	7047	5423	5348	5189	5181	5343	5347	7308	7193	7016	2701	2701	2698	2746	2800	2758	4210	3959	4218	2721	2487	2592	2719	2719	2669	2767	2824	2828	2718	2514	2816	2620	2858	2658	2433	2693	2843	2709	2674	2589
13:39:18	4362	4465	4151	4467	4399	4603	4798	4552	4485	4554	4463	4542	4318	4477	4305	5113	5391	5085	4536	4664	4332	6551	6335	6139	4321	4287	4153	5331	5378	5921	11400	11605	12414	29354	28667	27359	5992	6090	6159	4029	4040	4381	5389	5225	5594	4199	4051	4352	5036	5094	5367	4413	4571	4535	6394	7426	6955	5564	5611	5148	5239	5295	5331	7320	7244	7316	2550	2580	2740	2716	2608	2707	4084	4030	4318	2698	2504	2660	2761	2749	2694	2669	2872	2710	2762	2589	2761	2646	2546	2646	2230	2678	2678	2677	2742	2729
13:49:18	4487	4549	4413	4364	4482	4606	4728	4607	4571	4511	4412	4541	4364	4592	4329	5204	5384	5071	4434	4540	4177	6480	6402	6287	4361	4307	4333	5303	5331	5856	11364	11752	12638	29880	27384	26360	5964	6065	6178	4207	4333	4588	5381	5434	5581	4283	4323	4413	4932	5105	5314	4271	4249	4259	6298	7506	6930	5541	5520	5047	5206	5245	5260	7141	7373	7466	2721	2674	2741	2731	2692	2679	4154	3992	4193	2808	2431	2737	2644	2838	2544	2755	2685	2605	2798	2574	2738	2705	2790	2787	2315	2767	2692	2859	2629	2673
13:59:18	4509	4432	4225	4377	4518	4643	4945	4509	4600	4646	4665	4725	4524	4435	4317	5303	5272	5250	4724	4694	4300	6387	6146	6309	4406	4285	4102	5398	5377	5775	11364	11614	11514	29515	26762	27035	5971	5930	6164	4534	4369	4381	5374	5074	5651	4418	4319	4377	5098	5138	5158	4365	4357	4516	6382	7216	6953	5619	5627	5305	5229	5444	5207	7127	7303	7204	2702	2815	2761	2741	2639	2649	4209	4011	4136	2664	2377	2541	2742	2581	2694	2730	2613	2731	2750	2576	2615	2602	2799	2795	2367	2767	2717	2626	2763	2656
14:09:18	4512	4398	4402	4373	4393	4769	4766	4644	4668	4526	4569	4631	4258	4464	4211	5157	5479	5029	4726	4448	4285	6181	5936	6096	4276	4122	4199	5243	5457	5733	11511	11565	11999	29287	28138	26387	5911	6078	6069	4422	4157	4448	5461	5423	5585	4377	4430	4353	5101	5106	5338	4362	4457	4412	6422	7301	6847	5530	5470	5277	5263	5416	5230	6902	7346	7329	2714	2717	2794	2789	2785	2558	4198	4123	4193	2720	2431	2567	2776	2659	2453	2741	2732	2621	2700	2588	2668	2483	2844	2615	2252	2733	2687	2737	2770	2610
14:19:18	4525	4476	4490	4294	4453	4636	4696	4556	4793	4481	4553	4459	4514	4586	4350	5442	5599	5143	4533	4675	4374	6234	6242	6368	4263	4346	4378	5451	5427	5871	11662	11800	11676	27496	26070	26451	5780	6060	5782	4176	4246	4408	5220	5313	5460	4192	4487	4285	5144	5258	5309	4492	4315	4406	6312	7563	6898	5528	5532	5415	5277	5335	5304	7219	7102	7255	2640	2606	2745	2669	2663	2610	4419	3956	4356	2837	2483	2636	2735	2645	2524	2655	2668	2683	2721	2610	2714	2553	2674	2738	2383	2741	2767	2535	2643	2648
14:29:18	4657	4600	4392	4425	4429	4615	4579	4637	4573	4446	4472	4470	4229	4296	4275	5174	5332	5166	4598	4464	4467	6094	6359	6218	4405	4326	4260	5306	5349	5765	11325	11677	11436	26636	26032	26097	5827	5872	6018	4505	4362	4430	5236	5480	5644	4375	4550	4427	5218	5087	5208	4472	4218	4479	6364	6845	6883	5464	5352	4959	5187	5239	5359	6810	7081	7118	2630	2578	2746	2884	2713	2645	4318	3874	4146	2743	2458	2599	2645	2680	2587	2700	2620	2688	2823	2649	2835	2705	2738	2830	2301	2817	2605	2673	2765	2780
14:39:18	4203	4528	4471	4362	4465	4703	4860	4656	4594	4614	4524	4560	4523	4625	4224	5287	5229	5147	4452	4680	4479	6026	6262	6200	4394	4403	4192	5258	5592	5894	11109	11606	12058	26647	26394	26116	5735	6145	5973	4286	4420	4389	5261	5356	5724	4336	4236	4311	5176	5326	5255	4507	4342	4141	6068	7061	6992	5395	5434	5227	5285	5244	5465	6922	7210	7430	2631	2707	2741	2610	2642	2636	4335	4026	4259	2731	2446	2623	2614	2812	2664	2616	2837	2685	2720	2676	2687	2579	2835	2736	2453	2758	2678	2762	2659	2772
14:49:18	4343	4509	4494	4359	4492	4743	4727	4811	4657	4491	4583	4634	4350	4416	4303	5231	5488	5128	4371	4610	4415	6062	6124	6040	4320	4147	4100	5228	5356	5849	11298	11435	11287	26473	25807	26087	5893	6011	5966	4447	4416	4516	5429	5204	5454	4197	4383	4314	5010	5117	5260	4436	4368	4279	6303	6996	6958	5617	5655	5201	5225	5437	5284	6760	7162	7255	2676	2696	2684	2783	2648	2754	4272	3967	4169	2678	2611	2623	2760	2876	2567	2719	2726	2511	2666	2556	2756	2658	2790	2684	2187	2674	2684	2772	2593	2655
14:59:18	4468	4641	4470	4494	4578	4743	4847	4581	4716	4540	4455	4323	4349	4550	4405	5253	5241	5298	4538	4543	4592	6396	6109	6233	4337	4218	4256	5184	5371	5586	11186	11249	11675	26941	25751	26215	5816	5768	5689	4388	4442	4396	5142	5486	5516	4350	4295	4413	5110	5026	5257	4474	4464	4396	6335	7251	6804	5506	5635	5104	5390	5166	5096	6749	6948	7229	2664	2749	2801	2750	2627	2636	4361	3918	4328	2716	2404	2622	2686	2720	2602	2673	2623	2633	2697	2666	2712	2577	2782	2626	2213	2696	2713	2784	2570	2695
15:09:18	4395	4485	4458	4452	4340	4536	4690	4450	4760	4539	4637	4456	4336	4385	4346	5276	5375	5332	4670	4567	4542	6347	6399	6171	4127	4276	4258	5225	5333	5600	11278	11300	11422	26055	25843	26006	5817	6107	6052	4256	4205	4356	5511	5362	5533	4290	4419	4348	5161	5160	5175	4438	4592	4403	6248	7106	7011	5493	5727	5224	5404	5223	5224	6614	6763	7104	2759	2834	2777	2681	2837	2723	4295	3987	4368	2647	2382	2600	2780	2666	2567	2650	2817	2741	2540	2595	2798	2641	2599	2762	2287	2824	2641	2677	2616	2683
15:19:18	4622	4533	4388	4303	4465	4650	4671	4747	4544	4422	4519	4531	4312	4397	4497	5324	5296	4944	4440	4484	4662	6325	6026	6321	4409	4272	4304	5349	5600	5801	11288	11567	11257	25676	26189	26183	5830	5989	5905	4462	4473	4459	5125	5333	5569	4336	4435	4328	4941	5328	5228	4538	4558	4308	6449	6974	6840	5516	5684	5131	5337	5351	5128	6527	6907	6694	2718	2772	2705	2617	2837	2701	4206	3902	4139	2686	2417	2541	2777	2766	2485	2655	2860	2682	2791	2568	2796	2664	2814	2601	2407	2622	2679	2798	2732	2769
15:29:18	4510	4388	4422	4300	4478	4623	4918	4744	4818	4390	4726	4701	4445	4236	4265	5110	5243	5079	4610	4672	4489	5998	6342	6062	4463	4414	4330	5326	5450	5779	11263	11603	11389	25592	26111	25699	5641	5914	5813	4485	4641	4564	5148	5479	5652	4404	4317	4260	5100	5246	5167	4389	4592	4500	6276	6972	6768	5603	5520	5155	5160	5315	5248	6866	6881	6791	2707	2633	2780	2715	2637	2551	4320	4059	4340	2562	2483	2646	2694	2694	2626	2650	2797	2651	2698	2616	2660	2653	2619	2807	2341	2656	2592	2630	2727	2685
15:39:18	4416	4656	4449	4474	4703	4733	4745	4593	4834	4523	4392	4597	4400	4500	4461	5241	5451	5134	4659	4537	4455	6233	6163	6321	4390	4369	4447	5239	5320	5690	11018	11705	11468	26151	25686	25711	5746	5885	5805	4486	4307	4501	5333	5424	5681	4240	4403	4607	5249	5142	5112	4457	4489	4455	6339	6967	7045	5576	5507	5133	5305	5457	5425	6969	6777	6736	2512	2712	2893	2707	2694	2627	4495	4100	4333	2642	2443	2658	2751	2655	2590	2689	2831	2644	2669	2611	2874	2655	2640	2694	2299	2894	2624	2639	2584	2895
15:49:18	4419	4527	4543	4474	4463	4755	4662	4618	4646	4462	4567	4706	4344	4528	4601	5441	5442	5108	4639	4622	4516	6271	6049	6216	4413	4383	4566	5303	5567	5683	11566	11726	11137	26526	25979	25467	5843	5845	5828	4428	4383	4368	5348	5354	5744	4431	4406	4252	5089	5048	5340	4315	4456	4268	6124	7186	6870	5476	5676	5381	5447	5364	5354	6863	6769	6978	2794	2521	2764	2659	2580	2670	4270	3886	4288	2632	2499	2520	2758	2674	2689	2637	2841	2573	2611	2683	2733	2583	2773	2736	2434	2757	2630	2626	2785	2632
15:59:18	4403	4546	4588	4422	4418	4695	4812	4506	4655	4589	4572	4631	4332	4492	4458	5395	5503	5083	4530	4438	4419	6148	6311	6189	4337	4410	4576	5445	5597	5527	11466	11610	11088	25960	25284	25429	5927	6036	5975	4430	4427	4461	5376	5499	5831	4320	4442	4410	5150	5332	5260	4483	4529	4514	6424	7236	7064	5652	5560	5346	5392	5371	5355	6786	6702	6771	2751	2595	2751	2883	2790	2619	4245	3924	4319	2678	2554	2610	2690	2685	2526	2616	2701	2721	2569	2626	2742	2639	2723	2720	2391	2791	2666	2636	2666	2645
16:09:18	4451	4632	4562	4399	4521	4637	4670	4748	4662	4518	4532	4561	4298	4474	4285	5299	5434	5238	4653	4571	4551	6079	6075	6276	4298	4457	4435	5491	5411	5780	11249	11605	11093	25605	25766	25341	5792	6093	5813	4227	4290	4567	5219	5297	5632	4408	4524	4304	5330	5321	5295	4445	4457	4532	6627	7109	6824	5582	5401	5269	5425	5330	5187	6619	6801	7044	2643	2769	2689	2650	2716	2726	4234	4155	4241	2648	2428	2631	2757	2685	2551	2684	2698	2708	2729	2608	2801	2483	2674	2695	2414	2674	2695	2595	2646	2548
16:19:18	4337	4563	4612	4198	4498	4651	4705	4745	4568	4439	4463	4613	4383	4403	4299	5228	5389	5198	4368	4662	4555	6214	6141	6053	4410	4494	4362	5373	5440	5793	11055	11241	11319	25360	25543	25297	5717	5876	5941	4467	4419	4403	5341	5552	5723	4289	4486	4579	5307	5335	4992	4520	4536	4513	6276	7147	7053	5489	5693	5132	5450	5524	5299	6786	6722	7087	2704	2659	2626	2710	2657	2738	4294	4010	4241	2701	2453	2559	2812	2674	2729	2820	2715	2654	2663	2709	2714	2568	2707	2608	2401	2738	2555	2673	2705	2685
16:29:18	4550	4552	4646	4428	4503	4636	4767	4761	4704	4286	4573	4523	4315	4422	4440	5178	5348	5145	4490	4576	4416	6321	6236	6288	4410	4473	4358	5473	5364	5910	11115	11819	11659	25389	25196	25506	5695	6011	5926	4459	4298	4512	5193	5360	5803	4450	4527	4380	5156	5215	5166	4471	4467	4514	6384	7184	7133	5712	5677	5408	5402	5418	5287	6853	6687	6890	2769	2607	2621	2754	2747	2716	4367	4311	4277	2750	2422	2616	2660	2627	2641	2767	2822	2696	2744	2591	2681	2632	2627	2571	2337	2681	2701	2636	2705	2740
16:39:18	4622	4413	4569	4332	4514	4620	4658	4633	4615	4500	4667	4652	4531	4412	4252	5266	5304	5207	4664	4568	4441	6082	6452	6277	4391	4618	4276	5456	5344	5977	11462	11932	11321	25421	25047	25551	5814	6007	5912	4309	4672	4479	5338	5685	5710	4430	4410	4405	5172	5158	5139	4366	4499	4390	6365	7408	7099	5597	5731	5364	5566	5398	5289	6689	6788	7107	2688	2641	2780	2618	2842	2586	4487	3960	4250	2732	2465	2602	2756	2789	2580	2673	2759	2596	2762	2704	2833	2510	2712	2648	2318	2752	2611	2797	2729	2701
16:49:18	4545	4514	4713	4438	4449	4604	4774	4770	4717	4474	4575	4391	4446	4463	4338	5167	5423	5225	4645	4736	4513	6202	6165	6343	4259	4456	4385	5323	5448	5690	11133	11476	11569	25878	25278	25598	5859	5908	5886	4302	4392	4552	5208	5545	5771	4512	4413	4573	5031	5151	5222	4456	4449	4366	6258	7004	7244	5664	5700	5290	5359	5332	5457	6707	6922	6983	2669	2646	2660	2691	2619	2478	4285	3984	4453	2711	2586	2582	2620	2734	2546	2725	2705	2709	2663	2610	2798	2612	2701	2641	2352	2758	2644	2713	2585	2728
16:59:18	4469	4635	4638	4512	4583	4654	4842	4772	4750	4473	4562	4749	4262	4521	4423	5264	5246	4996	4689	4663	4464	6232	6278	6385	4430	4556	4457	5420	5513	5754	11180	11620	11282	25201	25558	25187	5948	5912	5986	4329	4327	4442	5371	5309	5976	4533	4355	4306	5325	5171	5272	4366	4404	4412	6428	7192	6994	5528	5851	5224	5442	5364	5406	6671	6841	7144	2617	2645	2689	2669	2597	2631	4478	4078	4151	2646	2592	2621	2756	2780	2439	2581	2660	2754	2734	2649	2665	2585	2733	2632	2287	2724	2729	2707	2707	2754
17:09:18	4424	4601	4390	4541	4425	4661	4837	4806	4676	4456	4671	4571	4435	4523	4442	5122	5445	5198	4623	4633	4728	6101	6398	6226	4375	4611	4659	5614	5552	5812	11228	11260	11089	25394	24983	24890	5824	5877	5824	4403	4596	4546	5185	5394	5880	4493	4432	4379	5204	5190	5269	4521	4461	4450	6522	7325	7117	5685	5733	5673	5338	5429	5299	6759	7009	7060	2725	2697	2721	2637	2681	2587	4357	3954	4281	2607	2452	2584	2783	2748	2560	2614	2725	2707	2545	2657	2654	2704	2601	2766	2379	2832	2533	2655	2806	2612
17:19:18	4453	4585	4572	4534	4453	4520	4783	4774	4564	4481	4611	4575	4487	4655	4294	5366	5300	5074	4697	4743	4388	6282	6135	6278	4276	4584	4417	5300	5466	6000	11094	11217	11186	25433	25260	25244	5785	6069	5942	4373	4387	4426	5375	5482	5778	4386	4369	4414	5144	5350	5228	4489	4394	4631	6596	7212	7097	5535	5790	5437	5463	5346	5371	6647	7121	6916	2745	2724	2670	2813	2541	2536	4221	3955	4235	2675	2497	2573	2583	2683	2537	2620	2696	2621	2596	2617	2712	2511	2651	2764	2347	2681	2760	2642	2720	2673
17:29:18	4507	4634	4350	4540	4453	4638	4917	4593	4731	4580	4654	4691	4344	4477	4443	5117	5412	5228	4733	4865	4612	6360	6213	6347	4392	4664	4538	5445	5519	5901	11462	11547	10965	25083	24844	24918	5836	6087	5854	4238	4561	4412	5325	5566	5630	4577	4480	4270	5327	5191	5251	4452	4717	4653	6720	7139	7160	5634	5803	5298	5331	5416	5227	6902	6977	7152	2574	2756	2611	2829	2676	2708	4200	3955	4366	2804	2385	2494	2717	2831	2489	2796	2736	2688	2652	2711	2702	2532	2743	2770	2372	2639	2889	2645	2617	2630
17:39:18	4693	4562	4642	4399	4507	4702	4861	4734	4915	4523	4661	4595	4204	4397	4393	5359	5513	5040	4659	4691	4485	6144	6329	6175	4656	4427	4453	5313	5498	5942	11204	11456	10978	25023	25958	25218	5734	6125	5847	4319	4462	4480	5209	5497	5865	4436	4433	4327	5272	5378	5333	4509	4623	4498	6629	7364	7258	5784	5736	5448	5364	5416	5440	6889	7122	6850	2740	2650	2763	2745	2701	2658	4275	4029	4291	2612	2541	2509	2789	2798	2615	2595	2769	2549	2808	2691	2786	2541	2720	2700	2352	2701	2765	2812	2695	2725
17:49:18	4364	4702	4637	4457	4553	4832	4796	4823	4723	4669	4469	4439	4337	4482	4465	5289	5484	5362	4711	4800	4689	6191	6308	6211	4559	4534	4583	5253	5548	5677	11173	11516	11253	24433	25045	24846	5880	6023	6021	4489	4482	4406	5260	5435	5718	4663	4500	4609	5147	5203	5423	4579	4531	4608	6627	7227	7092	5708	5843	5482	5364	5451	5359	6899	7058	7128	2719	2708	2794	2688	2678	2628	4465	4046	4477	2639	2390	2663	2727	2789	2572	2772	2758	2750	2707	2641	2704	2481	2616	2747	2268	2712	2678	2593	2652	2727
17:59:18	4524	4719	4544	4406	4481	4567	4789	4778	4747	4575	4598	4581	4358	4418	4372	5444	5496	5093	4780	4829	4523	6090	6258	6109	4502	4533	4420	5437	5521	5828	10880	11099	11108	24742	25179	24890	5878	6065	5965	4419	4388	4275	5529	5344	5855	4454	4583	4515	5274	5345	5379	4529	4657	4576	6497	7437	7073	5876	5736	5326	5360	5333	5319	6713	7117	7162	2733	2749	2869	2660	2613	2676	4309	3982	4353	2698	2437	2424	2816	2777	2591	2603	2673	2539	2659	2656	2614	2517	2637	2844	2484	2717	2677	2621	2641	2683
18:09:18	4583	4631	4583	4458	4731	4580	4629	4663	4783	4708	4613	4492	4385	4494	4347	5355	5451	5095	4842	4832	4552	6483	6217	6239	4615	4407	4585	5434	5489	5801	11283	11008	11118	24959	25901	25350	5997	6166	5665	4590	4584	4496	5221	5320	5823	4472	4539	4375	5306	5172	5307	4444	4573	4514	6645	7425	7430	5677	5761	5145	5456	5459	5515	6865	7118	7222	2683	2745	2742	2770	2650	2677	4169	4086	4336	2680	2445	2648	2743	2633	2685	2620	2601	2659	2733	2680	2817	2608	2659	2731	2313	2775	2594	2774	2538	2615
18:19:18	4580	4504	4669	4438	4588	4788	4742	4745	4727	4566	4655	4531	4509	4532	4433	5551	5436	5214	4560	4879	4739	6062	6278	6157	4306	4352	4550	5441	5601	5887	11115	11491	11603	25016	24902	25671	5784	6143	5981	4399	4539	4456	5452	5602	5716	4365	4515	4408	5348	5293	5198	4491	4499	4474	6614	7399	7314	5685	5766	5316	5493	5667	5231	6889	7216	7168	2537	2689	2641	2654	2875	2619	4350	4058	4433	2799	2481	2433	2676	2706	2668	2611	2861	2766	2705	2701	2582	2619	2727	2694	2369	2694	2775	2615	2721	2708
18:29:18	4531	4767	4485	4518	4560	4571	4735	4795	4890	4518	4537	4505	4391	4529	4489	5423	5302	5253	4710	4824	4793	6365	6366	6042	4560	4445	4576	5409	5599	6012	10954	11400	11290	24648	25150	24710	5796	6128	6086	4490	4376	4549	5426	5336	5788	4516	4492	4358	5047	5403	5205	4518	4586	4680	6743	7447	7107	5808	5799	5531	5377	5345	5476	6903	7269	7312	2719	2721	2724	2847	2712	2629	4271	4049	4489	2702	2438	2610	2697	2720	2509	2744	2751	2657	2637	2575	2837	2667	2762	2727	2248	2837	2732	2590	2613	2587
18:39:18	4626	4623	4571	4522	4442	4613	4876	4718	4580	4656	4537	4701	4413	4544	4384	5392	5607	5383	4783	4685	4443	6059	6316	6351	4376	4680	4679	5416	5516	5916	11147	11574	11063	24393	25358	24902	5763	5966	5965	4268	4265	4529	5496	5391	5677	4442	4409	4316	5133	5279	5365	4463	4511	4481	6490	7433	7093	5790	5980	5466	5401	5360	5235	6528	6945	7073	2617	2536	2722	2817	2590	2568	4215	3853	4331	2570	2560	2663	2597	2597	2482	2691	2733	2637	2709	2596	2710	2584	2725	2686	2271	2820	2537	2620	2778	2703
18:49:18	4419	4705	4556	4381	4465	4784	4893	4944	4593	4664	4701	4617	4449	4370	4672	5325	5446	5221	4650	4656	4538	6261	6196	6157	4481	4675	4425	5616	5554	5913	11178	11439	11158	25267	25327	25322	5965	6203	5944	4389	4555	4503	5379	5387	5984	4485	4520	4461	5272	5272	5459	4529	4636	4612	6631	7187	7293	5886	5861	5306	5395	5519	5417	7042	6991	7334	2641	2686	2714	2664	2678	2566	4334	4034	4307	2712	2467	2446	2727	2823	2630	2673	2756	2795	2667	2518	2533	2577	2522	2756	2280	2597	2751	2701	2835	2791
18:59:18	4562	4621	4694	4547	4524	4785	4701	4858	4726	4644	4553	4760	4277	4620	4498	5336	5397	5118	4676	4909	4517	6398	6313	6202	4488	4550	4510	5595	5584	6101	11065	11505	11103	25162	25098	25575	5832	6080	6013	4428	4515	4688	5459	5471	5799	4428	4517	4473	5200	5330	5401	4722	4619	4572	6562	7414	7459	5767	5920	5463	5620	5634	5517	6881	7335	7495	2642	2778	2746	2665	2682	2609	4232	4058	4596	2648	2409	2409	2723	2827	2704	2787	2769	2838	2710	2652	2728	2489	2815	2727	2352	2596	2691	2705	2635	2740
19:09:18	4478	4797	4684	4537	4515	4926	4758	4655	4653	4576	4778	4511	4446	4413	4310	5420	5439	4992	4702	4747	4670	6116	6379	6205	4446	4517	4571	5498	5478	5882	10880	11019	11167	24854	25069	24858	5919	6068	6104	4354	4447	4576	5604	5648	5831	4520	4436	4545	5374	5295	5463	4511	4605	4556	6468	7152	7236	5811	6037	5554	5448	5361	5564	7117	6913	7107	2786	2586	2590	2711	2787	2696	4401	4010	4448	2791	2504	2484	2738	2726	2544	2684	2685	2673	2718	2585	2601	2595	2697	2855	2230	2672	2630	2746	2612	2754
19:19:18	4595	4614	4934	4363	4421	4759	4723	4675	4731	4685	4708	4450	4472	4556	4632	5313	5539	5090	4756	4992	4529	6203	6325	6272	4450	4450	4441	5422	5471	5938	11011	11517	11085	24352	25422	24739	5909	6152	5940	4433	4493	4568	5479	5633	5674	4508	4519	4445	4953	5300	5302	4529	4580	4502	6672	7091	7128	5863	5891	5600	5401	5298	5586	6966	7285	7139	2664	2850	2767	2713	2607	2564	4351	3906	4254	2700	2293	2509	2663	2732	2578	2575	2895	2744	2733	2635	2678	2689	2761	2675	2226	2649	2626	2690	2714	2690
19:29:18	4623	4475	4661	4547	4601	4865	4671	4837	4634	4548	4680	4520	4495	4633	4438	5367	5441	5181	4679	4921	4786	6201	6465	6351	4369	4505	4296	5395	5827	6081	10945	11223	10868	24080	24645	25039	6025	6093	5901	4323	4417	4453	5377	5363	5862	4450	4427	4542	5072	5343	5425	4527	4631	4587	6597	7468	7255	5915	5966	5523	5434	5320	5338	6819	7119	7219	2665	2807	2755	2676	2723	2748	4281	4002	4264	2584	2411	2645	2490	2657	2535	2636	2758	2729	2779	2572	2653	2762	2690	2799	2305	2704	2507	2795	2796	2617
19:39:18	4516	4602	4503	4507	4503	4737	4854	4579	4745	4859	4787	4461	4436	4536	4537	5321	5307	5094	4575	4888	4616	6327	6169	6244	4444	4484	4497	5429	5406	5992	11244	10960	10872	24431	24921	24654	6148	6081	6030	4407	4607	4678	5571	5661	5956	4435	4422	4446	5373	5374	5346	4440	4602	4555	6786	7302	7423	5703	6053	5706	5592	5465	5538	7021	6790	7262	2722	2756	2653	2554	2621	2558	4384	4106	4321	2699	2378	2540	2596	2652	2555	2666	2797	2617	2599	2692	2721	2560	2797	2689	2396	2729	2562	2725	2705	2789
19:49:18	4488	4586	4543	4528	4592	4886	4690	4731	4725	4812	4739	4786	4441	4506	4478	5386	5430	5114	4803	4811	4671	6217	6342	6149	4414	4489	4539	5537	5560	6057	11073	11511	11034	24396	25183	24321	6061	6253	6030	4474	4559	4633	5450	5480	5816	4581	4532	4535	5421	5342	5312	4588	4661	4697	6753	7387	7189	6052	6104	5549	5575	5528	5382	6836	7150	7175	2695	2682	2703	2604	2682	2592	4532	4122	4418	2690	2437	2678	2686	2712	2590	2653	2791	2691	2683	2717	2689	2687	2644	2610	2294	2676	2622	2608	2705	2549
19:59:18	4542	4444	4450	4501	4603	4612	4883	4857	4620	4596	4523	4501	4387	4528	4407	5521	5339	5078	4681	4994	4696	6076	6358	6313	4592	4638	4497	5358	5599	6091	11066	11378	10960	24406	24934	24968	6098	6169	6093	4511	4508	4581	5586	5368	5798	4590	4569	4443	5302	5406	5408	4479	4520	4718	6434	7338	7183	6068	6105	5417	5477	5487	5601	7015	7156	7203	2870	2696	2758	2737	2620	2616	4321	3944	4341	2688	2386	2541	2636	2723	2571	2599	2883	2619	2668	2620	2659	2633	2631	2702	2274	2745	2661	2590	2650	2777
20:09:18	4518	4640	4761	4565	4499	4717	4541	4782	4703	4501	4736	4537	4478	4433	4446	5410	5313	5034	4874	4716	4804	6362	6307	6087	4442	4638	4585	5749	5521	6024	11027	10998	10728	24688	25354	24659	6065	5949	6080	4533	4552	4551	5381	5554	5664	4429	4453	4552	5058	5347	5476	4587	4579	4720	6626	7340	6945	5949	6001	5492	5587	5332	5485	6989	7380	7209	2666	2759	2697	2783	2568	2649	4311	4076	4227	2526	2438	2505	2716	2623	2537	2679	2773	2755	2732	2612	2665	2508	2619	2724	2172	2698	2669	2700	2573	2657
20:19:18	4623	4610	4588	4469	4517	4610	4829	4816	4838	4709	4765	4613	4303	4531	4410	5430	5321	5183	4859	5012	4658	6402	6296	6116	4550	4476	4558	5440	5447	5904	11015	11496	10725	24658	24932	24951	5974	6047	6228	4518	4524	4636	5402	5644	5891	4364	4312	4582	5149	5317	5457	4681	4452	4744	6832	7355	7309	5920	6077	5508	5483	5676	5418	6922	7339	7167	2601	2639	2584	2829	2600	2688	4431	3828	4249	2648	2407	2531	2677	2678	2567	2732	2832	2681	2653	2527	2729	2470	2788	2700	2271	2730	2750	2697	2704	2682
20:29:18	4598	4540	4612	4566	4594	4791	4870	4657	4888	4735	4668	4593	4378	4664	4363	5620	5405	5222	4920	4935	4844	6262	6352	6487	4541	4603	4642	5667	5578	6144	10694	11412	10886	24760	25215	24591	6026	6177	6090	4346	4455	4610	5433	5517	5789	4489	4610	4602	5455	5214	5336	4710	4685	4659	6526	7378	7388	6029	6094	5578	5635	5523	5475	7119	7370	7400	2683	2739	2693	2697	2504	2611	4338	4093	4298	2675	2499	2462	2719	2666	2732	2723	2867	2628	2720	2576	2729	2617	2700	2668	2308	2714	2626	2701	2605	2765
20:39:18	4504	4630	4573	4461	4628	4689	4947	4579	4783	4694	4800	4616	4663	4610	4373	5347	5395	5219	4829	4987	4683	6094	6392	6248	4516	4497	4589	5634	5626	5959	10855	11180	10906	24788	24569	24550	6167	6104	5953	4498	4420	4503	5587	5592	5948	4643	4512	4475	5289	5424	5358	4530	4505	4758	6389	7605	7189	5897	6138	5699	5601	5593	5384	7011	7257	7313	2556	2793	2758	2621	2654	2560	4246	4111	4423	2648	2464	2516	2559	2697	2544	2543	2662	2680	2728	2690	2657	2552	2696	2692	2239	2702	2679	2663	2783	2655
20:49:18	4532	4506	4548	4613	4802	4808	4861	4916	4826	4728	4657	4450	4423	4481	4424	5303	5509	5098	4867	5030	4938	6236	6118	6433	4514	4586	4494	5305	5715	6020	10964	10927	10906	24189	25196	24660	5810	6385	6173	4575	4444	4509	5398	5485	5728	4450	4575	4565	5450	5353	5162	4629	4535	4820	6586	7321	7267	6037	6234	5580	5462	5477	5354	6843	7168	7172	2569	2715	2560	2704	2590	2576	4460	4046	4458	2623	2355	2507	2632	2726	2500	2727	2691	2680	2668	2703	2569	2577	2812	2581	2360	2727	2656	2614	2732	2528
20:59:18	4308	4577	4636	4640	4662	4890	4840	4619	4736	4641	4784	4590	4579	4511	4406	5374	5542	5008	4804	4897	4788	6354	6195	6369	4461	4612	4507	5342	5499	6108	11103	10886	10731	23837	25082	24656	6041	6061	5888	4535	4325	4268	5379	5561	5935	4506	4558	4368	5217	5392	5584	4617	4780	4734	6818	7396	7314	6016	6020	5682	5612	5634	5353	6915	7311	7505	2689	2728	2708	2565	2780	2652	4387	4195	4335	2658	2502	2573	2749	2737	2453	2683	2858	2591	2759	2710	2701	2695	2739	2540	2448	2749	2710	2655	2635	2624
21:09:18	4514	4721	4577	4473	4425	5006	4803	4836	4867	4719	4802	4665	4489	4592	4608	5245	5520	5243	4808	4860	4838	6252	6314	6244	4556	4446	4575	5513	5589	6029	10976	11067	10350	24605	25114	25256	6060	6002	6035	4538	4428	4417	5526	5563	5884	4526	4412	4445	5534	5455	5358	4541	4636	4521	6678	7404	7402	6168	6226	5651	5651	5503	5503	7087	7544	7163	2795	2717	2753	2890	2643	2593	4295	4099	4328	2664	2504	2583	2699	2640	2561	2743	2715	2663	2640	2639	2688	2607	2703	2715	2243	2789	2638	2632	2706	2598
21:19:18	4576	4688	4578	4620	4547	4894	4800	4820	4858	4565	4627	4610	4488	4517	4562	5316	5511	5300	4848	4884	4813	6254	6377	6330	4491	4648	4392	5419	5393	6115	11135	11298	10837	24001	25081	25008	6005	6077	6058	4491	4496	4456	5497	5569	6040	4475	4476	4435	5191	5380	5374	4509	4452	4607	6616	7149	7508	6132	6290	5676	5446	5578	5488	7091	7319	7153	2735	2664	2627	2743	2545	2627	4445	3884	4454	2734	2416	2522	2753	2627	2517	2556	2915	2693	2615	2503	2616	2664	2701	2655	2311	2704	2765	2624	2551	2642
21:29:18	4495	4464	4601	4698	4641	4708	4801	4808	4821	4590	4731	4710	4454	4633	4479	5438	5588	5204	4924	4980	4730	6325	6454	6273	4571	4678	4564	5752	5561	6067	10592	11047	10793	24065	24698	24794	6004	5971	6173	4504	4434	4624	5549	5511	5998	4578	4497	4523	5520	5254	5310	4492	4623	4709	6599	7491	7583	6151	6211	5753	5624	5402	5369	7090	7332	7412	2674	2707	2580	2698	2645	2485	4437	4020	4423	2642	2424	2553	2583	2712	2455	2586	2845	2621	2625	2664	2624	2601	2589	2701	2303	2799	2715	2635	2603	2703
21:39:18	4502	4645	4797	4564	4616	4676	4792	4741	4787	4761	4648	4602	4493	4456	4458	5462	5336	5219	4857	4928	4848	6574	6254	6411	4402	4592	4611	5591	5688	6147	11093	11158	10788	24729	25151	25314	6223	6055	6309	4485	4556	4597	5433	5559	6119	4677	4591	4614	5197	5245	5567	4327	4665	4815	6545	7449	7342	6072	6157	5620	5446	5635	5447	7084	7487	7188	2670	2644	2700	2555	2590	2534	4477	4049	4383	2616	2405	2432	2568	2545	2505	2694	2912	2522	2612	2523	2522	2567	2589	2606	2252	2783	2679	2708	2685	2548
21:49:18	4434	4584	4663	4592	4700	4781	4755	4878	4804	4791	4761	4634	4462	4522	4373	5463	5441	5242	4983	4795	4746	6304	6348	6299	4654	4634	4591	5420	5596	6013	10849	11211	10399	24508	24907	24639	6057	6016	6206	4414	4490	4619	5475	5615	6030	4458	4544	4354	5388	5454	5481	4597	4717	4652	6479	7478	7352	6047	6342	5841	5676	5493	5724	7140	7518	7347	2630	2615	2815	2819	2693	2647	4494	4094	4381	2801	2310	2438	2626	2616	2362	2729	2818	2643	2676	2729	2656	2611	2706	2649	2267	2623	2657	2637	2685	2674
21:59:18	4658	4773	4646	4568	4459	4771	4978	4833	4795	4809	4658	4586	4506	4745	4528	5399	5316	5134	4803	4892	4868	6236	6444	6259	4726	4597	4414	5582	5663	6111	11262	11217	10567	24632	25001	24949	5994	6206	6063	4510	4430	4535	5615	5718	5978	4340	4695	4494	5258	5198	5322	4355	4638	4577	6533	7318	7249	6252	6099	5494	5620	5470	5513	7078	7444	7257	2554	2650	2676	2801	2758	2819	4368	4186	4497	2653	2552	2665	2681	2760	2461	2732	2859	2627	2687	2560	2631	2608	2532	2867	2320	2697	2554	2568	2648	2590
22:09:18	4562	4718	4684	4623	4530	4800	4951	4800	4716	4623	4875	4689	4299	4542	4448	5418	5550	5385	4959	5153	4751	6412	6434	6343	4456	4628	4518	5415	5606	6303	10697	11067	10735	24223	24685	24711	6237	6080	6231	4474	4491	4469	5431	5713	6111	4420	4584	4473	5385	5286	5366	4686	4539	4591	6529	7332	7207	6194	6346	5713	5692	5601	5388	7106	7380	7360	2506	2708	2699	2617	2567	2646	4469	4015	4410	2587	2351	2592	2702	2620	2591	2614	2902	2553	2726	2553	2724	2512	2755	2711	2270	2775	2656	2643	2630	2552
22:19:18	4518	4772	4597	4586	4468	4740	4772	4805	4953	4887	4630	4512	4576	4547	4512	5510	5613	5455	5015	4933	4881	6231	6366	6447	4531	4682	4662	5613	5590	6159	10588	11259	10505	23939	24633	24842	6085	6179	6107	4560	4454	4586	5510	5662	5993	4549	4506	4512	5457	5275	5430	4651	4692	4683	6499	7473	7163	6179	6353	5540	5725	5615	5701	7353	7300	7715	2806	2812	2640	2726	2645	2578	4552	4086	4346	2652	2427	2474	2587	2650	2480	2544	2854	2632	2706	2641	2663	2536	2693	2730	2245	2653	2620	2665	2698	2553
22:29:18	4488	4679	4628	4438	4541	4871	4875	4866	4743	4645	4587	4720	4505	4625	4592	5510	5533	5266	5037	5078	4798	6262	6101	6360	4770	4564	4586	5550	5650	6420	10697	11010	10548	24197	24743	24580	5918	6172	6246	4544	4363	4617	5433	5605	6091	4471	4672	4547	5426	5338	5467	4548	4790	4657	6730	7482	7254	6250	6146	5649	5789	5458	5475	7058	7278	7313	2718	2695	2605	2582	2689	2623	4368	4089	4653	2705	2509	2609	2584	2500	2515	2674	2880	2616	2593	2561	2581	2744	2749	2601	2387	2832	2745	2575	2668	2728
22:39:18	4437	4644	4644	4659	4682	4892	4926	4899	4778	4656	4873	4544	4582	4479	4492	5386	5401	5260	4943	5111	4947	6385	6284	6249	4658	4527	4524	5670	5629	6439	10626	11363	10465	24413	24951	25077	6250	6080	6123	4546	4495	4616	5600	5620	6089	4376	4387	4389	5414	5467	5370	4640	4738	4861	6638	7608	7459	6242	6194	5589	5638	5556	5395	7206	7387	7490	2736	2574	2616	2735	2750	2624	4323	4164	4288	2738	2385	2563	2676	2709	2555	2480	3028	2605	2613	2611	2701	2545	2643	2607	2268	2792	2682	2677	2723	2695
22:49:18	4554	4434	4584	4694	4556	4883	5032	4832	4838	4629	4735	4618	4526	4638	4302	5712	5678	5402	5106	5053	4844	6283	6599	6327	4329	4598	4587	5640	5717	6205	10479	11091	10684	24408	25122	24672	6016	6181	6098	4454	4562	4619	5416	5642	5856	4449	4595	4590	5412	5301	5411	4702	4620	4864	6588	7461	7544	6319	6417	5781	5592	5613	5561	7228	7325	7508	2638	2584	2730	2628	2668	2574	4544	4213	4372	2668	2410	2514	2747	2739	2684	2628	2985	2707	2711	2667	2613	2554	2806	2718	2171	2608	2659	2723	2689	2795
22:59:18	4705	4693	4790	4577	4433	4978	4939	4969	4770	4789	4668	4816	4390	4711	4493	5407	5476	5281	4853	5008	4899	6040	6301	6295	4467	4615	4653	5616	5708	6242	10800	10974	10385	23961	24986	24329	6325	6199	5906	4318	4510	4555	5763	5807	5987	4505	4391	4442	5330	5309	5361	4571	4564	4763	6704	7329	7314	6547	6310	5604	5639	5498	5636	7033	7627	7551	2625	2562	2759	2688	2602	2534	4415	4301	4336	2588	2317	2544	2734	2720	2501	2708	3004	2515	2617	2561	2624	2488	2805	2697	2263	2676	2598	2555	2631	2569
23:09:18	4590	4612	4542	4634	4526	4901	5028	4927	4839	4653	4842	4624	4478	4707	4504	5254	5664	5352	4980	5185	4822	6171	6447	6365	4468	4624	4473	5502	5736	6142	10629	10813	10569	24544	25308	24742	6314	6209	6021	4503	4383	4432	5637	5622	6080	4605	4563	4659	5302	5323	5326	4627	4758	4618	6703	7509	7490	6299	6518	5641	5801	5636	5421	7410	7460	7720	2671	2592	2690	2612	2574	2689	4469	4105	4352	2591	2478	2470	2684	2691	2551	2577	3032	2491	2656	2590	2708	2542	2749	2621	2215	2649	2649	2691	2644	2702
23:19:18	4589	4642	4731	4688	4566	4793	5151	4803	4852	4637	4883	4604	4609	4512	4468	5592	5569	5391	5039	5168	4795	6318	6309	6276	4532	4681	4501	5492	5680	6281	10577	11181	10507	24585	24969	24379	6268	6229	5932	4560	4676	4496	5706	5662	6147	4658	4531	4588	5374	5351	5473	4567	4914	4836	6728	7413	7180	6214	6521	5816	5567	5704	5428	7231	7521	7590	2693	2713	2659	2687	2637	2517	4530	4234	4494	2538	2348	2560	2570	2657	2523	2700	3029	2655	2550	2646	2659	2534	2703	2744	2261	2760	2747	2633	2551	2559
23:29:18	4678	4539	4608	4771	4610	4880	4727	4846	4828	4661	4930	4634	4395	4609	4506	5472	5497	5221	5042	5176	4953	6315	6434	6383	4631	4547	4681	5592	5621	6134	10734	10906	10553	24565	24839	24375	6281	6193	6178	4580	4635	4449	5484	5726	6361	4489	4655	4557	5488	5646	5419	4522	4890	4959	6567	7414	7253	6277	6492	5597	5593	5477	5547	7198	7566	7554	2642	2647	2625	2712	2599	2547	4613	4173	4429	2475	2478	2507	2609	2692	2502	2755	3091	2512	2640	2499	2716	2670	2710	2714	2212	2727	2642	2580	2622	2657
23:39:18	4546	4676	4739	4539	4654	4796	4982	4738	4799	4824	4752	4622	4631	4382	4674	5417	5530	5182	4904	5165	4703	6310	6330	6217	4677	4815	4524	5508	5780	5979	10545	11312	10435	24338	25156	25048	6132	6054	6033	4595	4572	4586	5620	5619	6064	4692	4682	4420	5432	5216	5498	4615	4604	4791	6519	7400	7403	6568	6763	5633	5653	5554	5518	7209	7578	7399	2597	2760	2652	2635	2695	2721	4413	3952	4439	2579	2394	2518	2644	2611	2522	2694	3202	2599	2695	2556	2517	2635	2705	2602	2183	2567	2612	2605	2718	2536
23:49:18	4460	4757	4669	4418	4539	4926	4880	5095	4936	4874	4803	4778	4355	4508	4477	5500	5713	5113	4933	5129	4892	6376	6326	6216	4597	4542	4617	5554	5507	6080	10683	10886	10543	23900	24887	24506	6490	6071	6077	4585	4513	4607	5508	5699	5913	4509	4456	4493	5314	5497	5558	4771	4354	4620	6508	7398	7336	6402	6296	5670	5577	5508	5643	7174	7480	7436	2495	2552	2709	2610	2676	2533	4409	4158	4443	2609	2376	2486	2563	2630	2512	2728	3125	2605	2712	2652	2725	2484	2583	2657	2279	2587	2593	2715	2614	2622
0:00:00																																																																																																
0:00:00																																																																																																
0:00:00																																																																																																
0:00:00																																																																																																
0:00:00																																																																																																
0:00:00																																																																																																
0:00:00																																																																																																
0:00:00																																																																																																
0:00:00																																																																																																
0:00:00																																																																																																
0:00:00																																																																																																

