EGFP:488,507

Kinetic read	A1	A2	A3	A4	A5	A6	A7	A8	A9	A10	A11	A12	B1	B2	B3	B4	B5	B6	B7	B8	B9	B10	B11	B12	C1	C2	C3	C4	C5	C6	C7	C8	C9	C10	C11	C12	D1	D2	D3	D4	D5	D6	D7	D8	D9	D10	D11	D12	E1	E2	E3	E4	E5	E6	E7	E8	E9	E10	E11	E12	F1	F2	F3	F4	F5	F6	F7	F8	F9	F10	F11	F12	G1	G2	G3	G4	G5	G6	G7	G8	G9	G10	G11	G12	H1	H2	H3	H4	H5	H6	H7	H8	H9	H10	H11	H12
0:08:37	175	188	204	178	175	177	197	166	210	192	197	211	158	173	187	174	218	201	184	187	154	176	189	187	167	181	174	181	185	185	186	202	197	202	219	207	164	209	191	145	185	189	187	163	153	187	153	191	164	176	189	155	183	164	167	210	206	196	198	161	179	188	164	165	192	178	174	171	173	171	154	179	177	179	174	155	199	160	188	194	200	187	164	186	170	175	191	170	170	165	155	182	195	170	167	141
0:18:37	183	197	178	175	212	149	180	193	199	211	166	170	168	175	159	174	187	209	172	202	182	186	174	178	128	154	190	184	192	203	225	208	227	193	225	248	186	181	175	195	184	173	185	200	208	173	187	200	175	165	191	188	167	204	156	178	183	159	186	153	192	149	171	189	203	204	169	171	159	152	181	172	146	174	157	163	164	162	194	164	149	168	167	171	149	132	194	159	194	174	147	168	172	156	192	179
0:28:37	176	198	178	185	211	185	177	182	173	193	167	239	150	148	190	198	175	167	189	179	200	238	209	202	207	198	206	175	228	182	205	236	220	205	270	242	199	211	215	176	165	206	145	200	176	178	178	178	167	196	202	172	174	191	180	187	199	191	170	207	174	191	191	198	231	176	189	163	168	181	187	167	212	147	226	154	144	163	172	130	160	151	193	173	186	158	200	165	141	161	156	180	166	176	184	186
0:38:37	167	172	181	175	208	167	167	194	168	194	168	181	188	170	172	170	184	198	188	157	124	223	207	176	188	164	199	184	185	195	207	229	223	248	253	247	189	206	177	171	180	181	194	200	186	180	182	158	202	205	171	213	192	200	164	194	180	165	190	182	190	170	170	209	217	182	167	181	164	178	153	174	175	186	187	160	139	163	171	150	165	168	168	182	191	150	163	202	160	195	139	150	163	188	179	165
0:48:37	175	206	163	181	203	192	195	162	196	165	194	182	207	194	180	188	223	201	204	202	182	188	200	216	197	190	183	183	184	194	209	262	215	254	261	269	185	178	205	162	176	197	203	201	204	158	186	180	196	139	197	193	205	182	185	207	203	163	172	152	190	207	199	205	201	227	171	194	196	191	182	213	168	165	173	189	152	202	177	198	156	166	145	191	170	173	131	148	170	177	161	164	198	168	177	161
0:58:37	150	197	156	191	175	189	213	195	208	220	192	216	187	207	164	160	193	171	166	185	155	210	205	227	184	181	186	173	214	160	253	227	219	263	237	252	201	182	211	183	159	181	170	202	195	210	180	175	204	183	204	167	208	181	153	232	223	234	157	178	195	188	217	226	224	204	189	198	153	178	159	169	177	158	187	163	163	166	223	171	114	160	181	179	195	167	167	156	196	159	145	194	170	191	177	188
1:08:37	161	200	188	196	201	173	196	188	210	205	177	187	167	201	198	185	233	198	197	172	185	180	189	195	176	169	181	200	182	198	244	240	224	271	269	240	194	206	204	184	201	195	215	214	182	219	186	188	169	195	203	173	214	191	175	210	227	178	210	180	176	209	216	217	216	209	190	184	163	157	180	165	191	178	191	165	154	179	176	179	151	141	174	194	177	174	173	179	177	158	163	171	183	153	179	174
1:18:37	174	171	216	181	240	196	181	188	186	182	196	185	193	196	173	206	206	203	160	157	191	219	189	209	201	190	165	177	165	176	242	262	229	277	273	311	170	192	197	176	212	198	217	230	219	192	209	182	172	177	206	188	195	199	167	181	205	176	167	213	222	168	196	246	243	168	166	184	148	201	179	155	172	190	205	135	144	181	171	174	146	167	193	163	164	170	182	165	217	147	159	173	141	184	167	181
1:28:37	159	190	176	168	174	184	195	188	222	171	184	200	179	204	169	213	173	213	196	186	167	215	193	196	200	205	170	213	218	221	244	226	225	243	303	262	199	227	200	219	173	192	231	217	196	202	165	184	221	178	194	200	196	195	201	209	176	143	203	197	199	155	204	203	230	224	166	162	202	164	164	178	168	154	187	139	157	168	196	148	140	174	191	208	161	170	163	173	198	152	191	191	204	169	177	158
1:38:37	164	201	225	166	205	196	183	190	192	193	167	197	162	185	177	177	213	226	199	174	185	187	193	197	178	173	213	199	215	217	252	247	233	276	267	291	161	213	212	196	198	213	198	212	214	193	163	194	199	195	181	204	194	212	175	192	220	174	174	209	197	191	212	221	211	245	186	161	150	190	181	175	185	141	169	190	151	126	145	166	162	139	176	153	201	164	203	181	170	179	145	158	189	177	166	155
1:48:37	178	205	186	180	183	184	162	164	189	173	211	191	203	167	197	185	174	211	165	169	156	221	193	195	192	198	171	229	189	207	243	248	259	291	280	328	173	230	210	192	202	164	207	206	176	191	193	177	192	200	176	188	180	189	156	210	207	180	175	179	197	184	187	253	220	230	217	200	173	147	161	174	157	189	186	173	167	196	150	189	182	159	178	138	182	126	166	122	170	191	156	163	166	180	174	179
1:58:37	187	199	172	213	194	187	193	181	241	198	168	228	217	182	167	209	215	229	191	208	200	221	240	227	200	185	171	209	231	167	262	270	299	307	274	274	205	222	205	171	161	178	218	206	197	208	186	200	156	184	218	195	177	197	191	217	202	172	210	203	212	183	204	207	230	228	169	187	173	184	193	172	182	170	167	156	176	164	149	161	180	191	167	198	180	145	189	162	159	187	130	162	158	162	167	175
2:08:37	175	230	179	186	185	202	164	229	207	179	186	173	179	194	181	212	197	227	170	206	203	203	241	213	183	222	153	208	219	204	232	249	254	322	306	305	191	214	183	209	206	215	199	222	216	181	177	213	204	209	210	188	200	203	164	200	234	210	181	225	214	195	188	214	219	236	190	168	181	175	146	158	199	164	193	164	129	164	205	180	190	184	178	156	155	209	187	172	164	205	166	189	195	173	210	172
2:18:37	152	202	215	186	217	200	193	173	182	192	196	207	189	212	195	182	214	202	220	188	202	231	213	216	235	192	199	190	208	212	243	282	259	271	312	283	189	205	225	196	170	202	230	246	199	176	180	186	160	191	201	201	208	198	213	252	217	178	166	201	226	229	212	201	259	239	177	182	174	178	198	170	211	174	204	166	176	131	164	149	180	195	154	176	156	175	188	168	161	163	162	164	188	196	202	191
2:28:37	204	179	208	202	188	204	208	195	220	207	209	170	191	216	178	199	203	241	190	190	184	220	228	237	199	189	184	212	223	207	247	257	287	303	338	321	221	200	195	198	214	190	190	200	208	207	190	199	195	209	217	193	182	180	202	247	225	221	193	178	220	197	218	211	204	232	125	196	195	153	173	162	207	181	177	139	137	165	143	151	174	175	187	155	189	163	148	184	179	155	148	202	169	180	177	178
2:38:37	197	209	196	204	187	169	159	223	201	204	197	193	196	197	189	180	200	200	185	181	192	236	247	253	186	196	175	227	213	204	238	269	276	307	320	332	206	242	205	182	195	212	198	209	250	186	211	179	202	210	155	198	199	193	210	218	207	177	197	210	188	203	227	233	216	255	197	181	168	173	162	183	223	153	200	159	132	165	158	181	160	143	208	148	202	189	163	143	176	174	135	174	170	160	180	145
2:48:37	206	200	171	185	197	188	222	245	173	202	186	214	153	183	187	201	231	216	196	165	196	187	210	240	179	201	177	213	202	205	280	274	253	323	354	334	207	203	225	200	204	202	203	210	229	223	189	198	178	180	209	244	193	231	152	210	217	184	206	205	225	208	180	205	239	259	158	185	193	171	191	164	188	143	170	163	159	179	193	190	141	205	168	175	180	162	185	177	195	157	149	142	172	197	168	167
2:58:37	203	198	214	194	189	206	185	204	198	216	197	232	210	205	188	205	236	240	185	194	187	201	244	241	188	191	221	201	231	204	285	331	269	351	352	357	209	217	212	209	192	217	221	256	182	203	198	194	185	208	213	205	184	199	196	239	229	160	193	185	225	192	207	249	265	248	207	180	164	166	178	158	169	174	192	186	133	168	178	187	161	158	175	158	191	163	181	157	190	207	122	171	159	170	178	193
3:08:37	178	212	172	188	214	225	199	190	238	222	202	248	170	213	205	209	188	234	189	192	203	255	251	223	181	191	197	203	243	232	246	273	290	345	362	386	235	259	249	207	191	219	236	196	213	214	228	173	213	205	186	188	212	214	235	271	219	191	182	203	202	216	202	253	250	251	206	130	178	175	159	159	169	176	187	164	133	152	180	180	182	193	174	171	166	163	170	190	162	167	134	169	145	175	136	167
3:18:37	225	210	169	184	172	186	177	192	204	158	197	221	212	192	195	185	201	243	192	184	224	251	243	244	208	190	202	186	176	192	266	291	303	357	372	352	229	221	238	215	206	230	234	226	239	174	210	189	205	192	192	198	192	205	204	224	226	192	222	153	223	196	202	234	255	269	222	175	193	202	162	173	222	200	172	163	139	172	181	169	122	157	173	159	193	146	168	130	156	158	185	188	171	190	144	173
3:28:37	192	228	198	183	207	219	196	221	211	177	181	209	216	187	183	199	212	212	202	176	221	228	250	230	195	216	194	190	199	218	285	351	317	375	380	370	230	239	263	197	211	203	223	257	221	178	195	197	187	207	201	166	188	165	204	241	242	180	192	224	212	222	222	262	263	276	167	185	187	171	166	159	198	199	180	147	147	132	175	175	166	171	194	168	151	164	163	169	197	189	158	164	196	207	173	169
3:38:37	179	196	210	215	152	218	203	226	245	216	192	199	199	197	188	229	228	274	194	175	215	221	254	230	209	194	225	228	219	259	282	313	336	373	401	382	222	216	250	173	226	213	232	225	223	216	189	211	153	207	219	215	180	217	229	228	235	204	240	203	233	252	200	252	247	277	185	183	196	163	203	193	192	159	188	188	176	178	181	170	187	173	178	181	171	164	190	167	183	194	166	214	181	165	132	174
3:48:37	186	199	171	210	218	204	201	172	233	205	235	208	202	219	184	169	219	243	207	197	225	242	248	285	196	213	225	243	251	207	303	340	322	367	408	371	225	249	243	174	212	196	217	241	250	201	194	200	203	201	202	171	219	230	232	230	255	216	211	215	238	222	215	245	259	286	152	149	192	159	167	168	192	142	213	139	148	189	184	175	152	161	187	173	168	176	170	125	199	192	141	178	180	142	171	176
3:58:37	180	222	228	214	203	214	186	209	198	221	216	209	212	225	221	213	231	218	204	185	200	252	284	272	251	201	191	227	233	242	311	353	340	414	417	371	241	221	268	206	213	195	241	267	219	206	223	173	206	227	221	170	185	198	215	255	230	185	195	205	238	240	213	235	315	298	185	186	193	155	203	171	179	174	199	168	160	140	176	154	169	183	202	175	189	158	161	157	172	164	133	170	174	187	163	188
4:08:37	158	241	236	197	206	241	210	213	214	239	192	195	175	192	196	241	251	270	142	215	189	253	260	268	210	206	204	246	270	228	295	371	383	382	393	458	235	258	225	201	194	212	258	228	246	197	197	185	225	186	241	204	207	235	216	217	229	204	221	191	212	219	206	210	308	289	200	140	168	179	169	156	191	180	182	159	149	175	178	170	165	169	192	161	182	181	161	154	165	159	127	158	151	185	182	148
4:18:37	213	192	205	189	203	203	191	189	224	213	218	234	196	190	204	228	247	230	193	212	204	257	273	271	224	198	185	237	258	223	331	396	378	401	435	456	220	248	244	209	236	223	242	266	259	221	187	189	190	208	254	208	201	200	209	272	253	191	180	200	236	258	236	272	268	314	191	179	164	172	176	168	200	184	190	196	161	151	202	162	174	188	143	172	187	175	184	172	199	175	159	172	174	219	154	173
4:28:37	212	254	228	226	204	230	227	227	224	228	184	214	175	199	170	236	237	254	150	237	199	276	311	275	189	180	200	246	283	262	341	430	409	423	532	474	239	288	272	181	208	206	263	273	248	198	184	219	196	230	192	217	191	220	232	245	282	180	199	214	248	271	239	269	263	290	206	162	159	146	157	164	183	207	193	187	173	178	132	167	164	190	168	149	157	183	152	154	168	165	156	190	192	165	173	160
4:38:37	210	228	206	188	229	194	229	258	183	207	206	242	214	207	175	238	229	249	221	178	217	274	262	306	204	217	189	200	289	236	369	413	439	462	531	461	239	274	260	219	232	213	228	301	288	208	246	217	244	212	218	215	215	248	237	277	249	177	223	210	223	229	225	300	317	314	143	160	194	174	139	161	215	167	209	171	159	161	205	189	150	172	186	158	211	154	176	156	182	135	149	196	182	148	157	192
4:48:37	190	243	194	228	221	225	210	231	229	208	196	223	188	222	196	243	259	284	180	194	209	262	306	330	221	234	190	237	270	274	393	448	478	435	537	566	285	273	269	226	216	219	280	248	315	209	236	196	221	228	239	225	193	227	302	304	319	197	210	212	265	235	240	275	328	334	178	156	162	151	163	154	211	154	187	198	153	185	213	188	161	164	185	184	145	191	169	163	156	208	173	195	131	164	155	169
4:58:37	237	209	179	218	222	217	232	224	240	225	233	208	183	160	221	269	270	261	212	231	214	262	337	289	217	225	233	247	293	286	414	440	459	442	550	549	247	286	275	205	210	229	241	285	284	199	228	248	217	252	234	217	218	228	262	307	292	211	172	223	254	263	223	295	346	319	182	161	178	177	187	152	189	200	215	171	142	156	179	167	173	147	196	198	159	158	191	156	153	169	149	158	204	167	170	167
5:08:37	207	255	206	205	214	225	229	228	239	257	246	227	217	225	199	248	273	264	187	221	232	312	295	331	209	219	192	276	271	278	411	515	481	531	565	584	255	300	268	184	183	272	273	302	301	192	213	214	268	247	219	230	216	228	307	324	304	205	232	268	238	260	246	324	356	356	180	193	193	159	164	164	180	184	176	168	175	152	141	161	152	155	158	173	172	159	176	191	174	166	143	174	193	206	172	167
5:18:37	230	197	209	224	183	278	233	214	232	229	217	222	211	209	198	290	273	263	200	241	209	326	304	296	178	205	184	279	264	315	451	519	529	530	650	650	229	335	292	221	219	249	280	305	293	198	206	200	205	248	262	198	195	272	300	378	303	257	216	237	248	276	272	346	326	370	180	176	162	184	169	176	238	192	230	176	136	176	202	200	161	190	194	163	151	158	178	170	168	175	176	172	195	193	167	165
5:28:37	219	206	222	230	217	238	260	233	249	226	255	240	232	213	195	280	296	265	223	244	196	307	360	342	234	220	242	304	330	312	498	562	541	607	690	708	315	301	293	217	230	199	303	296	291	205	241	203	304	262	293	186	235	246	339	377	351	235	212	239	254	261	259	325	354	380	177	188	172	172	192	141	236	200	215	187	171	156	171	165	194	233	205	195	176	190	176	181	183	170	156	163	142	153	156	138
5:38:37	248	208	234	240	192	203	237	219	238	237	190	252	243	190	221	287	252	315	227	225	215	312	364	381	187	211	203	321	316	299	490	642	560	644	759	746	301	310	330	205	195	237	316	294	306	196	205	195	267	297	281	236	230	222	316	395	340	222	248	262	280	259	294	331	385	363	123	208	159	190	168	158	207	180	187	168	199	164	180	160	162	184	168	162	154	157	181	161	167	154	159	167	180	191	198	168
5:48:37	224	236	223	219	209	233	244	233	263	200	234	233	196	229	195	271	274	300	254	248	193	315	366	365	220	228	237	314	311	326	536	613	623	671	819	803	295	315	371	219	195	244	309	351	306	216	236	231	276	293	321	200	216	222	365	414	378	240	257	235	292	305	303	358	423	430	155	184	185	161	184	165	240	209	252	144	137	162	148	181	172	179	144	204	184	154	182	154	187	169	167	197	182	175	157	175
5:58:37	238	229	208	224	240	224	240	242	221	211	236	243	207	259	240	283	282	310	225	229	237	358	397	385	183	196	240	330	307	356	539	648	737	760	866	860	312	372	330	238	244	250	290	321	323	206	230	224	280	293	302	207	233	226	370	465	354	239	249	267	273	281	303	380	421	457	162	178	182	184	137	155	225	190	215	171	153	173	173	184	156	151	158	167	142	159	165	154	182	174	138	177	157	164	193	158
6:08:37	212	238	251	240	209	254	253	257	225	235	223	252	220	263	233	279	305	341	190	238	229	380	406	389	220	220	186	321	345	336	635	693	722	816	906	937	326	388	371	238	211	273	283	369	351	223	198	239	300	311	305	243	244	250	386	478	432	261	232	233	291	318	263	357	432	489	157	155	179	180	184	166	213	203	215	162	127	159	180	155	170	149	151	163	170	124	188	188	170	186	178	158	174	142	158	200
6:18:37	264	235	214	251	234	233	222	214	243	214	249	268	232	204	219	313	296	290	208	248	239	360	443	365	218	236	208	320	335	343	612	718	748	886	1042	1021	360	373	376	223	250	251	314	369	325	241	244	238	278	318	316	209	241	249	412	475	392	226	279	256	311	303	286	433	498	514	171	188	161	164	181	173	231	200	227	178	165	195	174	181	177	180	133	187	179	169	175	194	176	168	178	179	185	156	180	191
6:28:37	236	235	229	221	258	250	236	253	278	195	254	252	237	207	167	265	283	335	213	262	250	373	423	416	215	219	211	350	352	332	675	819	828	935	1080	1101	361	363	422	245	235	230	342	349	345	189	215	238	323	307	321	250	245	257	385	504	415	244	274	274	297	315	299	417	496	513	145	155	186	176	211	171	219	203	227	167	161	143	164	198	176	196	174	155	136	126	159	160	168	176	152	179	188	178	178	158
6:38:37	207	249	238	221	246	302	248	242	240	224	232	287	208	252	240	306	307	313	213	245	196	361	446	396	246	215	221	352	374	367	656	800	855	982	1160	1132	380	416	377	203	244	225	316	354	340	224	250	232	301	327	381	232	240	253	433	504	447	238	291	275	302	333	306	448	562	544	171	180	171	153	186	187	217	235	200	137	167	137	150	169	179	166	139	193	192	151	176	158	176	173	160	157	204	194	162	180
6:48:37	239	244	253	228	254	269	237	257	268	219	286	247	242	244	241	319	350	320	207	246	232	389	468	423	194	236	227	336	360	325	760	848	887	1139	1355	1244	356	401	414	224	227	220	334	337	337	219	227	226	296	317	346	199	239	222	451	549	469	280	291	282	351	340	292	452	512	536	176	172	144	188	167	174	220	245	218	160	180	150	135	182	141	173	184	174	191	195	166	172	163	179	123	181	186	174	185	156
6:58:37	239	253	213	260	245	269	282	266	247	259	272	241	233	248	203	313	293	316	239	247	221	404	396	453	177	255	249	365	369	339	771	895	920	1176	1390	1212	365	387	425	248	238	254	374	377	353	214	232	234	325	342	339	220	271	275	412	545	444	291	310	294	316	338	344	472	504	512	148	140	136	184	142	185	214	217	220	150	145	153	187	177	129	188	193	201	185	175	184	156	167	150	154	143	156	178	172	216
7:08:37	247	274	221	245	251	266	300	271	273	249	240	299	220	248	249	330	313	323	217	249	214	413	453	450	223	301	266	369	383	347	853	1013	945	1285	1482	1401	399	399	468	222	251	253	363	393	364	209	228	217	353	364	370	271	234	266	428	572	493	278	271	285	339	335	337	511	514	512	173	181	174	157	170	177	231	217	229	172	158	186	129	171	167	156	180	158	180	182	187	166	187	167	153	185	187	148	190	156
7:18:37	256	248	242	244	270	276	270	228	258	261	254	252	238	244	259	330	323	310	232	268	213	418	422	440	219	271	245	392	408	378	934	976	1014	1352	1532	1539	378	441	462	241	242	251	348	378	334	237	210	226	347	347	358	214	237	275	469	569	454	294	297	300	366	386	341	506	534	552	149	174	205	166	151	169	247	244	233	169	116	161	184	190	147	176	175	167	182	157	171	155	202	165	161	171	166	185	167	196
7:28:37	260	254	265	249	259	285	295	248	265	283	268	295	216	283	236	331	327	360	268	236	247	436	439	446	266	229	228	336	415	352	944	1031	1049	1494	1720	1627	389	460	399	249	250	273	330	349	351	230	210	279	349	348	393	237	249	259	436	590	493	300	316	320	325	385	364	468	527	595	174	173	128	152	168	175	250	244	257	158	154	188	159	158	170	193	182	196	187	149	168	164	162	154	164	186	181	177	184	171
7:38:37	250	270	289	229	279	281	250	279	243	299	280	290	249	238	227	375	362	348	252	270	251	414	473	444	231	263	260	377	394	372	999	1031	1085	1696	1840	1815	401	421	416	274	260	248	351	344	363	236	256	304	377	352	363	272	269	275	458	578	490	309	282	302	338	379	370	502	524	575	181	162	173	187	163	151	224	262	223	164	169	184	178	179	155	202	157	185	208	172	193	168	187	154	169	177	141	153	184	180
7:48:37	230	270	282	265	274	293	281	275	272	249	288	287	248	239	261	348	324	353	248	286	254	456	495	468	268	235	280	385	383	355	1059	1015	1154	1858	1976	1848	374	448	437	248	262	280	380	377	376	237	252	235	363	409	396	277	268	274	432	590	472	293	338	301	332	367	380	502	564	606	180	198	138	153	185	187	241	257	225	185	154	126	181	174	183	160	158	137	180	136	192	171	144	205	149	191	187	184	177	178
7:58:37	262	232	273	228	218	275	294	279	274	278	273	301	240	253	244	350	347	326	248	283	247	440	503	471	239	255	263	400	422	366	1085	947	1062	1900	2095	2038	423	476	465	264	304	258	361	389	354	237	257	250	367	398	397	265	254	275	453	594	539	287	334	329	360	381	345	548	547	591	156	186	183	187	162	193	237	216	216	140	156	138	176	155	144	167	170	205	131	132	134	203	169	148	158	172	194	197	167	174
8:08:37	278	282	263	263	287	236	286	266	285	286	295	266	248	283	249	337	325	343	259	276	263	458	456	482	245	261	226	435	425	388	1118	885	1004	2136	2200	2105	421	523	456	222	274	302	356	391	379	255	248	282	362	360	400	236	245	312	450	600	506	313	304	324	357	381	333	524	600	604	186	141	158	167	219	171	242	253	248	166	172	157	174	181	154	193	183	153	197	137	208	152	144	176	130	168	179	171	200	151
8:18:37	273	303	264	247	290	263	304	272	286	267	294	255	226	289	243	382	343	329	286	246	273	443	471	505	265	274	257	404	408	330	1130	822	979	2243	2310	2285	406	482	477	267	256	270	396	413	395	255	262	298	394	350	379	299	303	256	443	600	567	329	343	313	359	406	373	548	572	589	170	145	185	158	185	169	257	241	231	173	150	157	187	192	152	179	171	193	168	186	179	165	178	172	144	147	177	200	189	161
8:28:37	247	290	259	298	261	318	286	290	267	259	285	267	253	266	201	366	352	360	279	300	236	452	514	491	260	266	253	401	383	377	1111	796	939	2474	2541	2474	384	526	444	272	240	286	392	395	370	277	276	258	349	390	419	280	282	284	450	611	552	320	313	320	367	410	379	542	608	618	143	164	190	195	192	145	271	274	239	189	134	178	182	183	180	178	179	193	188	191	150	163	197	164	127	191	159	156	176	205
8:38:37	227	230	269	266	282	296	303	286	275	300	290	261	256	273	248	375	362	344	268	277	253	471	511	505	266	264	267	407	408	404	1054	810	906	2567	2358	2377	409	503	477	233	269	279	384	399	400	245	245	238	356	353	406	303	302	319	457	653	548	330	310	337	369	418	362	596	580	631	159	177	200	172	171	143	268	243	240	172	180	172	127	175	177	175	156	185	184	160	200	141	178	182	189	183	163	161	157	179
8:48:37	293	273	260	267	280	305	285	277	258	248	287	286	254	262	242	349	328	373	302	280	283	463	503	497	261	252	271	408	405	372	978	794	841	2581	2055	2119	418	507	487	286	268	270	380	409	357	240	263	276	391	375	384	278	291	282	478	612	547	366	374	355	327	384	369	519	548	650	157	152	171	185	189	163	247	256	260	188	142	177	171	201	142	173	171	199	164	196	209	173	190	169	157	191	140	151	170	174
8:58:37	266	269	288	263	293	259	297	286	290	270	279	288	273	263	250	362	328	360	299	266	264	483	520	491	268	275	284	427	427	348	915	754	883	2428	2076	1944	399	543	485	278	288	300	400	418	368	256	286	256	362	402	419	256	301	281	450	652	601	348	326	335	329	389	399	591	622	638	169	159	176	190	165	167	252	240	221	183	160	130	172	175	150	157	179	159	174	162	175	167	179	164	163	175	183	168	161	179
9:08:37	249	276	284	282	294	309	275	293	278	287	303	305	249	278	238	362	365	326	279	310	253	481	539	516	257	247	260	424	393	401	907	738	832	2201	1918	1892	444	520	456	269	274	278	361	363	387	273	239	262	369	372	410	288	285	302	423	636	583	342	350	350	382	382	418	607	607	624	154	169	166	162	171	153	225	243	280	186	115	183	156	199	173	149	185	152	161	190	198	185	183	150	169	171	190	166	160	185
9:18:37	284	258	255	278	266	284	298	263	253	294	301	266	283	309	302	371	362	355	289	258	295	487	543	503	254	301	286	412	425	369	891	736	784	1976	1871	1782	441	514	493	275	271	277	378	379	377	258	263	284	371	382	401	267	303	328	465	664	570	327	356	364	385	407	396	591	612	612	169	187	133	192	197	162	257	260	260	178	177	175	177	158	163	178	177	174	162	169	182	176	154	169	121	172	155	174	158	168
9:28:37	261	288	270	283	300	288	282	268	306	313	298	273	259	287	252	390	360	398	294	319	298	457	486	473	277	275	242	425	413	387	827	775	806	1946	1816	1780	418	527	478	266	261	254	402	384	367	251	248	280	391	395	387	301	280	289	443	638	544	333	366	382	357	403	386	589	615	605	159	161	167	168	162	143	275	258	272	200	182	171	167	153	161	158	178	193	157	168	167	186	182	185	145	147	171	163	149	173
9:38:37	270	316	270	277	281	332	296	264	271	300	281	274	290	304	246	380	364	343	302	292	303	481	540	477	282	278	284	424	395	373	807	724	790	1920	1753	1787	433	492	480	259	291	287	380	402	374	258	248	286	401	394	373	305	284	265	451	627	591	367	361	365	347	404	397	576	609	623	176	188	170	152	183	176	277	257	268	179	144	162	188	159	166	150	173	161	165	177	165	161	170	169	164	153	167	185	161	165
9:48:37	246	282	281	311	271	311	310	301	305	296	288	274	275	264	266	372	356	355	304	285	275	473	509	507	285	261	270	426	380	405	722	714	775	1863	1789	1735	419	477	488	270	274	306	385	380	354	270	259	285	390	378	382	278	280	276	440	652	548	311	385	371	376	411	384	608	621	625	162	133	189	164	157	158	269	241	304	152	143	165	196	217	166	164	156	172	167	151	147	161	164	224	148	177	174	170	171	177
9:58:37	249	300	280	275	282	300	286	268	307	268	292	301	277	280	274	376	350	315	272	313	302	478	498	493	285	255	268	432	391	364	729	722	772	1810	1772	1662	438	519	486	281	287	280	371	381	369	276	295	281	380	384	386	282	311	303	474	652	547	351	367	311	344	379	414	564	615	599	166	170	152	190	155	194	260	265	253	178	175	145	174	159	156	169	191	160	174	172	162	172	174	179	172	173	156	188	163	181
10:08:37	276	285	253	269	262	307	306	323	281	292	301	296	287	265	263	371	374	369	275	273	271	478	508	502	263	286	287	396	367	368	746	733	748	1794	1703	1669	431	550	481	298	302	293	369	366	362	268	277	279	372	394	363	294	293	305	467	629	584	365	371	333	386	389	406	624	632	615	177	176	172	175	164	125	258	268	268	162	145	221	172	207	163	171	197	194	166	145	173	179	192	174	183	182	177	187	189	176
10:18:37	261	276	264	265	291	277	296	297	262	270	277	288	256	294	260	386	330	338	276	316	288	486	486	490	268	302	270	398	392	362	742	708	755	1811	1685	1662	416	508	504	297	298	281	386	356	317	288	277	274	404	391	358	267	273	331	453	626	546	345	417	357	389	365	409	604	631	620	154	135	182	159	166	156	268	253	272	155	169	179	163	142	162	158	184	161	188	151	192	174	179	162	144	195	171	225	167	165
10:28:37	283	315	270	305	291	304	299	281	292	306	285	269	280	263	296	359	390	349	288	309	270	454	524	496	280	311	288	418	353	399	702	733	796	1747	1673	1660	431	496	451	277	271	286	365	352	355	272	275	250	358	376	329	295	274	303	466	594	550	366	374	359	362	384	370	610	567	581	183	144	179	161	195	197	261	279	275	189	156	173	174	178	165	183	188	172	139	159	175	172	163	159	157	151	156	181	173	141
10:38:37	256	309	266	279	301	306	313	281	284	307	281	287	285	300	281	397	333	335	297	331	298	474	488	475	284	280	274	359	366	343	734	703	746	1773	1700	1734	415	515	446	272	229	277	344	369	358	269	270	277	390	383	399	326	269	276	445	634	546	373	377	365	356	390	387	619	578	602	192	180	180	167	177	158	235	269	248	159	169	153	197	176	193	179	179	130	169	182	157	141	195	168	158	161	170	181	178	193
10:48:37	290	309	272	291	287	306	307	284	298	250	285	287	275	286	260	370	322	341	290	255	278	485	492	486	306	286	277	364	354	347	710	747	770	1829	1677	1658	455	436	457	270	249	288	388	350	330	286	271	298	348	371	363	293	291	283	437	583	594	353	389	362	337	369	388	586	576	533	188	181	166	177	171	161	264	280	300	176	157	186	165	173	130	169	173	150	174	193	170	192	173	187	182	159	162	181	133	162
10:58:37	276	296	268	251	277	279	324	294	273	269	281	278	259	277	298	343	342	351	297	312	270	476	489	457	326	285	297	406	359	345	723	752	745	1723	1590	1585	397	478	458	274	259	290	360	348	371	290	256	286	356	378	378	306	302	287	442	586	551	357	355	340	354	353	376	568	541	531	144	179	159	191	183	167	283	274	273	182	183	170	158	177	155	177	165	171	158	170	186	171	208	171	146	176	173	153	179	179
11:08:37	292	302	275	274	297	330	315	273	309	258	272	265	286	312	288	326	344	373	312	293	296	473	454	478	286	234	258	357	349	366	686	696	758	1767	1731	1720	416	469	443	288	263	267	346	338	366	283	281	294	367	364	387	307	280	271	426	587	532	364	356	348	347	358	390	570	518	542	163	195	173	211	173	162	267	279	247	185	155	163	173	154	156	195	152	155	160	167	159	153	192	198	162	168	169	169	188	165
11:18:37	278	320	283	268	277	287	267	264	279	292	289	275	302	270	259	371	342	343	298	310	254	491	485	454	262	253	283	381	360	320	706	719	751	1807	1709	1572	417	464	427	241	270	239	390	352	364	272	284	250	358	378	340	282	299	281	406	537	551	361	370	324	345	362	366	536	531	560	177	172	157	171	188	181	265	251	267	182	164	167	163	158	181	170	163	195	184	159	167	179	144	179	146	156	143	188	166	160
11:28:37	291	301	283	278	289	287	301	280	261	281	267	276	288	297	259	343	338	343	309	299	260	479	456	439	271	262	292	367	349	381	700	740	721	1726	1632	1578	438	441	451	281	291	269	357	334	359	277	270	272	338	355	391	286	287	285	414	540	516	340	361	325	380	338	362	536	525	499	170	170	176	162	176	176	250	261	282	170	150	154	176	151	166	182	155	152	189	141	169	186	134	166	137	165	173	187	175	197
11:38:37	285	273	297	274	281	301	304	303	303	268	266	292	285	281	264	321	329	356	333	263	279	472	440	453	297	263	297	346	341	323	707	718	802	1769	1691	1699	409	415	413	278	271	293	369	330	347	264	279	254	305	367	354	260	283	253	388	536	478	364	369	313	331	345	375	550	506	549	135	181	167	178	160	167	243	252	240	154	145	156	165	189	141	151	158	160	209	163	186	174	179	189	164	140	160	180	171	165
11:48:37	275	297	287	307	285	287	324	296	262	286	296	288	273	296	253	347	347	329	280	307	268	451	433	433	269	266	282	350	342	383	703	713	753	1723	1641	1574	424	421	434	286	242	289	348	346	362	282	279	264	324	293	342	304	276	260	412	529	466	363	338	340	357	353	340	530	459	505	182	161	177	180	156	170	277	250	264	176	163	144	187	150	144	191	187	182	186	163	163	162	179	197	137	173	160	150	183	151
11:58:37	283	301	276	293	291	288	258	297	295	273	274	258	315	294	240	376	334	305	277	287	287	422	397	446	271	258	295	384	353	354	721	706	756	1697	1688	1628	413	438	394	247	269	278	324	336	376	267	251	284	336	323	354	273	270	274	420	536	456	337	354	301	340	376	352	503	502	505	168	185	177	157	181	155	281	268	293	169	147	185	146	189	178	163	143	145	166	181	213	172	173	190	111	175	166	165	170	189
12:08:37	272	236	247	306	269	308	309	305	285	308	262	275	267	284	279	350	346	316	294	272	274	445	382	453	248	264	310	343	352	373	691	722	747	1671	1617	1587	413	418	374	314	283	262	338	331	338	279	305	270	331	355	359	283	278	270	414	479	435	353	342	333	344	342	349	497	493	494	147	196	167	166	191	171	245	247	245	179	177	163	199	177	156	191	186	178	178	194	188	148	181	188	171	154	154	146	168	164
12:18:37	298	297	271	255	307	292	285	282	294	294	258	317	271	249	291	345	359	330	271	275	264	445	395	434	273	271	255	338	352	363	701	716	822	1797	1792	1665	408	465	385	255	253	278	343	350	361	275	260	289	342	348	341	281	286	301	411	494	500	373	329	332	333	332	360	515	483	486	198	168	182	157	176	176	271	224	272	152	183	170	144	156	135	149	185	169	179	155	157	141	192	156	127	169	153	166	185	198
12:28:37	299	276	278	268	300	307	299	288	292	302	267	267	282	281	254	359	311	319	280	254	281	446	397	422	275	261	280	336	357	365	750	727	695	1836	1600	1614	368	421	376	261	262	288	340	322	350	252	252	302	369	334	307	279	272	272	375	466	433	369	344	311	359	374	301	500	433	478	172	182	181	156	208	171	236	230	267	176	157	146	180	188	173	146	149	179	188	190	163	170	177	171	134	159	189	174	160	169
12:38:37	293	311	280	273	288	291	292	304	320	255	281	299	309	275	265	333	378	340	307	303	252	419	407	408	288	269	233	343	316	346	723	712	740	1727	1637	1568	368	428	394	281	280	295	344	357	345	279	253	274	323	311	323	283	254	280	390	481	426	352	368	343	324	333	334	488	447	475	152	184	157	162	155	144	276	270	254	159	175	151	165	153	116	178	171	161	190	162	198	155	143	170	159	174	162	151	190	147
12:48:37	290	313	259	298	295	293	287	325	279	280	288	283	264	259	259	334	332	317	308	288	270	414	395	401	275	282	254	354	345	333	710	727	724	1717	1624	1622	394	395	378	247	296	273	305	339	366	269	280	266	319	366	349	312	306	270	394	472	411	374	342	315	347	341	342	470	465	494	144	131	185	181	156	163	255	252	292	158	162	169	162	144	179	180	176	143	167	168	175	183	190	168	127	154	163	164	170	175
12:58:37	299	302	309	278	277	316	299	292	301	263	298	273	297	263	240	336	347	321	288	294	278	414	412	416	288	274	256	359	351	350	726	729	790	1782	1785	1742	389	392	394	274	259	269	324	337	339	262	269	259	347	341	345	288	293	291	366	457	432	348	374	344	338	375	339	448	488	434	169	174	202	136	154	204	264	273	246	148	146	195	180	195	152	175	138	165	151	145	171	159	186	167	145	185	161	169	176	149
13:08:37	259	263	246	293	283	302	291	291	282	277	310	287	268	276	258	337	333	322	316	331	281	419	412	379	265	276	262	341	344	392	703	696	692	1774	1684	1591	388	384	378	258	278	279	327	343	358	287	265	307	395	340	306	273	293	270	410	470	423	344	342	312	359	308	322	461	465	474	176	184	169	179	159	148	258	273	254	174	145	170	169	158	164	168	166	183	188	191	167	183	176	164	142	174	143	159	165	155
13:18:37	266	257	266	285	279	294	329	298	313	302	300	320	339	294	260	315	347	309	292	313	263	381	428	437	287	273	280	317	341	356	723	716	742	1778	1669	1608	345	400	364	287	285	258	351	358	346	292	267	299	318	285	342	258	284	296	348	471	438	333	337	345	355	334	319	440	441	446	211	137	196	181	155	187	286	279	270	184	172	166	171	193	165	193	169	171	167	178	167	165	161	189	126	159	140	164	189	155
13:28:37	268	306	234	300	288	321	305	310	274	253	294	288	292	275	280	316	345	306	285	286	293	412	422	417	268	288	274	339	286	377	707	735	705	1607	1672	1682	383	396	381	277	267	277	341	314	343	287	266	288	326	334	337	281	293	292	365	451	437	374	366	330	325	381	331	431	420	421	190	153	189	182	177	146	286	212	275	147	183	141	143	196	142	209	181	134	158	126	195	136	182	166	162	164	133	178	191	175
13:38:37	299	308	262	280	296	321	324	280	291	279	289	290	258	268	265	310	340	315	241	286	261	380	391	412	277	290	245	340	315	377	714	729	765	1808	1778	1741	356	408	371	299	264	311	370	316	355	245	260	275	337	304	300	275	259	269	390	455	453	348	354	311	357	336	359	425	434	465	156	180	169	175	180	154	289	272	268	169	154	166	146	144	179	178	164	193	160	172	159	169	173	177	166	176	166	175	185	182
13:48:37	262	307	269	281	267	323	311	314	317	292	268	330	289	294	292	322	362	335	301	247	289	395	390	388	298	271	258	318	327	368	686	719	722	1828	1742	1666	390	360	387	289	250	235	370	340	378	303	253	279	293	343	346	262	283	293	397	466	420	342	363	340	353	316	337	446	438	449	166	159	173	171	152	197	265	261	263	174	159	184	162	191	158	174	175	165	173	196	175	165	199	176	149	198	141	186	161	177
13:58:37	248	279	302	284	314	314	293	297	277	304	321	270	315	243	319	350	315	307	304	299	284	390	387	346	276	257	277	324	357	355	733	688	743	1798	1622	1627	362	397	394	277	304	303	326	289	345	274	291	293	366	332	349	317	313	252	379	467	424	339	346	351	319	336	358	421	456	431	175	182	148	180	175	147	267	283	273	162	137	183	198	165	171	161	172	145	148	169	166	175	152	142	141	192	156	187	165	167
14:08:37	250	286	293	279	273	288	277	287	312	268	282	278	293	286	258	326	345	351	263	274	277	405	410	397	256	261	270	325	365	357	717	730	801	1777	1800	1681	373	404	402	282	239	294	312	344	345	262	268	244	321	356	312	276	281	272	389	467	421	372	349	327	349	306	314	436	458	441	145	170	157	177	155	172	248	274	241	157	151	139	162	177	148	170	164	157	175	167	179	172	179	179	183	170	191	159	163	172
14:18:37	292	280	318	268	309	313	320	299	291	268	263	299	273	261	274	318	317	347	287	280	276	395	343	426	257	288	284	320	317	367	730	719	721	1710	1641	1671	368	384	359	286	231	252	351	359	342	290	278	272	337	317	328	310	266	270	404	443	443	358	349	335	329	329	329	463	426	432	197	188	175	157	166	170	287	232	273	147	175	179	183	150	187	179	148	203	177	189	174	149	189	166	148	177	175	169	181	136
14:28:37	295	293	290	295	284	301	265	312	308	280	273	273	260	298	294	324	360	329	335	271	266	359	407	407	253	265	294	339	346	341	704	754	749	1651	1639	1699	362	364	384	280	256	287	358	324	388	313	249	278	316	325	354	293	291	288	395	474	420	348	347	323	350	368	280	439	448	433	168	181	177	175	157	187	271	256	229	197	154	189	159	108	176	191	175	177	205	166	181	143	182	203	128	166	176	171	185	184
14:38:37	284	308	288	268	296	322	259	296	303	279	278	305	259	287	276	313	323	329	302	301	271	405	426	412	301	285	259	332	346	384	712	750	766	1666	1674	1674	377	369	377	258	278	267	326	340	339	306	296	288	339	322	333	270	287	263	373	447	448	336	334	366	311	313	337	414	460	449	164	165	176	145	162	178	281	256	285	180	153	184	182	184	159	161	167	150	166	181	181	144	198	179	164	169	160	170	144	188
14:48:37	264	294	288	288	290	277	262	299	271	296	291	312	258	270	250	332	349	364	282	278	285	392	396	379	294	278	288	335	336	408	723	732	739	1644	1676	1648	364	377	376	274	302	311	342	329	349	268	274	278	343	346	342	302	300	290	389	433	468	349	383	361	355	325	328	425	407	421	138	184	164	194	187	156	266	233	267	163	133	181	154	179	194	147	186	198	170	175	159	187	193	161	165	165	159	132	192	168
14:58:37	288	263	307	254	296	289	315	282	285	305	265	299	290	267	280	338	335	343	303	300	266	380	407	396	262	276	252	355	331	352	708	709	713	1674	1657	1631	367	369	396	278	279	252	368	374	365	273	263	280	309	318	310	298	272	272	428	440	415	346	334	318	342	332	328	413	443	437	166	159	170	201	165	204	299	250	264	166	185	180	157	190	165	178	144	142	167	175	207	186	179	190	137	156	167	181	188	172
15:08:37	272	307	294	277	263	290	322	303	262	278	263	291	285	282	270	313	337	311	299	302	291	408	414	404	278	279	288	330	352	327	717	725	725	1648	1620	1608	368	376	370	249	288	267	351	355	346	282	245	287	315	322	318	285	296	275	400	426	418	358	356	333	345	337	326	419	442	448	178	182	160	188	190	172	285	238	257	165	168	125	172	166	161	172	177	161	183	167	186	132	165	155	136	171	145	178	181	178
15:18:37	272	316	294	281	270	295	289	315	321	283	271	301	300	287	305	339	373	335	267	319	282	399	420	426	303	284	275	336	344	350	729	722	726	1644	1608	1624	379	381	376	285	285	282	354	324	354	308	297	285	304	341	337	303	284	289	416	439	453	355	348	340	328	378	345	398	411	431	164	177	198	189	199	165	241	234	267	151	145	175	176	216	184	176	169	158	178	181	152	177	140	162	173	163	177	147	133	190
15:28:37	280	308	283	292	289	316	323	276	284	291	306	291	310	296	283	352	341	345	263	315	282	366	393	382	295	244	327	370	356	357	667	716	736	1633	1614	1610	357	385	384	284	297	255	352	355	358	250	279	284	329	340	360	298	286	288	407	458	410	377	368	326	299	327	369	432	460	414	145	187	161	172	167	161	267	243	262	161	176	135	178	158	158	125	161	156	141	160	141	173	182	174	149	199	171	147	163	195
15:38:37	283	289	298	283	273	304	300	273	325	285	296	305	280	285	289	341	356	321	339	286	328	385	427	369	275	290	270	338	353	360	711	711	694	1586	1588	1654	369	355	362	256	273	296	339	343	358	260	270	296	308	336	336	266	298	301	407	456	465	362	366	331	329	349	341	444	444	435	180	185	171	172	156	148	283	243	261	153	123	164	171	155	162	168	180	161	162	199	172	129	181	157	162	182	193	183	164	160
15:48:37	289	300	283	268	254	311	294	253	287	290	289	280	232	311	268	322	314	355	297	273	274	375	395	393	280	320	283	358	327	375	732	717	689	1682	1592	1621	395	362	375	257	260	284	358	355	392	328	275	295	347	325	345	278	276	299	391	418	436	375	366	330	318	286	338	441	404	446	164	171	153	185	175	180	228	238	291	191	138	178	172	174	155	195	167	172	164	149	175	164	161	159	152	153	165	171	163	166
15:58:37	299	308	306	311	289	296	331	292	278	317	322	295	283	295	295	319	338	344	284	324	298	405	412	384	264	263	256	341	328	352	721	747	750	1635	1596	1592	374	392	382	288	283	303	335	366	388	296	274	283	299	339	300	294	291	283	404	492	449	355	346	352	338	335	367	415	437	439	176	159	159	146	147	155	276	270	279	167	141	177	168	195	156	176	184	176	192	175	166	179	164	187	137	174	145	121	171	164
16:08:37	288	273	303	272	277	284	307	313	311	286	298	290	276	287	268	299	331	322	284	312	310	384	397	429	267	253	289	320	350	392	714	697	716	1629	1646	1589	366	359	398	250	280	284	342	312	360	295	272	303	334	320	338	277	286	275	434	392	438	375	381	320	335	335	323	434	428	411	162	165	188	176	163	126	246	277	309	176	150	143	159	154	149	179	171	178	171	140	173	159	145	183	150	168	192	171	176	178
16:18:37	294	307	296	294	310	269	326	279	310	320	283	270	251	298	263	359	345	330	310	313	294	396	378	424	284	320	285	319	339	397	702	721	719	1592	1599	1600	384	364	380	270	267	268	357	361	348	312	278	278	297	344	329	286	310	268	379	420	410	353	314	310	354	344	356	424	429	417	201	179	187	185	167	180	270	256	269	167	148	153	173	157	177	189	162	144	171	164	178	168	174	163	125	179	174	169	186	152
16:28:37	288	270	280	304	296	311	332	304	319	292	282	275	268	293	276	336	341	337	273	320	251	402	385	379	251	315	301	328	372	389	681	699	717	1620	1589	1569	399	379	369	256	298	311	369	389	361	302	269	310	315	342	290	271	250	263	402	449	400	353	341	331	318	348	321	439	414	433	127	176	174	184	156	168	267	230	296	152	142	160	183	193	158	170	166	167	193	148	182	192	189	182	162	165	169	169	178	164
16:38:37	262	292	278	309	274	282	312	297	310	281	276	292	291	284	279	332	361	328	266	318	314	405	369	385	277	287	267	356	340	398	721	718	699	1600	1587	1604	369	391	353	270	294	265	335	329	369	286	287	284	332	368	336	255	286	300	388	463	451	352	359	343	339	348	314	418	443	438	167	177	172	177	183	165	259	250	278	170	178	154	165	162	166	192	198	170	194	182	150	172	174	188	158	160	173	155	152	200
16:48:37	313	305	260	311	294	297	305	296	314	292	307	298	262	298	272	318	339	304	263	279	284	387	403	433	249	297	311	359	354	349	680	709	739	1614	1561	1606	351	376	366	276	265	283	287	350	365	278	278	298	321	307	375	303	253	282	385	452	436	373	352	332	338	316	347	414	445	446	182	174	140	168	147	172	265	249	261	172	164	131	165	169	165	186	187	172	172	200	156	155	184	199	163	132	150	185	172	154
16:58:37	300	306	263	309	303	302	294	307	314	262	296	298	268	286	295	310	342	362	295	286	294	414	407	378	303	282	286	321	326	395	691	736	728	1609	1591	1641	374	364	353	291	275	275	318	336	367	237	316	313	315	340	332	302	292	283	376	432	421	342	345	370	320	338	343	425	407	425	149	165	188	161	157	136	290	243	281	130	147	173	176	172	170	184	199	151	173	178	147	165	168	181	137	189	170	153	156	193
17:08:37	298	290	320	246	242	296	304	288	310	299	277	254	304	297	268	333	316	357	308	306	278	390	407	361	293	278	283	334	328	371	695	676	723	1557	1583	1582	364	359	375	283	281	310	323	329	387	272	276	277	340	356	342	282	282	280	387	463	439	326	340	307	315	318	334	429	431	453	132	191	180	168	177	128	268	257	278	176	169	172	208	173	178	185	187	161	182	176	154	170	174	169	161	196	186	167	172	185
17:18:37	308	290	291	300	294	280	322	303	306	284	277	290	242	283	266	328	315	328	284	267	280	416	368	379	290	292	283	351	355	372	721	746	693	1549	1579	1618	385	377	365	256	279	271	369	333	360	285	265	283	265	326	328	309	285	283	379	470	462	361	378	331	310	352	346	408	462	457	167	182	195	194	168	163	283	225	274	145	137	171	155	176	163	155	189	165	184	151	165	143	167	152	178	208	184	165	175	156
17:28:37	285	293	311	289	279	282	305	290	294	293	269	310	271	323	287	344	366	342	300	338	272	387	385	365	261	295	348	316	348	377	709	684	703	1597	1586	1582	331	375	398	309	281	296	345	340	336	260	270	283	278	305	374	301	300	301	415	445	426	360	372	324	363	332	344	407	435	426	194	134	159	150	173	139	272	245	282	158	164	147	183	172	176	190	151	197	174	163	203	171	170	167	147	179	181	195	178	175
17:38:37	254	282	281	288	273	302	334	299	306	285	316	326	314	293	288	382	338	327	320	312	264	386	375	382	294	276	286	331	335	359	707	712	718	1561	1578	1602	376	373	343	258	283	279	323	362	392	279	302	288	352	317	342	300	289	290	384	499	434	394	356	353	361	335	339	393	438	476	188	198	182	149	180	144	305	273	288	182	160	144	197	158	179	163	177	166	156	161	168	170	157	181	120	183	136	152	155	181
17:48:37	259	299	295	309	284	293	317	293	283	275	308	273	286	278	270	368	351	355	313	312	266	378	365	379	297	244	265	336	359	414	653	725	713	1540	1600	1622	383	359	376	308	285	305	361	366	377	306	295	294	343	337	349	295	255	287	393	467	452	356	376	330	316	348	321	408	426	425	141	144	171	172	166	185	284	267	296	183	146	146	157	160	152	145	182	165	168	146	191	136	162	142	126	169	170	157	156	180
17:58:37	287	291	297	277	296	278	331	278	288	288	289	295	310	314	277	378	355	339	324	316	309	402	398	373	283	257	282	378	364	360	688	720	695	1573	1580	1593	386	383	373	297	272	282	360	369	404	282	271	306	344	312	334	285	292	250	393	446	476	318	365	356	331	348	318	432	410	465	162	166	156	162	157	190	275	251	271	148	185	155	157	163	184	184	188	150	174	163	185	184	164	183	137	169	167	168	169	172
18:08:37	290	287	305	282	293	279	289	295	293	281	301	271	287	279	284	361	317	333	314	307	291	365	394	407	285	260	297	348	352	379	716	735	712	1551	1607	1582	362	383	372	294	275	292	337	351	389	272	291	266	336	324	331	262	273	291	371	460	474	383	375	342	331	342	338	442	446	480	165	157	156	181	168	178	291	242	289	199	142	162	173	153	170	163	177	158	149	173	179	174	146	183	166	149	183	178	171	184
18:18:37	281	303	259	309	326	311	328	299	297	293	283	300	269	288	286	321	389	323	295	276	296	419	386	407	304	285	303	358	337	378	675	748	686	1571	1561	1578	377	399	399	280	298	296	364	328	372	292	304	293	331	346	331	269	290	265	389	477	457	358	349	321	369	337	330	438	429	459	165	186	191	184	191	182	307	270	320	171	152	159	190	153	161	182	172	172	186	148	159	176	201	205	113	192	194	187	149	173
18:28:37	310	271	282	301	306	314	315	335	304	322	315	322	277	287	274	319	312	286	316	313	330	378	400	417	247	261	264	343	328	370	719	716	680	1586	1530	1546	349	383	364	270	259	276	332	371	365	305	253	275	336	351	337	293	300	306	405	446	455	389	339	297	339	367	363	460	435	435	162	126	188	180	157	166	293	270	303	180	181	203	168	145	161	157	156	165	163	157	183	172	153	160	176	194	161	164	160	170
18:38:37	290	305	299	288	305	296	304	302	310	295	316	347	304	292	293	321	325	325	320	301	321	404	373	408	281	291	271	379	342	392	702	710	698	1513	1540	1567	375	369	367	271	255	286	358	381	354	297	294	282	339	332	331	277	287	301	368	467	456	383	388	343	351	327	360	440	449	460	185	193	168	124	166	168	280	253	241	190	151	138	144	169	139	183	183	133	144	173	166	164	146	173	165	176	160	130	181	164
18:48:37	314	315	301	291	319	290	308	278	283	294	316	304	226	264	281	327	331	357	295	304	292	378	407	386	278	329	291	338	348	357	699	695	732	1542	1589	1589	361	430	384	237	267	296	342	343	380	267	282	302	361	328	342	262	299	290	385	436	477	363	374	345	335	324	300	427	415	445	190	175	170	158	150	140	288	223	252	153	185	132	161	172	154	170	151	166	147	141	174	168	142	172	159	158	158	165	115	148
18:58:37	295	305	304	275	327	275	300	347	299	319	326	327	293	278	252	354	343	331	282	301	294	387	388	426	237	283	309	359	331	353	692	718	698	1534	1572	1551	402	430	408	280	292	268	322	341	364	304	259	287	325	299	323	293	263	298	387	475	445	341	355	344	353	362	322	445	436	427	158	146	193	137	179	154	269	249	301	205	168	170	159	191	165	191	191	188	185	140	191	152	175	151	168	184	153	209	192	182
19:08:37	286	298	304	277	287	298	328	289	324	267	295	296	280	256	257	335	329	328	271	280	313	365	407	419	316	295	285	362	370	386	670	709	689	1503	1588	1555	401	374	387	302	343	309	372	347	347	276	299	289	339	329	338	259	319	271	390	464	432	353	376	356	361	371	364	470	434	416	170	173	192	186	159	171	298	264	296	160	157	182	161	172	152	162	190	135	186	168	163	181	188	168	130	167	166	183	181	121
19:18:37	326	287	302	270	301	346	336	257	347	295	285	309	304	287	268	380	361	303	300	324	321	412	385	381	301	292	288	358	335	432	709	700	671	1558	1588	1591	385	383	386	284	304	305	339	327	339	287	265	274	336	346	329	292	272	314	384	450	471	388	390	399	376	359	372	446	456	430	170	141	163	180	146	173	288	296	283	149	135	123	167	142	178	149	147	189	156	181	149	166	177	190	139	194	164	181	169	188
19:28:37	278	317	277	281	321	311	290	303	319	295	330	273	298	308	303	350	337	334	284	311	279	384	398	396	306	295	265	364	347	385	682	669	694	1554	1566	1530	421	384	360	230	296	278	329	365	374	306	343	273	347	346	336	287	306	283	395	462	431	389	376	333	352	340	341	425	438	477	151	188	174	130	186	140	263	286	288	179	159	144	150	185	163	164	195	213	122	166	166	183	189	171	131	206	174	168	182	158
19:38:37	295	303	316	284	278	300	283	301	293	317	334	295	282	269	289	367	358	297	284	295	293	397	384	387	305	303	298	360	349	386	707	679	667	1506	1548	1563	369	388	392	246	283	277	332	323	372	292	295	292	336	344	305	272	276	312	398	466	458	387	410	347	339	349	304	424	458	435	197	171	165	150	181	192	309	225	282	118	171	153	158	146	152	173	156	174	167	168	151	168	180	151	131	179	170	162	175	186
19:48:37	283	255	288	291	304	317	278	307	313	324	308	288	321	291	318	358	353	333	328	301	299	394	401	425	286	300	296	326	368	373	643	693	717	1521	1570	1553	395	394	390	304	278	312	364	357	400	314	315	269	342	316	343	293	320	297	389	489	435	377	414	348	353	369	338	450	419	439	173	186	129	201	192	160	281	285	267	173	171	167	159	177	150	157	203	135	161	162	172	195	201	188	145	167	190	175	158	154
19:58:37	297	311	322	291	265	302	306	298	324	304	291	270	276	308	276	337	328	327	330	298	294	433	385	391	299	298	300	367	347	358	673	710	718	1554	1578	1538	397	375	404	296	259	284	321	369	380	277	288	291	343	358	324	310	306	315	421	433	464	366	338	376	335	364	370	440	421	480	131	175	180	173	140	190	282	250	287	183	152	139	171	140	175	161	196	168	177	151	152	195	112	135	121	120	184	159	162	214
20:08:37	265	274	313	307	239	298	305	300	306	312	253	303	283	292	269	321	358	350	305	298	300	385	378	383	313	303	320	347	355	409	683	689	736	1501	1571	1534	368	362	408	270	265	302	341	360	369	300	262	263	375	314	353	304	285	267	416	469	479	360	396	369	336	339	356	456	444	459	172	179	168	157	144	189	295	251	267	141	143	165	155	156	159	164	187	200	191	179	129	184	183	169	154	188	141	191	160	165
20:18:37	249	302	295	305	265	317	305	304	278	296	298	290	278	281	265	370	362	281	283	335	298	364	373	390	259	270	285	332	331	372	668	745	652	1533	1583	1537	383	405	383	269	263	284	372	364	376	313	298	265	341	365	349	293	300	323	386	425	458	349	405	328	338	352	344	461	438	467	186	192	158	176	197	133	270	247	270	198	147	170	133	179	119	186	189	144	153	175	170	151	160	185	138	183	177	181	185	175
20:28:37	284	313	304	304	261	305	309	297	286	303	283	299	284	245	283	360	369	343	307	310	314	379	386	402	274	290	275	351	328	389	690	708	670	1530	1542	1518	381	383	368	286	253	311	306	340	388	273	267	275	340	369	332	279	252	290	386	472	477	356	369	365	323	342	335	439	469	451	174	168	145	203	151	161	266	246	320	191	144	149	157	168	140	195	165	184	175	147	186	166	163	154	144	174	146	193	172	167
20:38:37	292	285	309	280	292	342	326	277	301	320	282	313	318	287	313	362	380	332	286	319	320	353	400	408	282	317	320	338	357	380	666	733	690	1517	1594	1564	381	370	401	290	289	286	315	341	351	294	276	266	316	349	332	310	283	316	399	459	413	388	398	365	345	362	360	435	483	483	162	191	186	197	177	128	315	266	274	154	109	142	170	154	183	158	179	144	162	186	160	124	153	161	131	167	152	171	180	154
20:48:37	322	293	263	277	281	321	279	282	307	301	314	281	268	278	269	353	329	339	302	290	297	406	396	346	273	272	322	361	370	364	709	661	626	1510	1591	1552	361	365	378	280	279	287	328	349	379	256	292	300	340	329	333	292	283	321	397	462	463	419	412	349	336	349	339	456	416	448	141	155	190	166	171	143	314	252	287	171	173	174	169	162	182	164	158	154	159	178	181	177	156	181	143	173	197	179	156	184
20:58:37	307	321	311	285	302	326	308	299	297	293	286	303	313	309	269	352	357	335	291	300	294	417	421	405	282	308	291	311	332	385	681	648	695	1535	1536	1557	409	398	362	293	290	290	339	333	372	292	285	305	331	306	343	310	314	307	413	447	480	364	379	379	348	334	361	422	432	448	175	176	203	169	148	186	286	268	298	154	121	152	167	188	188	158	186	184	144	202	168	172	187	151	145	190	177	159	183	188
21:08:37	277	296	290	266	308	293	298	299	336	306	283	310	297	304	296	385	343	326	350	345	297	386	421	395	296	285	310	348	357	391	654	637	635	1525	1553	1560	394	357	404	300	273	286	345	363	344	288	285	277	336	347	337	270	275	310	395	451	486	403	393	332	345	348	330	417	459	451	155	177	132	189	164	139	300	249	274	201	158	182	187	190	168	188	177	163	181	190	167	183	171	173	140	152	186	159	148	166
21:18:37	326	290	288	322	278	318	280	269	335	274	265	308	318	286	299	361	352	329	291	333	315	402	409	413	292	292	292	374	337	403	689	698	684	1523	1567	1534	363	394	369	240	296	292	379	338	370	268	284	301	349	337	335	284	294	296	384	460	429	403	413	375	349	332	332	431	466	473	147	160	161	145	183	177	291	265	293	171	135	124	146	184	152	119	173	169	155	179	170	140	186	184	124	151	146	154	177	194
21:28:37	303	287	305	295	272	288	315	316	294	308	295	303	297	271	283	329	330	321	323	316	273	395	361	378	284	260	272	348	336	395	700	728	652	1548	1568	1550	420	361	382	313	292	298	364	375	367	309	284	298	336	347	342	306	294	323	375	443	484	366	413	359	343	347	361	421	450	465	147	157	167	166	178	157	317	241	267	196	147	170	168	162	149	148	181	122	192	146	167	168	134	162	108	186	164	162	165	170
21:38:37	282	277	303	300	268	304	315	291	305	279	293	311	255	288	278	356	334	334	316	354	317	391	393	398	303	278	298	353	345	390	705	703	650	1456	1562	1525	380	383	395	300	257	266	320	361	369	313	284	282	355	355	348	283	318	324	373	463	467	392	392	354	335	318	340	450	452	475	188	183	159	161	174	139	289	260	261	168	145	148	157	166	179	162	214	142	170	150	166	179	143	172	139	192	171	156	165	191
21:48:37	294	277	293	294	268	331	318	315	301	298	287	303	273	264	288	333	341	318	312	287	332	398	373	423	289	262	327	336	396	388	673	694	673	1544	1575	1537	392	386	363	287	306	275	329	348	375	290	280	286	345	297	372	304	298	302	432	438	449	379	344	350	322	332	327	431	469	444	143	184	174	203	175	176	258	267	287	162	181	153	174	188	154	187	157	176	188	159	185	155	188	156	115	193	189	161	194	178
21:58:37	292	289	288	286	312	298	305	315	316	299	293	317	261	269	287	356	340	368	290	328	337	375	420	372	294	291	299	340	374	346	663	690	665	1520	1535	1540	408	388	405	286	290	262	340	359	383	295	287	296	363	349	351	319	258	268	421	447	500	429	410	372	347	378	359	436	473	461	170	169	133	159	150	149	274	254	279	170	157	190	141	187	167	193	186	165	191	157	157	184	187	173	139	155	167	182	169	183
22:08:37	295	312	300	298	314	304	272	328	318	287	301	284	281	285	281	301	323	320	309	323	304	417	422	413	300	299	282	360	380	404	681	701	683	1522	1540	1527	377	374	372	253	267	278	342	354	405	268	283	308	349	378	322	291	298	304	404	477	440	382	380	361	388	341	353	455	477	458	198	160	193	186	156	173	286	271	263	188	141	180	172	158	179	148	177	176	137	160	186	147	191	177	163	143	175	155	176	120
22:18:37	263	318	313	319	295	291	304	308	312	282	292	291	254	305	292	326	348	289	294	326	290	383	422	407	287	283	310	332	365	418	645	676	668	1502	1536	1542	380	370	375	301	298	343	352	376	400	310	313	299	340	322	343	298	289	309	372	448	459	397	415	354	360	337	347	439	435	467	154	149	178	155	162	133	290	233	303	198	175	150	160	133	174	176	162	140	156	191	148	183	186	139	159	196	181	179	157	137
22:28:37	289	293	309	298	341	299	301	289	242	328	292	291	271	327	297	269	323	342	285	366	304	380	405	372	293	302	283	358	342	402	674	720	612	1490	1539	1539	386	417	373	312	303	293	368	359	359	295	285	307	324	361	353	297	339	301	427	451	458	388	379	323	371	370	328	437	463	485	157	144	151	143	131	161	288	290	293	164	139	157	143	190	138	161	186	148	185	147	170	172	172	161	110	185	188	169	169	171
22:38:37	282	294	289	308	294	290	308	287	321	331	302	302	309	290	291	337	361	307	274	338	324	361	416	406	318	296	299	313	326	438	663	684	687	1529	1579	1494	354	379	379	273	300	269	379	341	372	273	279	308	365	325	348	276	326	307	411	424	491	397	412	368	374	320	339	410	431	472	178	178	170	198	181	147	264	252	277	151	142	121	199	185	158	181	178	181	151	155	197	159	152	181	134	155	173	159	161	154
22:48:37	329	273	290	298	297	345	312	300	314	290	286	294	240	287	306	346	366	344	306	321	303	402	394	401	283	318	311	407	327	429	657	671	686	1525	1535	1503	377	397	382	270	308	282	361	376	386	270	267	278	321	329	327	279	292	284	416	494	460	383	423	365	363	331	342	460	447	463	175	163	172	157	174	163	280	248	268	150	145	152	176	154	154	169	186	146	164	145	159	173	183	166	132	194	139	171	193	173
22:58:37	293	293	339	325	297	336	292	330	318	313	272	301	281	263	300	364	371	293	348	324	275	391	380	421	280	298	277	366	396	387	660	712	646	1575	1568	1497	413	394	382	308	309	282	354	343	400	267	266	302	296	348	365	311	285	316	370	443	461	371	410	367	365	336	373	443	466	464	160	164	158	186	159	169	258	264	273	169	145	162	189	192	169	169	194	168	167	177	206	153	173	167	141	185	174	151	139	167
23:08:37	314	297	326	278	280	284	336	288	273	296	332	285	285	280	274	339	370	345	306	298	324	416	425	377	266	276	302	318	317	353	682	694	654	1564	1549	1531	422	378	360	268	291	280	375	366	360	288	271	311	322	355	382	318	297	274	371	453	436	414	413	365	364	375	362	463	491	486	174	177	150	148	170	163	279	270	279	152	167	172	179	153	160	184	182	158	204	165	176	145	185	182	173	177	158	186	143	178
23:18:37	285	317	294	307	288	294	337	304	329	317	301	303	275	298	307	360	363	336	334	304	332	375	381	380	300	307	307	342	349	344	661	712	656	1548	1561	1542	395	406	380	279	288	294	299	392	413	298	301	291	350	349	352	279	292	328	401	449	446	423	412	348	353	360	383	442	454	458	182	141	170	174	164	159	276	255	325	161	165	188	160	182	165	168	204	157	169	143	174	157	168	182	148	176	124	167	159	173
23:28:37	281	301	283	320	292	318	331	316	311	319	300	306	318	320	299	324	337	349	319	276	345	424	401	383	315	321	256	361	358	384	652	670	660	1538	1549	1544	392	392	394	297	274	295	352	361	363	294	300	322	367	327	381	282	315	276	410	469	451	415	441	389	362	333	338	437	491	454	150	168	158	173	176	166	296	295	281	148	134	149	142	167	182	150	225	168	166	158	178	167	144	145	151	168	134	173	139	148
23:38:37	329	307	299	302	281	311	275	304	301	328	315	280	292	277	261	359	364	360	326	349	319	400	391	425	300	322	248	337	382	410	666	678	657	1501	1540	1522	380	392	391	282	312	290	359	343	352	273	299	284	338	347	369	260	301	294	396	490	418	389	406	367	324	375	323	451	473	470	145	161	177	147	164	156	272	280	272	180	144	166	224	156	183	178	203	152	170	166	145	203	195	170	152	157	146	162	179	176
23:48:37	296	281	332	295	300	319	337	293	352	287	271	309	254	297	284	349	368	325	345	317	310	363	388	408	301	253	275	333	362	359	670	671	662	1502	1547	1501	409	396	396	300	289	295	348	340	353	295	335	309	349	353	365	290	292	293	425	475	440	410	455	344	394	344	389	471	488	482	184	188	183	173	168	181	246	252	272	183	126	184	162	154	125	159	201	156	217	159	199	142	171	139	149	173	160	164	169	176
0:00:00																																																																																																
0:00:00																																																																																																
0:00:00																																																																																																
0:00:00																																																																																																
0:00:00																																																																																																
0:00:00																																																																																																
0:00:00																																																																																																
0:00:00																																																																																																
0:00:00																																																																																																
0:00:00																																																																																																
0:00:00																																																																																																

