EGFP:488,507

Kinetic read	A1	A2	A3	A4	A5	A6	A7	A8	A9	A10	A11	A12	B1	B2	B3	B4	B5	B6	B7	B8	B9	B10	B11	B12	C1	C2	C3	C4	C5	C6	C7	C8	C9	C10	C11	C12	D1	D2	D3	D4	D5	D6	D7	D8	D9	D10	D11	D12	E1	E2	E3	E4	E5	E6	E7	E8	E9	E10	E11	E12	F1	F2	F3	F4	F5	F6	F7	F8	F9	F10	F11	F12	G1	G2	G3	G4	G5	G6	G7	G8	G9	G10	G11	G12	H1	H2	H3	H4	H5	H6	H7	H8	H9	H10	H11	H12
0:08:37	152	146	160	143	187	149	192	157	173	147	146	181	171	192	182	160	202	157	171	172	168	175	168	180	168	172	167	169	187	170	192	201	199	194	201	173	168	183	169	158	161	163	182	163	156	213	148	178	177	174	209	140	169	124	202	168	169	169	162	154	155	177	177	167	187	172	147	151	182	170	179	184	197	171	139	190	166	190	168	156	187	202	213	194	181	142	152	185	167	179	162	158	170	186	156	156
0:18:37	160	161	167	189	161	185	172	142	161	166	144	157	175	178	191	180	205	195	179	184	167	187	165	180	141	156	158	165	143	160	160	182	166	219	223	210	183	164	173	155	179	174	159	187	161	128	191	176	174	160	141	173	173	157	187	165	160	171	170	143	200	148	161	186	196	180	157	188	149	165	169	153	189	177	172	212	182	193	199	200	156	226	244	245	202	152	143	175	157	177	175	175	160	157	177	140
0:28:37	167	143	211	138	180	155	191	198	166	170	180	187	147	192	161	198	169	154	165	173	159	171	192	185	196	182	148	142	136	190	178	214	178	234	229	210	161	161	180	204	156	159	197	184	153	153	151	146	180	177	154	168	144	210	151	144	211	184	158	151	168	186	151	185	230	175	150	165	152	177	182	142	162	189	187	169	160	196	194	204	182	224	215	226	195	150	170	154	143	216	130	188	209	158	181	171
0:38:37	200	164	173	171	142	139	168	194	175	137	171	161	188	185	142	174	172	165	181	170	160	176	122	162	155	211	139	168	171	166	236	201	198	219	223	218	176	189	184	177	165	194	171	171	152	159	167	173	147	159	143	191	187	187	155	191	181	165	188	187	179	169	134	204	201	177	189	201	178	164	191	180	182	197	162	182	182	174	164	213	203	240	227	222	140	171	156	208	193	179	165	187	174	148	174	139
0:48:37	149	164	144	176	158	165	186	167	178	131	173	174	177	136	179	156	179	180	188	201	161	191	175	186	145	170	198	180	132	180	203	197	200	234	210	252	146	190	199	167	172	146	167	169	172	161	172	202	159	184	165	201	192	149	149	206	197	163	154	154	150	168	182	177	189	179	173	155	179	167	162	109	186	192	166	190	191	174	218	189	198	256	243	232	189	154	205	179	183	199	152	157	170	188	149	131
0:58:37	158	156	168	151	198	179	157	173	153	161	152	183	162	171	162	152	147	155	177	177	158	187	175	194	176	149	141	153	168	157	175	183	182	243	241	229	195	188	217	189	178	185	157	183	175	163	176	161	170	185	210	180	177	139	192	175	168	177	160	181	196	146	196	176	205	161	161	132	159	161	201	144	164	158	124	174	211	164	198	195	218	212	243	241	163	184	152	185	179	190	162	152	193	163	187	165
1:08:37	189	186	195	163	182	177	194	156	185	157	188	183	165	162	156	177	192	184	187	172	148	152	161	171	174	192	170	174	193	191	192	195	208	253	255	248	166	169	220	166	180	191	165	135	183	177	164	169	155	148	139	190	173	188	188	213	176	171	146	175	152	147	204	202	206	165	179	179	169	165	141	159	208	189	156	171	180	183	214	180	226	251	266	266	184	179	138	173	150	151	180	182	182	186	154	156
1:18:37	153	180	189	173	145	164	187	168	172	165	202	182	172	165	133	143	140	164	158	159	185	175	149	188	142	195	183	208	157	192	211	207	176	231	271	270	180	169	213	186	188	131	167	164	167	167	159	154	154	167	184	171	189	163	173	189	173	166	166	182	181	178	215	183	188	183	140	168	175	161	155	158	183	153	148	187	200	167	167	221	219	280	244	324	167	174	148	166	190	156	156	153	141	155	171	176
1:28:37	159	185	159	134	176	163	166	213	187	189	171	143	186	137	197	186	187	194	187	174	160	194	182	207	184	166	190	159	150	186	192	190	185	254	267	275	213	203	216	182	197	163	158	176	194	158	152	172	180	178	165	182	162	165	165	192	182	160	166	183	198	174	165	196	165	175	169	168	150	183	168	161	155	193	191	180	157	199	196	178	178	279	299	334	176	175	147	154	164	174	185	142	174	169	160	180
1:38:37	176	193	185	195	154	198	148	175	174	177	187	176	172	193	166	164	205	147	181	155	132	177	178	173	166	174	192	172	192	187	198	173	191	250	283	280	190	191	227	149	173	204	171	190	182	172	146	186	201	175	207	169	175	178	222	203	208	156	166	172	190	183	162	173	176	186	173	177	157	163	170	143	172	180	174	200	183	169	219	237	182	320	299	388	162	165	161	188	169	149	137	186	184	175	190	174
1:48:37	218	163	169	180	187	165	179	177	172	172	175	161	164	172	163	170	196	172	201	151	160	178	197	172	185	197	195	157	226	165	213	180	192	275	304	317	224	177	233	179	128	164	186	201	167	171	147	189	150	205	155	187	172	156	177	201	196	156	200	165	188	190	187	174	221	176	165	159	177	170	158	183	173	194	152	141	174	190	218	202	223	289	267	323	192	182	137	138	185	173	168	149	178	192	148	176
1:58:37	193	170	163	167	205	154	163	184	138	168	185	149	150	165	147	163	177	159	162	180	167	185	200	206	194	188	189	171	161	194	210	219	219	258	245	255	213	209	215	155	190	208	151	177	179	185	216	183	178	172	172	135	176	179	203	180	195	171	141	143	159	219	144	202	202	184	172	134	168	174	193	153	175	148	173	192	159	205	204	204	215	270	243	333	172	174	152	171	167	164	168	130	168	192	172	156
2:08:37	182	173	182	186	164	140	161	213	192	215	165	164	175	181	202	149	203	190	189	151	193	196	177	196	179	142	146	163	170	176	202	239	186	270	295	246	211	194	209	213	149	181	187	181	211	161	158	163	147	155	170	154	153	187	196	176	201	152	180	165	174	167	183	192	197	194	144	151	178	215	155	189	150	185	141	177	144	157	205	219	230	313	291	257	175	138	176	162	175	164	164	150	182	178	171	149
2:18:37	186	181	157	204	188	208	144	216	161	188	198	153	162	191	172	164	239	198	150	174	176	201	197	181	132	202	157	210	204	188	202	206	207	289	273	234	180	214	214	194	176	202	205	173	178	171	187	194	141	159	160	167	173	201	185	166	189	163	176	170	160	194	183	240	191	216	137	161	211	165	168	148	138	163	175	168	172	164	237	207	211	292	303	337	161	164	135	193	184	170	201	155	132	159	177	175
2:28:37	174	200	185	154	186	173	188	172	191	191	166	166	187	204	203	180	203	186	170	179	148	185	199	173	180	180	175	219	185	168	216	259	180	279	313	269	212	216	189	162	208	194	144	173	200	201	192	179	175	195	171	180	178	187	207	192	206	153	156	163	182	202	173	190	212	179	180	188	152	189	153	137	183	173	159	223	181	165	228	213	203	280	316	267	187	173	150	142	146	182	173	156	173	168	164	169
2:38:37	149	200	163	172	171	172	195	157	160	206	149	165	180	188	202	186	187	184	191	197	183	191	207	170	143	194	172	188	196	201	230	207	185	293	294	290	197	217	184	166	166	192	223	205	187	196	188	163	174	149	176	178	205	191	178	235	198	182	165	186	173	193	188	194	211	204	192	187	165	164	163	162	201	170	193	201	204	189	186	212	241	300	308	281	188	190	154	145	200	152	172	143	148	212	123	181
2:48:37	192	156	172	139	171	172	173	186	206	205	176	193	206	162	191	200	219	201	165	163	158	193	176	159	155	176	210	196	183	182	216	246	189	289	290	293	226	194	206	201	184	169	170	192	177	167	206	167	196	179	182	143	174	147	179	165	196	178	163	188	222	168	193	198	188	194	154	148	173	175	173	181	163	204	173	202	192	147	198	232	224	314	291	279	152	148	158	171	172	170	151	153	166	156	155	150
2:58:37	204	197	168	202	145	155	186	183	190	135	194	180	182	148	187	198	170	176	179	204	180	171	157	209	187	185	189	217	202	194	218	222	220	316	289	303	227	215	245	204	166	204	188	222	228	166	170	155	171	186	172	192	191	178	217	223	218	147	178	177	192	186	193	242	181	182	181	164	161	192	156	163	180	165	131	206	191	250	223	224	225	295	297	308	171	151	190	148	183	185	187	157	174	173	157	166
3:08:37	177	164	184	179	198	184	216	182	174	197	154	214	178	172	155	185	185	222	193	180	166	173	200	203	192	199	171	199	192	188	222	225	181	328	343	327	226	237	232	168	161	167	196	171	207	189	184	144	177	192	188	170	216	157	210	210	194	150	176	194	212	223	201	227	227	195	176	154	184	150	146	168	180	160	178	189	237	184	219	234	238	297	349	325	165	184	183	161	132	159	192	157	167	160	168	176
3:18:37	195	162	204	191	161	140	188	195	162	179	161	150	172	157	174	180	210	186	178	196	184	189	176	205	168	167	165	210	208	177	242	220	226	290	336	344	214	197	215	179	192	184	170	171	217	162	190	184	188	175	191	187	192	161	233	219	197	194	189	169	213	170	194	191	194	211	179	164	150	151	142	158	169	203	179	209	191	201	245	241	214	332	343	311	166	148	148	143	158	170	164	128	168	182	143	147
3:28:37	213	187	163	166	205	179	176	178	162	170	170	198	201	188	184	198	206	181	169	187	168	211	239	197	183	186	218	181	169	188	199	233	213	332	289	301	226	224	218	193	181	178	187	188	222	168	184	175	158	227	187	195	193	185	217	240	194	171	178	154	173	206	185	224	189	215	127	174	154	196	141	163	150	185	164	183	175	188	286	213	247	343	353	324	180	195	161	154	173	198	176	178	155	176	173	184
3:38:37	169	182	211	203	196	182	174	192	180	153	195	185	157	185	172	203	205	205	213	183	162	216	179	205	201	185	172	159	198	207	219	214	247	337	325	348	209	211	209	169	180	165	183	212	212	184	179	186	191	210	203	204	203	186	229	229	215	187	186	159	202	204	190	225	202	230	167	177	140	154	180	141	160	190	192	208	195	218	268	257	217	347	342	357	191	172	151	161	189	188	159	168	181	162	159	129
3:48:37	152	161	179	211	195	185	185	167	162	156	161	183	164	201	189	150	187	215	176	163	200	196	188	190	170	204	200	233	192	189	224	236	203	330	321	322	224	198	224	162	229	172	182	194	206	156	191	162	193	156	177	209	221	203	224	230	216	177	159	197	179	207	224	203	237	225	154	177	172	206	152	181	179	157	148	164	202	218	252	246	220	388	344	362	179	159	142	183	154	194	140	165	145	168	175	167
3:58:37	173	165	202	169	189	212	186	193	204	176	185	202	180	197	168	194	181	173	145	187	208	198	221	211	172	198	184	218	190	207	236	235	220	337	351	344	192	221	188	174	189	212	207	188	197	155	209	194	197	186	202	213	175	177	212	258	239	188	193	183	191	186	175	215	255	216	163	164	161	156	172	184	174	179	142	157	231	213	247	243	254	358	329	396	159	152	153	169	168	138	155	174	166	164	160	153
4:08:37	192	222	168	189	186	154	196	153	190	200	179	206	162	186	205	192	198	191	176	213	171	212	188	235	191	131	183	201	186	216	253	221	240	375	392	353	217	234	226	180	225	168	205	191	154	192	158	182	181	205	190	211	162	207	191	217	200	197	190	189	188	193	232	253	220	209	187	158	165	200	154	160	166	145	189	171	193	192	263	238	264	341	385	378	160	146	167	190	144	181	133	164	158	166	183	190
4:18:37	164	191	198	181	205	192	167	201	171	158	164	193	158	154	174	150	199	204	191	188	193	196	185	217	183	181	195	223	181	205	244	269	275	359	390	381	221	206	245	171	177	192	228	194	178	178	177	185	177	177	181	217	195	193	193	243	234	193	190	208	187	168	216	218	240	237	151	147	172	156	172	182	184	161	155	191	203	215	239	267	273	380	397	396	179	162	156	192	169	174	177	145	179	163	160	149
4:28:37	191	171	183	171	185	203	166	167	185	162	199	154	194	177	170	197	207	198	190	184	164	204	229	252	182	174	194	185	199	201	271	239	277	388	444	386	199	253	223	174	199	191	189	185	182	163	184	181	195	211	186	177	158	192	216	220	202	181	168	174	168	198	181	210	235	239	156	149	161	193	180	181	169	171	183	211	171	172	294	253	227	412	409	434	175	150	150	148	193	199	148	186	176	154	175	177
4:38:37	209	157	192	178	205	200	180	196	177	213	173	186	209	206	201	202	187	260	201	192	188	225	242	227	184	180	175	207	206	222	232	274	255	403	439	432	191	229	260	190	208	193	205	239	242	195	183	175	174	189	196	199	164	203	237	226	227	165	177	216	206	201	201	233	243	240	162	192	189	158	124	164	157	173	168	200	216	209	280	259	240	439	416	422	162	160	175	168	135	187	180	154	152	176	187	148
4:48:37	195	145	192	206	194	211	193	209	178	177	185	195	205	186	176	226	203	237	190	176	200	229	224	241	207	217	176	177	171	201	277	262	278	434	483	449	220	243	236	194	184	189	206	233	198	170	176	172	197	196	161	180	163	196	250	229	255	186	164	186	195	192	194	247	244	226	182	160	154	149	205	151	200	175	180	201	213	185	313	284	302	429	467	491	158	160	161	157	147	177	169	188	149	165	190	148
4:58:37	205	184	213	182	193	181	177	201	206	179	200	152	230	163	192	205	178	228	172	171	220	221	235	216	198	206	205	194	217	210	264	275	256	450	519	472	230	256	243	191	201	207	179	212	176	186	197	169	184	171	193	192	179	215	269	270	243	154	161	181	193	218	203	281	266	233	164	181	158	171	168	174	177	189	146	212	207	190	308	283	283	495	492	503	173	178	159	148	178	140	141	192	183	171	140	147
5:08:37	215	222	214	220	190	156	202	204	197	192	169	183	202	193	200	226	234	213	176	183	203	272	230	240	156	184	214	187	193	223	306	299	273	484	517	538	218	251	282	221	201	233	237	222	225	170	214	189	189	168	184	184	194	198	273	245	275	187	188	161	187	228	204	267	246	249	172	175	162	159	175	139	181	173	148	204	206	200	309	318	307	501	544	521	164	171	146	166	185	164	184	153	180	153	187	166
5:18:37	195	229	188	189	177	204	182	202	212	193	183	181	238	191	206	210	233	212	194	223	178	282	232	272	174	216	205	202	195	221	307	274	263	546	615	561	244	260	259	190	220	207	233	269	192	187	155	206	186	198	204	194	185	210	250	284	274	188	193	198	209	240	227	268	267	251	148	166	173	153	184	160	167	168	172	227	199	201	306	300	324	515	575	586	171	178	121	175	159	177	181	169	152	193	171	150
5:28:37	201	176	168	211	212	172	161	247	192	155	204	197	201	209	219	214	222	249	205	177	215	271	250	248	209	140	225	226	212	221	314	338	274	568	612	607	231	295	288	203	211	214	198	244	207	195	199	180	208	203	223	211	207	155	267	299	270	164	181	193	202	240	225	251	279	266	193	169	174	154	182	171	198	194	139	234	226	228	324	339	325	595	621	642	184	168	143	171	157	196	173	171	184	168	164	185
5:38:37	213	195	182	213	198	183	180	228	217	193	215	180	198	187	203	232	223	218	216	198	216	279	248	277	191	222	219	172	211	233	321	361	340	596	700	642	291	307	305	190	175	211	256	210	211	188	207	185	191	208	199	171	235	186	303	317	313	197	205	196	189	234	219	272	272	271	178	172	155	192	167	169	164	183	169	247	214	225	369	344	333	660	652	660	166	145	162	152	164	149	174	156	135	163	170	174
5:48:37	200	201	201	198	177	185	210	215	186	177	192	190	181	212	149	260	248	238	228	215	226	280	290	288	210	209	201	214	206	208	356	374	336	661	765	701	270	310	304	184	226	215	231	235	253	176	149	192	197	217	225	234	201	190	338	336	361	228	239	166	248	229	250	292	300	283	189	144	146	179	163	177	149	202	190	254	232	232	377	316	347	701	712	689	161	161	158	136	191	177	171	162	172	163	182	190
5:58:37	222	189	193	224	213	173	184	207	237	200	184	170	230	204	181	240	211	237	168	208	198	291	269	351	233	187	215	259	225	210	375	366	319	705	810	740	261	286	338	190	192	196	229	203	237	201	194	174	187	217	196	203	172	207	353	386	348	170	207	215	211	219	226	287	290	295	171	190	197	164	169	175	202	146	219	256	227	183	393	398	342	735	729	768	198	145	168	157	163	136	181	182	184	176	157	142
6:08:37	203	245	207	207	164	179	194	236	210	214	184	166	184	180	178	237	238	246	193	189	183	297	334	340	193	218	199	256	238	249	371	419	348	793	909	813	295	392	304	189	234	191	194	249	216	172	196	205	211	218	207	222	211	226	338	407	366	210	209	209	213	236	243	297	314	314	139	147	163	161	150	148	181	175	155	258	219	212	459	376	410	793	797	828	145	166	147	161	174	176	173	159	158	170	166	149
6:18:37	198	211	202	188	225	214	165	212	203	186	215	232	185	197	238	254	242	268	199	216	211	345	323	337	191	218	212	240	226	260	386	444	369	852	949	858	313	387	330	216	211	219	233	256	233	222	199	155	202	235	248	166	220	190	375	385	361	198	212	160	238	262	260	290	321	306	160	165	156	138	168	170	198	179	158	267	230	268	448	429	410	863	914	915	151	158	178	168	163	194	163	171	175	172	176	179
6:28:37	237	219	192	219	196	192	213	195	207	201	224	193	201	228	210	241	271	258	187	190	189	313	313	351	175	228	236	244	259	252	433	456	410	916	1086	910	336	365	348	171	207	178	282	239	266	226	215	209	225	264	234	205	205	207	381	380	355	203	198	209	277	266	249	317	325	320	171	167	154	183	142	163	146	171	159	263	223	263	459	428	430	950	941	986	148	152	142	182	154	164	181	163	160	181	163	154
6:38:37	183	221	195	213	216	238	171	210	203	183	194	205	207	218	194	238	281	264	204	246	205	341	357	385	227	245	221	253	244	285	403	464	417	1012	1111	1040	324	359	358	213	220	225	250	258	264	199	214	205	235	251	234	192	211	195	421	439	376	182	187	198	268	222	239	352	346	334	182	159	125	135	215	166	169	183	165	267	252	262	488	434	455	978	1014	1019	148	142	151	173	177	131	151	166	145	159	127	187
6:48:37	222	180	230	200	184	205	177	245	210	198	214	205	241	214	214	271	276	263	199	232	209	370	361	376	197	224	216	271	281	280	485	513	435	1067	1167	1062	347	406	378	205	229	228	262	263	248	210	204	199	240	276	234	215	227	217	428	445	426	172	197	189	279	262	275	331	361	359	181	164	154	156	143	175	182	156	156	294	260	253	524	497	465	1027	1089	1097	172	156	196	208	163	193	164	157	155	153	157	128
6:58:37	220	204	189	200	230	206	214	225	240	220	220	172	197	228	229	280	293	265	187	225	205	385	383	376	243	228	200	251	310	276	559	513	476	1285	1397	1160	356	415	408	190	238	188	252	295	284	199	216	220	240	259	250	223	232	182	497	496	494	213	197	192	288	294	271	351	348	331	124	163	170	151	194	148	154	160	160	279	266	254	584	496	505	1117	1138	1188	164	164	161	171	165	210	159	167	96	178	178	159
7:08:37	216	197	199	225	210	216	191	202	219	194	252	216	208	201	242	263	282	305	198	251	208	434	390	417	239	223	239	277	274	291	536	544	445	1311	1457	1259	340	408	405	236	241	196	250	318	280	169	221	199	228	296	306	230	230	201	479	533	497	203	185	238	286	305	267	346	367	367	165	125	176	150	171	149	172	149	129	331	271	262	550	520	502	1162	1197	1222	152	129	125	161	176	159	174	171	181	178	195	188
7:18:37	233	237	205	260	201	193	244	217	197	217	229	214	228	246	246	278	292	294	219	236	208	443	447	474	224	236	244	273	251	305	546	568	500	1411	1667	1468	379	422	457	223	231	242	290	293	304	234	223	202	259	308	274	217	219	239	505	525	523	176	200	183	281	303	297	412	391	433	185	163	174	155	170	133	125	170	180	318	290	295	623	553	553	1272	1313	1298	147	153	170	184	159	185	135	143	167	134	161	165
7:28:37	224	232	229	195	212	216	239	238	256	206	211	195	240	222	246	300	273	303	229	219	223	454	414	443	242	229	252	285	279	324	597	609	499	1542	1841	1523	366	404	440	238	197	246	272	332	295	203	208	196	232	294	293	215	261	179	531	524	530	214	203	196	317	304	316	413	415	436	207	147	189	195	142	159	199	139	203	293	301	251	641	590	633	1323	1385	1461	202	128	137	159	156	158	167	136	167	189	168	161
7:38:37	225	233	217	217	221	205	230	236	230	200	214	195	223	229	242	296	334	321	220	227	211	440	427	455	224	247	247	284	295	283	603	614	539	1661	1917	1716	402	440	429	204	220	239	318	276	320	191	178	210	291	286	310	244	238	230	519	551	524	230	217	200	309	325	324	424	435	473	174	181	141	176	145	164	167	165	156	311	316	255	682	620	669	1440	1503	1515	165	156	179	162	170	177	169	168	170	160	173	174
7:48:37	223	219	250	227	246	235	224	249	247	209	206	187	208	231	236	285	302	309	221	241	234	470	445	441	208	238	211	287	283	312	650	677	559	1875	2006	1745	396	422	460	245	209	243	294	317	284	214	192	210	277	318	305	239	252	248	534	572	523	198	219	259	280	329	349	451	404	437	175	165	144	178	175	177	157	147	170	327	325	273	722	682	693	1565	1599	1619	200	156	152	184	172	161	158	172	144	117	133	154
7:58:37	230	250	227	240	240	210	239	260	225	223	252	192	240	234	247	268	297	311	251	266	244	429	445	437	232	239	289	300	311	375	723	681	564	1958	2278	1877	387	424	477	207	212	244	300	309	276	213	231	185	271	316	294	233	227	230	546	592	509	173	218	230	340	373	301	430	466	490	162	179	169	158	162	148	140	201	153	321	314	303	776	656	670	1641	1671	1676	197	187	179	159	148	158	161	177	169	147	151	163
8:08:37	205	262	201	233	250	262	254	273	228	217	219	191	254	226	239	306	322	336	214	270	232	439	442	454	220	243	265	289	335	337	777	771	626	2109	2456	2088	386	455	462	241	235	263	325	324	346	246	249	235	311	332	364	213	265	256	539	582	624	216	210	229	294	317	341	490	395	456	160	167	158	158	198	153	174	153	182	336	345	302	831	735	716	1721	1776	1766	183	175	173	164	156	169	167	155	149	160	161	133
8:18:37	236	229	227	227	244	252	280	239	257	227	170	220	251	272	251	348	326	308	271	261	235	435	430	452	258	278	252	312	353	344	784	817	693	2289	2575	2201	396	451	444	212	227	253	317	331	352	223	273	224	296	347	303	283	256	235	593	585	591	225	223	207	312	341	336	489	412	530	187	175	187	160	172	158	147	192	183	350	373	301	929	814	800	1812	1853	1883	183	186	147	164	133	150	173	166	163	158	196	158
8:28:37	256	255	238	226	231	234	236	265	268	215	206	218	246	252	246	301	309	339	244	264	252	493	474	466	236	274	265	350	304	342	866	838	720	2422	2603	2382	443	471	447	257	240	240	329	368	344	224	256	236	252	343	322	259	246	240	579	606	590	217	209	263	310	356	331	488	438	499	166	173	157	172	176	148	163	197	124	320	348	290	987	876	795	1995	1857	1899	165	138	152	159	165	174	146	164	167	170	141	182
8:38:37	230	262	246	268	254	241	251	240	258	232	227	228	238	258	269	330	327	323	267	247	244	477	465	482	244	246	269	362	329	340	810	864	765	2499	2383	2350	425	468	447	239	257	262	312	371	356	236	253	248	317	330	329	259	290	247	577	576	595	224	228	203	313	374	367	485	446	494	158	170	175	155	178	182	163	166	156	345	321	332	1005	891	851	1923	1943	1930	161	161	159	169	146	161	163	154	182	161	179	158
8:48:37	232	261	229	230	207	257	238	255	242	206	232	218	260	248	243	330	311	346	247	233	274	472	478	493	224	272	250	319	334	324	913	946	770	2541	2242	2383	430	468	497	267	243	228	306	327	336	237	255	221	271	329	338	250	273	240	549	618	587	220	234	253	350	335	342	484	454	519	182	177	138	173	179	167	175	173	160	341	318	332	1020	939	850	2088	1876	1868	165	169	173	170	128	179	159	144	159	179	155	171
8:58:37	227	262	230	227	197	255	255	241	253	223	248	212	265	243	225	300	357	303	262	281	254	483	472	493	297	262	256	382	314	341	949	993	842	2313	2059	2107	429	480	475	251	245	253	334	361	341	227	232	235	307	329	356	275	244	271	581	586	592	204	225	252	324	359	347	516	480	573	151	178	187	199	186	156	175	146	160	355	328	333	1079	986	914	1893	1777	1730	167	165	180	158	181	178	172	137	173	168	159	157
9:08:37	230	242	273	262	257	264	244	240	246	229	226	252	274	254	278	313	332	341	236	265	257	477	482	538	239	245	239	300	364	333	1044	1030	900	2194	1915	1958	425	479	488	247	243	259	329	331	323	246	253	243	324	361	364	268	238	264	581	623	602	226	269	260	376	370	355	521	484	520	177	157	119	171	150	174	166	197	175	374	328	330	1132	1024	982	1678	1663	1615	183	182	125	173	146	146	137	172	172	153	167	160
9:18:37	260	232	254	255	250	239	278	253	288	228	252	236	270	267	253	343	357	362	237	260	263	501	501	511	242	262	256	330	354	301	1086	1066	931	2016	1873	1925	438	494	462	239	248	239	331	353	377	242	255	234	322	331	322	260	242	262	632	623	601	262	265	277	363	368	358	542	461	569	194	172	142	158	147	175	164	165	175	370	358	335	1136	1072	1051	1634	1562	1563	139	174	184	164	162	162	160	163	193	168	163	144
9:28:37	258	249	229	276	259	262	270	270	261	240	248	242	263	287	258	351	350	348	247	256	306	485	506	502	278	261	269	343	365	333	1089	1054	947	1955	1862	1763	420	469	462	245	242	264	341	334	383	258	260	216	337	320	366	253	279	270	635	635	624	254	266	287	320	389	352	543	475	533	171	161	161	142	170	144	186	167	181	345	349	320	1042	1071	998	1544	1553	1546	191	140	168	185	184	209	163	176	206	172	169	192
9:38:37	255	227	263	207	261	275	218	245	284	235	248	215	259	274	274	320	343	320	240	253	242	515	484	480	237	264	310	330	339	379	1103	931	1035	1848	1796	1756	439	494	483	241	269	251	344	361	382	278	282	251	282	369	394	282	275	245	635	615	632	275	274	293	382	358	380	557	471	554	160	119	167	180	139	116	162	169	170	357	369	323	904	1038	971	1528	1486	1549	171	151	155	209	183	201	159	163	122	162	121	137
9:48:37	259	277	244	280	249	263	228	273	247	254	238	255	237	266	293	338	332	318	260	278	262	472	523	500	249	285	280	373	374	372	948	901	1036	1796	1786	1722	418	474	467	251	265	252	343	357	346	277	244	274	312	347	351	278	264	257	615	605	602	279	287	266	346	387	401	542	456	553	158	141	165	181	185	162	169	149	154	355	323	358	880	903	926	1513	1493	1477	148	161	169	167	148	165	157	159	154	171	165	129
9:58:37	257	246	245	257	298	272	253	255	262	279	259	235	236	275	271	330	342	350	256	257	277	530	496	467	269	280	303	361	350	365	904	831	962	1793	1775	1710	409	498	499	257	247	241	349	359	358	227	265	253	319	335	377	264	299	276	628	632	621	294	306	306	337	360	392	570	473	562	144	144	143	154	142	161	171	154	169	388	353	349	821	835	836	1503	1489	1475	157	178	174	135	166	172	117	142	160	191	176	167
10:08:37	244	245	255	266	258	253	244	276	249	207	236	255	261	266	254	305	359	349	257	274	247	510	500	513	255	279	265	346	328	345	789	758	887	1760	1724	1614	425	496	519	255	283	253	351	327	350	252	252	254	344	364	363	269	286	275	653	642	615	280	286	273	383	383	372	524	485	558	175	156	164	180	186	148	164	163	165	416	352	358	780	810	741	1461	1466	1459	186	136	172	144	157	160	157	191	137	148	173	172
10:18:37	261	243	254	273	257	281	243	266	303	273	259	277	300	284	260	348	370	341	230	273	295	514	504	500	240	279	252	335	368	372	788	720	815	1719	1728	1627	434	490	481	246	245	246	351	339	345	246	243	251	318	366	352	252	281	284	615	627	588	262	290	291	356	384	332	544	486	548	165	193	163	157	163	184	156	182	153	373	367	333	752	796	715	1453	1456	1466	219	191	162	158	152	199	157	176	177	154	165	148
10:28:37	266	254	247	299	283	262	260	279	282	234	244	229	239	301	269	330	320	331	249	274	267	505	448	504	261	259	279	334	321	377	790	734	763	1706	1769	1672	433	471	467	268	276	275	362	333	369	256	279	242	351	358	389	277	267	264	656	649	620	286	352	297	360	409	389	569	467	574	146	183	148	190	163	177	177	167	168	372	359	374	735	729	638	1477	1411	1464	184	142	162	159	152	199	141	168	144	181	160	136
10:38:37	233	247	251	271	250	269	270	259	244	268	270	252	234	263	259	334	342	343	269	262	291	513	503	536	260	280	271	382	364	382	809	719	760	1707	1741	1664	419	510	491	268	245	260	359	365	394	283	256	262	341	365	380	258	284	275	628	604	617	316	308	286	412	371	377	552	471	574	162	166	194	182	167	193	162	170	159	372	384	354	687	739	675	1431	1470	1436	172	143	155	158	159	156	148	160	189	172	168	133
10:48:37	293	261	264	267	260	279	240	277	289	268	262	253	253	242	248	339	341	347	267	275	279	507	511	470	219	283	270	384	380	349	759	721	748	1703	1724	1681	453	497	475	242	283	259	371	354	350	251	266	232	343	374	375	275	280	262	608	604	662	263	342	311	394	374	351	586	461	560	209	177	188	171	172	142	153	172	168	371	389	380	685	695	601	1433	1406	1465	179	164	131	171	177	188	165	140	146	150	163	165
10:58:37	257	268	262	268	261	222	263	306	275	270	277	260	295	243	266	357	335	335	280	240	265	504	528	481	263	254	273	355	348	340	727	694	718	1672	1673	1657	439	493	480	290	257	225	358	350	332	273	250	276	337	360	354	303	314	310	615	617	629	320	304	310	390	347	402	606	482	568	155	178	157	174	139	189	163	168	155	385	395	388	682	709	628	1458	1457	1428	201	173	157	172	147	171	152	156	162	161	148	156
11:08:37	244	271	258	254	257	293	277	291	246	238	271	241	251	236	250	330	342	353	261	286	294	528	523	484	246	285	251	370	382	378	706	684	713	1664	1695	1585	409	453	479	248	242	264	383	370	360	272	292	261	328	376	359	280	265	309	617	608	606	314	286	321	352	399	372	567	491	583	154	154	168	184	139	181	171	159	153	382	408	383	681	712	631	1474	1419	1444	165	188	133	151	152	173	140	135	177	112	191	163
11:18:37	259	284	290	249	276	270	274	265	273	263	278	234	281	270	264	362	359	320	274	252	272	476	489	487	279	245	247	350	383	367	666	677	658	1639	1627	1510	425	456	436	264	251	248	352	384	358	254	284	281	328	342	356	285	318	297	606	589	565	296	294	306	405	364	348	554	464	573	169	173	133	167	146	154	163	168	180	349	354	379	665	682	627	1441	1429	1466	184	179	147	158	165	179	156	174	174	151	130	182
11:28:37	247	291	271	254	272	273	278	262	273	267	282	238	279	257	247	315	296	312	286	264	285	499	494	438	242	283	259	378	364	355	690	682	690	1597	1678	1644	422	437	428	259	285	297	357	335	362	297	263	274	356	350	376	254	279	288	593	594	577	298	363	324	383	358	391	549	460	590	182	156	168	157	156	163	177	160	149	374	380	360	692	693	634	1422	1410	1471	184	194	154	180	168	177	173	144	167	149	176	157
11:38:37	262	235	273	245	266	288	264	282	268	291	288	245	278	260	253	307	321	291	268	292	278	461	479	418	248	284	298	394	349	335	736	666	666	1657	1669	1567	406	451	460	250	258	250	371	386	347	261	282	259	366	384	347	258	287	257	607	573	552	338	343	328	372	381	375	558	492	592	174	157	174	180	187	137	199	185	150	328	381	337	653	692	591	1440	1432	1434	161	150	163	179	151	162	160	165	170	171	153	186
11:48:37	273	249	267	291	255	289	257	250	259	268	262	260	257	251	264	331	325	352	246	270	276	459	521	434	261	267	243	349	350	350	679	658	651	1619	1601	1486	379	395	433	259	240	270	360	364	323	263	251	272	348	338	354	296	268	301	577	542	520	337	336	329	402	363	352	561	460	561	185	129	155	183	158	150	179	163	157	365	382	353	684	669	596	1449	1450	1478	194	161	169	182	188	164	159	169	173	171	200	158
11:58:37	267	259	231	222	255	277	249	291	275	307	275	256	291	258	256	315	317	318	282	248	262	444	497	426	256	262	262	400	352	324	714	688	630	1655	1696	1513	402	404	413	263	264	267	344	340	352	289	267	236	331	347	362	240	299	282	573	549	550	312	332	328	352	377	361	558	514	553	116	158	165	153	186	164	169	169	172	376	333	324	679	661	583	1466	1463	1455	158	156	157	142	175	170	160	151	148	171	191	160
12:08:37	249	272	258	236	251	256	251	258	283	267	279	256	252	265	265	308	345	343	274	248	266	435	471	436	278	256	276	370	340	341	689	655	617	1568	1604	1519	393	387	404	249	234	251	336	316	337	262	236	263	345	351	319	274	293	285	567	542	526	338	332	325	344	342	344	586	472	529	138	150	165	130	156	121	167	187	172	346	366	354	684	660	602	1490	1494	1483	180	132	149	175	134	167	171	150	178	163	128	157
12:18:37	248	253	275	264	240	272	280	278	248	277	282	265	265	281	268	316	324	339	262	267	272	450	464	431	249	286	260	359	340	298	689	611	632	1606	1649	1537	374	411	425	240	279	271	340	312	343	270	251	237	311	358	386	288	246	270	517	539	510	336	335	355	341	376	337	564	454	545	165	156	153	165	159	173	182	186	168	318	350	285	671	656	632	1485	1439	1499	172	154	172	149	128	182	155	166	158	159	142	164
12:28:37	256	277	237	268	291	306	277	250	250	267	234	238	249	247	260	292	305	354	258	265	277	416	474	423	234	286	258	326	320	333	690	630	632	1575	1563	1541	398	428	398	255	244	255	330	311	331	263	250	256	316	324	344	251	257	261	507	515	474	294	350	338	354	339	356	537	449	528	171	159	183	181	147	161	167	146	169	332	339	355	679	644	597	1498	1519	1545	184	145	168	174	157	176	150	197	178	176	165	148
12:38:37	256	260	265	294	281	280	249	266	312	272	274	309	274	249	274	290	274	318	243	284	286	408	431	391	265	271	276	363	345	337	652	638	633	1535	1557	1532	365	392	373	248	266	278	346	327	332	255	284	274	315	344	360	286	266	289	522	516	505	341	351	347	328	328	363	521	443	530	178	186	171	158	150	156	159	161	162	330	359	332	657	642	580	1533	1456	1502	167	159	176	197	175	166	167	187	193	173	181	168
12:48:37	295	236	244	258	242	261	286	273	278	263	296	262	279	287	280	314	315	298	259	273	290	414	423	412	272	269	264	334	323	338	647	624	617	1669	1584	1592	381	399	382	229	261	258	312	317	314	265	284	237	346	309	358	247	250	247	478	504	502	345	341	324	367	332	342	493	434	502	144	165	172	185	156	163	170	166	141	326	341	340	655	658	617	1507	1538	1511	177	160	167	167	159	158	174	170	153	139	178	182
12:58:37	288	282	276	258	278	257	231	264	267	260	297	258	264	269	252	307	304	288	257	263	279	440	412	366	278	235	263	329	361	319	666	656	620	1640	1659	1603	363	379	348	271	241	261	324	316	335	300	267	276	295	323	362	286	280	272	462	468	460	352	355	361	351	347	370	497	463	480	139	181	147	164	154	175	158	186	137	352	352	326	680	692	605	1505	1470	1548	155	133	148	163	168	214	125	137	139	150	165	152
13:08:37	294	241	267	244	279	273	291	260	259	277	262	308	252	239	259	329	308	293	248	259	267	462	431	404	262	275	242	329	330	339	657	641	636	1547	1586	1560	374	389	371	260	239	232	309	288	345	269	246	267	294	334	323	269	269	251	496	473	457	329	350	334	314	314	327	485	441	459	158	149	185	180	153	156	158	168	143	323	342	338	679	650	597	1497	1510	1558	180	145	160	169	164	169	195	154	164	147	170	163
13:18:37	234	265	238	266	291	272	256	247	291	248	268	254	267	249	263	266	302	315	266	258	254	416	423	392	262	283	298	314	358	309	691	604	648	1709	1642	1601	324	373	380	244	260	265	319	308	336	253	250	253	328	318	333	240	272	313	473	480	440	342	332	343	309	344	349	516	487	476	159	165	180	149	143	162	163	171	151	330	322	330	700	661	593	1543	1537	1541	144	150	149	151	172	191	168	154	179	161	157	140
13:28:37	290	241	287	265	271	270	291	271	263	264	273	281	233	280	267	305	285	301	263	255	287	395	404	420	292	313	254	331	321	302	672	635	626	1605	1562	1582	347	362	372	218	272	239	299	301	345	260	293	266	318	338	340	291	243	277	464	453	457	326	320	337	334	353	339	512	423	457	151	152	152	166	168	150	173	170	178	304	319	302	623	642	594	1564	1573	1567	161	146	171	170	163	168	155	159	198	138	154	179
13:38:37	273	269	259	241	234	265	278	284	248	259	268	261	279	266	254	300	303	304	251	276	252	393	403	422	269	265	270	320	312	322	679	631	613	1677	1592	1592	360	350	371	250	255	289	311	309	315	259	269	262	322	335	316	264	252	267	446	444	444	318	351	357	304	349	321	454	404	437	171	162	191	181	172	186	156	172	132	327	349	299	657	653	618	1543	1520	1559	174	170	179	184	212	169	168	161	185	168	147	160
13:48:37	236	264	258	257	270	283	272	240	272	273	259	251	272	263	265	301	300	298	277	263	283	401	438	380	252	273	287	338	323	304	656	645	624	1611	1635	1610	359	367	353	293	276	242	322	324	352	295	253	253	298	314	290	262	278	283	481	452	439	317	322	300	306	340	334	464	401	435	165	175	168	169	174	171	172	184	153	328	329	296	673	672	622	1569	1563	1564	178	175	158	177	181	162	170	163	173	144	171	184
13:58:37	246	262	284	280	291	277	304	245	272	272	266	280	289	257	254	332	311	307	249	260	295	421	433	393	272	288	261	326	334	316	658	644	623	1617	1610	1585	371	361	364	255	259	281	336	290	276	260	276	240	284	330	340	259	287	273	447	453	453	338	324	321	345	335	310	425	436	430	192	156	140	199	157	146	150	153	164	330	359	322	639	621	608	1549	1592	1578	198	162	133	186	181	125	189	181	131	158	164	165
14:08:37	273	263	273	272	281	278	234	250	281	255	265	266	281	283	264	301	311	326	283	265	279	363	407	359	255	246	285	318	357	326	663	680	642	1646	1618	1612	359	341	364	270	278	259	365	286	323	292	254	293	309	303	325	273	282	274	484	467	417	321	320	329	328	344	293	467	429	470	143	145	153	157	165	143	193	172	136	308	301	318	670	653	591	1559	1574	1541	141	164	177	165	151	183	150	164	172	139	147	170
14:18:37	301	290	253	258	239	275	291	243	258	258	268	276	253	227	270	299	294	309	296	277	275	420	411	398	264	293	271	329	339	302	693	653	626	1648	1726	1601	348	395	360	265	244	282	306	316	315	264	236	242	334	326	281	262	237	225	444	442	460	361	337	342	318	334	319	418	403	444	185	150	188	140	161	162	182	177	176	323	325	315	700	658	642	1561	1591	1555	196	170	199	162	160	195	139	178	160	170	170	154
14:28:37	252	272	293	272	260	255	281	288	248	255	247	286	268	273	269	320	304	306	272	274	263	398	350	387	246	294	268	316	314	343	653	659	647	1531	1599	1595	371	388	369	262	268	246	295	312	288	263	269	273	306	342	308	276	276	260	442	470	432	336	330	315	330	317	334	400	409	453	150	160	189	170	172	139	170	178	163	323	330	311	680	632	626	1558	1558	1590	175	153	182	158	137	184	173	164	155	160	166	154
14:38:37	275	307	286	303	257	265	279	264	285	281	288	276	270	262	277	317	313	292	264	305	282	391	379	372	220	261	292	321	302	290	667	595	623	1627	1583	1594	385	324	342	269	263	250	328	309	301	279	257	239	331	331	289	264	279	246	436	429	423	326	320	340	298	304	326	424	414	431	173	155	163	181	187	169	157	144	154	326	331	320	673	602	612	1567	1524	1575	145	151	166	157	138	187	160	162	154	140	156	156
14:48:37	278	299	270	270	293	251	246	279	276	290	261	240	301	255	283	308	312	302	285	263	270	366	387	371	263	269	255	320	329	321	668	673	626	1595	1618	1578	354	361	378	236	280	250	340	305	331	251	276	221	298	296	321	264	266	283	416	423	441	353	329	304	276	308	316	418	400	422	162	169	189	151	167	140	160	186	153	311	319	297	648	674	596	1597	1515	1559	170	185	199	157	172	174	176	171	176	165	163	162
14:58:37	292	261	242	267	244	278	279	262	254	277	278	272	244	274	276	315	286	299	302	266	281	378	392	393	257	251	254	331	314	310	671	638	635	1590	1583	1594	323	362	358	238	259	287	331	303	308	270	254	257	293	310	320	268	294	280	421	449	407	311	317	323	331	342	307	405	397	421	173	173	185	173	190	164	171	164	172	298	304	330	648	667	610	1592	1551	1596	171	152	140	168	162	187	162	159	159	137	158	144
15:08:37	262	294	258	283	283	256	282	268	274	262	276	273	267	264	254	305	323	320	240	275	267	372	404	408	255	283	280	303	306	326	679	656	617	1590	1625	1616	334	340	332	260	281	286	317	329	316	260	279	274	308	335	296	266	259	274	412	427	391	300	296	290	317	326	319	426	398	398	150	166	173	164	171	150	170	172	136	338	296	301	658	623	668	1550	1545	1548	139	155	151	137	162	160	167	168	174	154	150	174
15:18:37	262	268	272	274	270	273	286	281	295	270	253	286	270	258	259	327	294	314	265	262	280	373	353	412	238	275	259	302	312	327	646	631	603	1595	1612	1603	359	376	344	235	285	296	325	298	321	251	266	257	342	303	307	265	270	261	418	441	438	324	288	305	307	331	317	457	395	419	166	183	158	177	191	181	170	178	158	299	334	304	662	665	632	1559	1561	1566	183	167	174	147	163	155	133	178	183	171	186	149
15:28:37	283	243	264	262	280	251	282	259	290	301	275	280	277	280	265	322	299	331	265	262	277	372	380	369	276	303	288	312	320	338	687	661	614	1581	1583	1637	382	393	363	242	256	268	294	302	347	288	271	260	290	333	316	276	279	262	434	421	432	307	334	314	298	311	326	406	411	427	162	184	149	150	145	173	162	159	158	318	346	326	673	677	646	1516	1511	1554	182	163	147	171	152	152	182	155	160	178	140	159
15:38:37	261	297	287	266	291	253	290	257	296	258	256	255	260	249	292	335	316	327	253	298	287	384	381	390	283	248	284	324	314	320	648	646	639	1601	1614	1641	328	341	333	273	264	252	322	299	288	249	249	275	315	294	293	247	270	271	418	393	429	306	317	320	334	314	343	385	399	429	158	139	169	154	147	191	146	169	180	317	297	295	651	646	644	1520	1569	1518	168	169	162	183	163	168	147	126	123	187	166	161
15:48:37	267	268	286	275	265	279	276	291	285	260	253	247	285	263	268	314	305	287	271	257	285	385	394	368	291	266	251	303	323	297	668	649	677	1580	1595	1589	390	334	360	276	260	272	340	325	329	218	271	234	290	301	294	255	284	273	381	440	432	307	329	351	328	325	334	447	436	434	190	188	171	153	148	139	187	167	156	312	309	303	646	616	621	1552	1515	1515	195	153	143	181	168	171	165	170	177	160	160	155
15:58:37	276	258	265	274	295	270	273	246	284	261	296	259	234	295	242	286	288	274	274	297	246	355	363	377	270	279	279	334	301	285	672	646	660	1591	1580	1605	386	384	374	286	283	285	312	297	310	261	272	255	313	324	342	268	277	251	403	453	422	311	313	307	322	285	307	410	395	392	154	170	177	142	180	178	155	179	180	329	290	274	646	645	623	1570	1515	1500	159	150	154	165	165	176	160	175	140	137	165	178
16:08:37	255	288	274	287	258	260	271	288	274	283	280	259	276	274	253	268	311	314	287	246	272	383	405	369	266	280	280	311	343	325	695	699	654	1588	1564	1586	355	389	351	266	295	287	348	321	307	284	265	267	335	324	325	281	264	272	413	419	426	311	311	330	288	340	316	414	424	427	162	199	160	159	174	163	167	163	136	342	314	325	664	637	630	1509	1516	1517	175	152	157	160	153	178	143	190	139	151	112	134
16:18:37	279	248	285	288	248	258	265	290	265	283	268	265	259	228	295	311	312	294	248	261	263	373	370	371	256	268	264	302	334	298	661	655	637	1524	1538	1597	393	329	350	262	283	273	321	298	319	242	261	249	302	251	342	279	266	284	427	409	429	311	316	309	318	315	331	400	410	421	174	138	167	158	156	159	167	177	145	326	325	313	651	640	597	1524	1532	1513	161	172	146	142	170	174	149	170	164	177	156	196
16:28:37	275	238	292	289	270	256	273	275	249	269	277	254	253	266	266	328	295	294	263	262	256	376	388	401	262	288	272	336	261	312	680	678	659	1535	1586	1541	346	369	387	263	273	269	293	335	316	281	252	255	296	311	281	279	256	297	412	436	419	311	328	323	294	335	341	389	426	401	181	161	154	172	168	165	162	145	136	302	307	305	640	657	630	1520	1513	1539	172	163	167	172	142	157	145	155	159	156	154	140
16:38:37	271	264	256	279	254	279	287	301	260	252	290	261	249	256	254	283	299	329	295	282	283	383	351	378	282	266	286	333	340	317	659	660	688	1581	1590	1583	400	350	360	254	284	303	313	310	309	281	270	247	278	312	297	263	269	277	432	412	451	319	299	300	329	320	331	415	406	407	170	178	175	139	159	193	175	154	170	306	308	297	665	654	633	1518	1488	1490	191	121	139	148	168	152	160	150	164	135	133	153
16:48:37	275	289	266	249	272	281	283	292	294	278	263	302	262	275	252	288	290	308	273	281	283	395	372	394	265	277	275	302	350	332	649	684	651	1557	1527	1575	325	363	360	276	267	275	303	322	324	273	253	248	299	318	311	262	271	247	436	447	401	314	308	301	350	315	334	424	403	401	171	154	165	163	164	148	171	164	152	316	316	331	682	621	652	1488	1517	1486	161	175	163	156	200	183	144	153	166	172	160	176
16:58:37	275	250	259	272	245	277	269	277	259	254	293	279	252	273	299	311	330	279	291	249	299	370	380	373	282	288	253	321	302	297	651	676	639	1559	1542	1541	344	362	367	273	273	286	322	326	287	275	279	271	281	273	313	300	273	244	430	449	443	292	310	323	305	313	311	419	425	419	165	164	153	164	156	184	163	172	166	315	295	333	676	651	646	1531	1532	1495	172	139	155	152	128	130	157	181	149	143	185	120
17:08:37	301	294	279	278	254	277	299	290	290	282	283	287	269	279	272	269	297	322	267	253	261	378	380	358	249	299	281	352	312	324	636	669	647	1519	1539	1578	342	376	367	271	277	278	301	300	309	274	261	270	310	319	312	262	298	244	391	420	433	297	321	293	295	325	308	423	424	425	174	190	185	162	162	177	146	166	166	311	319	331	688	652	649	1560	1495	1544	154	155	162	191	177	155	142	137	145	159	174	170
17:18:37	274	303	270	272	283	278	281	280	276	255	246	243	295	266	270	318	314	305	259	236	271	384	401	362	257	297	295	310	319	324	668	639	699	1516	1530	1554	347	306	350	258	269	276	299	331	292	254	272	268	308	313	316	296	274	298	415	436	449	307	296	298	335	363	353	447	399	413	177	176	202	145	152	178	159	153	154	306	331	338	674	659	632	1479	1458	1482	190	148	159	190	168	172	179	156	161	175	154	157
17:28:37	246	289	313	269	253	273	261	295	299	271	267	251	279	264	271	283	328	317	274	295	293	395	380	396	254	291	288	335	304	330	668	631	669	1532	1515	1568	334	369	374	273	232	260	280	309	350	262	284	282	308	308	317	265	282	252	457	457	427	284	308	289	311	330	322	398	429	414	170	158	145	185	163	193	141	166	183	333	334	288	656	632	617	1491	1491	1500	152	158	157	139	148	154	136	131	144	154	174	150
17:38:37	276	286	267	257	290	272	269	284	276	283	296	235	271	271	278	318	316	333	282	259	252	353	353	394	264	274	273	316	317	313	664	673	663	1535	1538	1553	362	368	348	276	270	279	321	317	314	269	248	276	294	321	288	271	273	271	422	447	406	300	305	320	320	338	335	422	395	441	169	163	193	155	195	146	137	160	193	328	332	336	681	656	658	1481	1469	1532	167	151	128	168	180	160	180	139	161	150	137	156
17:48:37	250	290	278	291	291	260	255	266	300	277	275	275	264	260	224	321	310	292	283	279	256	354	381	414	262	274	274	327	287	364	698	666	643	1523	1563	1527	364	348	351	250	290	265	309	292	329	278	261	279	290	302	326	258	293	280	416	449	413	308	320	288	331	318	303	426	418	442	178	178	154	178	121	154	167	156	180	319	317	307	646	671	612	1477	1449	1499	173	160	139	160	150	170	146	172	165	192	201	155
17:58:37	288	265	279	244	283	274	293	266	321	245	306	253	271	262	249	307	332	316	250	273	306	389	415	393	263	281	275	318	336	317	649	650	651	1520	1510	1519	338	365	351	256	295	279	313	318	324	236	254	251	302	305	297	273	270	259	436	463	437	313	349	278	297	308	318	431	408	426	160	177	183	169	146	190	150	136	180	280	320	286	671	643	673	1473	1468	1518	173	168	136	142	185	173	159	153	166	160	153	139
18:08:37	303	296	261	259	281	251	278	321	272	233	264	266	260	276	280	306	313	307	283	265	263	367	387	403	284	253	303	320	310	317	676	660	659	1459	1492	1514	361	333	342	279	274	273	309	306	314	266	294	259	271	310	296	279	257	310	403	433	442	321	340	292	340	336	309	380	412	407	161	178	160	155	152	175	180	133	143	274	295	322	624	652	620	1473	1452	1475	195	199	134	153	151	177	156	156	175	127	145	150
18:18:37	307	264	246	255	286	266	260	284	287	248	251	258	257	260	259	292	301	300	281	260	267	407	367	379	285	267	271	300	317	319	658	646	629	1498	1534	1508	329	362	360	253	258	271	272	275	328	263	284	242	310	302	308	277	271	275	423	415	428	316	318	324	335	310	268	378	416	407	185	208	192	170	161	165	147	186	182	338	315	307	662	594	632	1517	1460	1490	178	164	144	171	154	169	144	169	166	154	168	185
18:28:37	275	273	280	268	264	252	276	299	284	255	263	259	260	268	269	301	340	299	288	262	287	347	363	401	265	280	271	319	332	318	668	648	665	1483	1519	1469	354	391	337	238	258	303	317	335	309	255	250	254	312	316	300	286	273	248	452	418	475	308	307	281	300	318	329	388	419	409	177	143	184	149	160	155	165	174	159	311	313	312	681	606	654	1519	1467	1432	148	155	168	172	160	176	163	153	142	170	181	181
18:38:37	269	258	283	272	271	272	271	292	256	263	294	287	259	259	259	305	267	279	269	289	256	391	394	389	262	273	239	326	324	344	663	644	668	1463	1529	1554	390	378	389	260	261	274	348	338	323	249	297	251	309	275	317	264	269	251	442	446	419	314	291	334	333	316	291	422	422	433	162	177	179	146	149	155	160	124	150	320	308	332	654	652	628	1458	1478	1462	187	163	174	166	164	165	187	161	168	145	152	161
18:48:37	283	270	245	256	290	250	280	285	310	284	282	230	270	261	278	309	296	316	272	272	270	379	361	405	253	273	297	305	318	290	669	664	631	1484	1501	1546	357	376	377	274	282	263	306	309	316	270	263	222	311	300	302	273	283	286	410	446	441	308	298	303	319	301	291	400	418	442	200	150	185	143	141	153	185	168	167	312	299	320	615	649	646	1447	1471	1487	194	165	162	152	169	180	168	172	167	156	151	191
18:58:37	272	276	255	272	248	301	276	286	288	245	281	274	245	279	269	295	290	317	293	285	262	377	394	396	269	249	272	333	330	313	646	649	677	1486	1484	1529	333	392	332	266	253	283	314	318	318	247	290	276	297	354	305	295	262	294	408	439	481	311	305	298	321	320	317	393	417	395	149	178	185	168	148	158	144	162	171	328	300	337	651	617	635	1435	1492	1446	174	144	165	178	142	166	169	184	130	177	180	178
19:08:37	245	238	266	291	271	272	268	300	285	258	272	246	276	274	283	316	301	301	275	278	276	379	371	388	264	276	247	335	284	336	663	645	634	1467	1545	1550	346	337	366	299	270	256	287	304	315	272	270	262	303	312	315	273	253	273	433	447	417	332	334	310	329	317	345	396	427	423	146	168	166	185	151	164	150	159	157	331	301	345	674	650	634	1468	1440	1465	163	146	157	157	182	169	162	184	141	140	141	162
19:18:37	275	280	292	252	259	289	276	252	268	289	271	252	281	269	277	268	310	302	239	285	273	380	383	401	308	282	266	323	292	344	635	638	630	1486	1499	1543	345	361	364	264	277	277	328	293	334	277	272	229	308	305	297	258	272	268	414	434	477	327	309	326	279	307	353	384	427	410	183	162	165	181	174	170	170	168	138	303	303	339	644	598	657	1447	1472	1451	193	160	141	157	168	163	177	121	136	164	173	174
19:28:37	275	252	266	301	295	277	309	256	251	280	261	283	275	267	296	289	323	309	273	279	286	379	361	381	282	282	266	325	316	311	639	625	645	1510	1517	1543	336	395	368	257	267	289	328	338	296	259	262	277	310	308	307	237	281	258	435	458	404	298	289	297	318	334	319	412	408	423	130	159	188	161	151	151	142	173	144	307	326	296	635	628	611	1484	1444	1443	192	148	171	159	131	165	165	150	158	148	130	147
19:38:37	303	255	250	250	280	249	296	287	286	275	271	285	251	293	283	317	270	273	255	282	288	395	383	423	258	291	280	314	292	307	612	655	613	1474	1494	1537	369	326	326	286	269	269	309	330	326	280	258	272	305	313	346	288	287	289	480	408	412	305	310	302	322	355	295	406	433	425	148	179	174	177	151	135	154	155	131	356	312	322	628	585	626	1431	1442	1444	174	180	128	170	140	147	163	156	183	161	143	155
19:48:37	279	283	302	269	290	275	286	294	293	281	255	252	314	255	281	303	320	325	266	296	269	366	402	396	280	271	269	326	339	328	663	656	664	1440	1524	1503	316	360	374	265	243	290	335	295	336	274	260	277	313	321	312	281	296	284	438	453	449	304	311	331	355	350	312	416	425	418	193	165	160	176	150	158	185	166	139	332	330	303	642	621	648	1438	1458	1480	178	158	153	199	150	212	157	152	143	149	188	144
19:58:37	263	276	251	284	264	280	310	276	318	272	268	244	273	271	292	320	334	300	293	268	276	398	388	432	262	263	296	314	323	331	633	635	646	1437	1516	1524	373	382	375	267	267	255	310	322	300	268	292	271	300	314	349	297	262	285	420	411	451	330	334	323	312	337	334	414	426	427	168	154	166	143	141	171	162	151	150	285	299	288	642	623	595	1452	1432	1457	169	176	139	174	167	192	161	148	140	151	171	162
20:08:37	268	285	265	272	287	273	268	266	297	272	281	271	265	261	263	295	308	299	280	280	265	383	359	384	285	290	306	343	344	314	621	617	610	1505	1519	1516	343	367	368	265	269	258	316	334	320	292	261	270	322	302	321	274	276	279	413	489	451	351	324	320	322	312	323	387	438	423	126	148	171	150	136	139	156	184	156	324	331	314	633	600	611	1412	1432	1446	170	158	146	159	146	191	170	163	176	164	172	149
20:18:37	263	272	281	264	292	269	267	289	303	252	271	255	286	279	253	305	285	320	267	288	292	365	380	379	265	254	299	328	328	340	658	636	637	1482	1513	1460	356	377	352	269	251	285	310	355	332	262	250	250	276	307	332	274	284	277	472	418	429	315	348	291	330	334	309	436	420	419	164	163	162	166	174	152	122	162	155	332	300	343	624	619	614	1464	1445	1475	165	158	160	165	156	152	166	144	150	184	169	150
20:28:37	255	285	265	270	308	275	282	270	263	268	249	300	281	274	272	306	275	300	252	293	287	391	364	368	267	268	268	297	311	336	631	653	635	1470	1487	1496	374	367	384	275	273	285	302	300	314	280	291	275	291	331	326	288	277	273	444	441	432	339	294	305	331	330	310	442	404	430	159	151	150	159	158	161	147	183	184	327	319	310	605	607	646	1451	1462	1445	175	164	179	162	157	151	175	157	154	176	172	143
20:38:37	256	264	296	280	298	253	283	262	291	274	285	280	287	265	289	284	324	287	270	247	292	399	364	394	275	295	261	336	354	314	595	621	642	1429	1526	1516	343	376	351	243	280	285	319	344	333	281	287	282	307	320	305	272	280	282	435	437	421	321	331	309	340	368	341	387	411	434	142	155	154	158	181	180	133	149	137	299	322	316	612	627	629	1420	1470	1445	138	154	158	170	186	178	161	156	137	156	148	130
20:48:37	287	301	277	277	269	252	285	278	305	292	276	265	276	303	285	296	321	308	285	276	308	375	372	406	246	278	299	295	331	330	646	618	651	1528	1512	1469	345	337	358	272	254	269	310	331	327	252	307	251	322	337	320	250	298	302	411	429	433	315	337	302	354	331	333	443	408	434	191	147	145	168	166	164	180	179	179	360	322	323	640	632	598	1459	1451	1477	162	188	155	157	176	177	150	169	152	148	157	162
20:58:37	288	282	289	272	281	237	282	279	279	288	250	262	290	280	261	313	300	343	284	247	268	352	373	407	273	290	262	314	321	328	606	620	603	1480	1492	1507	355	361	386	253	261	289	354	357	297	257	282	264	294	342	302	314	267	260	458	440	462	330	297	334	295	302	357	393	396	396	182	117	162	151	174	143	169	157	147	344	320	320	639	610	605	1437	1431	1412	126	151	167	177	134	169	159	169	122	152	160	154
21:08:37	303	272	250	281	250	239	276	279	274	300	267	272	292	287	248	321	321	354	303	274	289	376	396	396	260	289	287	290	313	318	656	639	617	1458	1499	1527	375	402	322	305	278	274	295	332	339	247	268	249	280	275	291	271	273	246	424	469	458	297	297	325	290	330	297	405	451	438	188	125	137	178	202	147	170	155	185	353	284	304	625	621	594	1413	1470	1419	185	177	168	153	152	176	195	184	158	138	173	176
21:18:37	241	304	294	266	267	253	284	289	301	270	286	258	256	269	266	307	315	298	274	283	284	383	355	394	279	286	276	321	330	347	641	639	622	1467	1473	1488	336	384	392	279	301	288	331	314	309	285	278	262	295	332	320	297	270	273	444	422	441	330	331	316	320	318	328	398	432	419	186	172	188	151	149	168	155	164	165	323	330	337	621	601	596	1477	1456	1408	169	170	157	164	189	165	147	166	173	197	174	169
21:28:37	278	268	277	263	274	305	320	271	256	246	252	283	275	262	272	310	299	304	277	296	313	366	396	399	279	288	279	308	343	336	644	615	617	1483	1511	1474	362	337	397	241	294	273	316	318	349	265	291	277	308	370	292	271	262	288	450	452	447	301	317	320	356	321	325	443	422	444	190	170	162	151	185	173	155	175	188	328	322	324	623	613	582	1446	1410	1433	149	156	141	148	154	170	163	170	181	154	123	172
21:38:37	264	247	270	268	259	274	252	274	316	304	270	276	292	285	307	298	338	286	319	280	298	372	374	397	289	278	278	326	332	324	627	602	636	1500	1474	1530	325	376	372	246	279	241	321	320	367	259	306	273	295	333	323	276	246	282	427	464	428	290	319	298	291	353	336	437	450	448	170	151	175	139	162	182	156	153	146	305	327	306	642	615	595	1464	1454	1461	178	141	179	168	152	174	133	163	152	157	164	149
21:48:37	283	280	284	282	289	290	283	320	266	270	263	252	278	273	275	310	336	324	292	307	274	381	379	382	241	274	267	371	368	326	647	614	620	1459	1435	1518	373	391	374	286	276	266	312	287	362	280	311	255	321	287	323	263	256	318	463	477	448	329	348	328	326	349	345	415	439	429	162	131	153	172	163	139	134	178	177	321	328	320	641	599	635	1414	1433	1449	142	143	141	162	162	168	180	172	168	176	175	153
21:58:37	290	297	270	269	296	280	263	295	308	273	267	285	263	301	262	303	348	316	289	287	303	373	343	395	282	275	247	326	331	325	634	677	621	1450	1460	1503	365	364	372	259	281	284	324	310	334	304	246	243	326	288	326	278	253	262	445	465	427	309	335	305	352	368	344	433	425	423	114	147	169	147	149	179	143	198	157	279	304	273	621	651	621	1449	1391	1469	164	131	166	157	159	190	188	156	178	173	159	164
22:08:37	272	273	285	261	261	261	316	309	289	289	302	258	280	222	268	325	281	302	288	293	268	379	381	415	274	256	299	325	294	331	596	607	676	1472	1507	1488	343	335	404	279	261	280	319	327	312	259	249	253	320	317	316	282	252	271	441	458	440	305	320	307	348	327	354	422	432	426	139	135	139	142	165	169	174	166	157	336	325	327	645	616	593	1391	1414	1446	148	122	164	153	170	200	162	150	154	145	187	161
22:18:37	277	305	294	295	311	250	278	314	279	268	292	274	279	285	267	318	318	277	315	290	290	347	377	405	282	290	296	323	362	319	634	596	636	1470	1485	1470	364	374	358	303	260	273	303	324	336	295	271	265	295	310	321	263	249	232	420	433	474	328	343	324	316	343	331	405	412	406	149	156	134	160	133	158	161	180	162	305	334	347	638	601	576	1391	1441	1438	165	146	161	167	166	194	130	168	118	162	147	106
22:28:37	259	270	258	279	258	285	309	289	274	255	263	285	272	289	275	320	317	295	307	316	291	392	407	418	251	286	281	340	306	329	621	639	605	1471	1528	1464	337	350	362	268	263	277	309	305	310	250	247	256	338	309	326	267	282	281	445	433	436	362	338	297	297	309	334	395	444	445	149	178	158	154	156	175	171	174	161	345	326	287	604	614	632	1424	1464	1390	166	154	190	176	161	157	194	155	169	167	158	153
22:38:37	274	284	283	299	248	279	305	294	287	248	277	264	256	292	272	294	324	302	298	252	288	410	386	420	279	250	295	311	301	331	656	652	622	1474	1432	1503	365	385	384	293	279	294	343	310	308	293	270	283	339	312	339	289	265	249	444	481	456	325	299	346	316	308	334	396	418	436	143	178	170	137	193	164	157	182	138	317	321	342	640	582	600	1445	1439	1452	164	122	176	130	147	192	144	189	172	150	166	139
22:48:37	275	287	268	269	271	285	297	280	316	260	235	257	283	299	285	324	291	325	326	294	280	399	392	381	255	285	302	286	313	333	598	640	607	1459	1462	1472	364	360	375	287	306	266	324	334	327	278	282	266	304	300	304	271	274	296	441	447	446	283	298	349	326	307	323	426	433	431	162	133	135	138	155	146	172	181	211	335	337	318	615	596	602	1437	1430	1377	175	157	139	150	165	171	172	162	185	140	136	142
22:58:37	281	257	291	281	258	269	303	269	301	251	299	265	272	286	311	279	308	299	288	301	292	406	404	413	300	266	309	313	343	351	623	591	613	1433	1497	1439	365	360	378	273	248	280	340	320	317	260	263	236	290	305	292	265	296	252	413	448	450	318	324	344	312	334	315	444	424	421	142	144	169	155	157	148	145	151	141	324	325	325	613	601	602	1419	1435	1417	149	142	155	172	158	247	171	173	174	183	140	201
23:08:37	279	310	262	253	259	278	290	254	290	262	317	245	241	277	274	311	275	293	274	276	302	354	384	384	275	274	264	336	305	329	617	625	638	1447	1442	1505	397	374	362	263	286	269	334	324	324	266	263	269	303	360	324	266	276	276	443	409	435	306	299	304	337	329	332	430	432	430	175	145	157	170	156	163	183	180	153	309	308	314	609	616	565	1416	1410	1411	183	174	144	150	152	221	143	167	172	140	119	157
23:18:37	287	263	287	250	274	286	277	265	271	283	269	274	233	314	290	286	321	316	280	302	286	398	349	358	278	215	325	344	315	337	613	606	624	1437	1458	1427	343	386	356	253	285	253	271	320	330	291	262	285	323	308	298	273	252	279	404	448	461	338	355	329	350	334	344	395	429	421	153	164	151	155	139	142	140	152	157	300	309	303	606	569	623	1436	1423	1411	185	161	142	157	186	223	168	133	173	152	157	171
23:28:37	293	257	280	288	249	272	296	301	273	272	249	256	249	262	277	308	327	300	297	266	295	394	373	397	244	299	271	330	336	309	586	610	603	1458	1452	1421	358	372	376	277	270	282	325	321	316	293	327	252	274	309	308	291	243	243	454	477	461	324	332	344	346	335	325	402	425	425	168	182	159	158	144	151	181	135	150	325	345	311	571	584	603	1425	1386	1409	173	147	136	180	154	215	131	151	175	165	148	151
23:38:37	303	269	275	234	319	274	293	280	294	282	274	260	287	291	283	280	330	345	319	277	289	388	365	400	267	273	290	346	302	337	601	612	594	1440	1466	1499	374	343	376	267	285	285	321	335	297	280	308	248	316	298	314	274	289	257	435	438	440	327	324	316	337	299	313	405	427	418	177	148	167	195	147	142	158	168	171	316	308	321	597	603	581	1437	1420	1391	161	154	151	178	112	260	158	156	158	153	148	179
23:48:37	251	303	263	283	266	266	286	271	300	301	282	275	256	313	290	332	328	320	336	291	277	359	382	388	283	296	276	316	317	361	622	604	622	1444	1466	1458	384	387	377	253	262	308	340	311	323	288	272	278	312	337	338	244	258	255	439	427	448	329	322	338	318	309	326	403	445	446	145	150	147	142	153	137	129	154	121	309	316	314	611	614	554	1389	1357	1451	171	171	118	141	140	274	130	173	146	143	127	168
23:58:37	255	282	289	245	277	282	321	311	271	305	256	268	302	288	274	316	320	353	281	313	272	366	368	398	264	274	287	319	315	329	615	607	597	1459	1463	1496	325	351	392	277	286	267	317	341	335	275	281	275	289	327	332	299	251	281	478	452	433	342	318	331	330	328	360	426	438	425	172	157	154	177	135	145	148	178	159	336	330	317	560	582	587	1377	1437	1448	152	158	142	152	175	221	154	180	155	171	169	179
24:08:37	291	264	269	263	289	276	285	272	289	274	280	287	294	286	321	328	281	316	293	292	306	385	355	388	300	284	289	328	325	335	615	604	636	1436	1459	1456	351	351	355	262	271	314	322	302	292	298	272	267	308	326	292	279	299	243	462	430	422	307	332	351	350	331	352	434	447	447	141	196	147	134	121	172	170	164	130	351	335	317	651	594	578	1411	1400	1396	154	172	139	128	163	224	164	157	154	167	168	153
24:18:37	290	278	291	272	261	253	292	274	280	272	249	254	260	248	267	320	294	334	300	312	276	365	381	409	256	264	276	329	309	340	625	576	600	1473	1474	1436	329	364	322	258	248	293	325	314	327	220	290	271	308	342	279	297	278	283	440	421	479	337	339	314	342	318	338	384	438	422	190	171	160	154	170	142	154	162	125	336	307	327	636	585	599	1417	1433	1363	197	140	145	157	162	244	167	169	159	129	189	117
24:28:37	276	298	263	256	276	301	265	298	276	283	278	258	285	241	282	307	311	294	298	306	327	386	369	419	297	255	295	324	324	341	580	605	611	1453	1425	1465	366	386	359	258	283	251	306	343	333	275	278	288	299	284	321	277	311	303	441	443	449	289	313	317	342	313	351	413	470	431	180	152	144	134	157	173	175	151	143	288	345	321	593	604	600	1415	1418	1380	162	168	145	145	159	245	141	174	151	168	182	143
24:38:37	262	259	295	265	281	267	314	282	291	273	255	274	289	279	275	289	344	357	288	290	289	379	396	392	286	256	307	336	338	321	616	620	608	1438	1486	1440	321	376	358	260	277	290	343	316	323	275	250	269	331	328	341	307	287	287	454	445	450	322	348	339	348	355	345	446	437	419	180	130	178	173	120	138	171	146	181	332	307	315	582	585	612	1428	1430	1413	136	147	129	171	162	246	150	187	124	203	174	161
24:48:37	244	271	294	276	265	260	270	334	290	267	270	263	257	263	267	293	333	307	298	287	316	399	399	388	270	279	272	345	333	337	608	603	604	1404	1418	1459	349	354	387	282	277	296	291	313	312	272	287	271	332	316	359	279	305	291	472	438	450	363	335	325	344	330	327	400	450	454	148	163	141	130	154	127	155	166	156	326	316	342	592	633	555	1360	1404	1351	157	156	163	169	139	268	161	140	170	168	185	166
24:58:37	275	276	259	266	268	273	293	317	269	254	285	229	278	241	271	294	311	328	280	305	314	376	401	370	289	271	285	324	359	367	618	620	583	1485	1473	1495	370	361	388	257	295	289	313	364	340	278	280	280	322	340	297	284	305	261	475	459	470	321	317	316	356	342	309	440	474	434	168	138	160	178	150	141	147	146	159	333	309	317	600	565	562	1435	1416	1383	159	141	138	149	168	265	150	131	147	154	163	175
25:08:37	247	282	270	266	261	284	304	270	290	260	298	278	270	269	277	317	344	317	302	283	335	387	396	394	281	290	303	337	356	326	597	585	626	1450	1495	1436	366	363	351	261	305	267	336	346	326	257	260	294	280	316	307	278	276	281	440	429	446	314	317	346	345	328	328	444	426	468	155	153	167	164	155	163	168	146	160	322	338	338	613	608	618	1442	1393	1385	180	137	153	167	171	240	170	166	142	160	154	142
25:18:37	294	279	300	309	266	291	276	297	280	295	288	277	253	272	282	311	325	319	318	316	298	369	382	443	285	279	294	303	332	307	608	597	577	1441	1470	1460	396	400	365	280	287	255	340	326	321	279	238	282	319	339	324	263	243	270	458	423	445	315	345	303	326	327	356	416	447	455	182	141	185	176	145	135	159	143	186	305	321	323	606	611	628	1371	1392	1459	163	162	156	127	145	267	164	172	154	174	153	147
25:28:37	271	284	274	280	267	267	300	298	301	261	268	277	295	300	296	320	294	305	300	282	268	378	369	416	295	309	293	334	331	322	636	589	597	1429	1479	1458	352	366	377	273	262	288	302	326	303	303	259	252	317	324	269	284	292	314	440	444	422	357	375	351	310	340	328	417	433	447	127	142	146	163	140	141	155	159	152	346	319	355	605	619	574	1433	1383	1405	166	136	162	141	135	281	152	164	177	150	151	157
25:38:37	297	287	235	274	214	258	312	306	264	308	254	277	305	263	279	316	330	298	285	301	290	397	383	426	269	275	290	317	306	345	603	588	646	1458	1443	1446	363	365	375	303	244	298	296	357	324	263	285	243	299	315	308	284	261	271	435	457	441	344	357	307	344	361	336	465	436	452	178	177	142	157	151	163	178	173	155	323	318	309	601	596	587	1435	1439	1395	163	165	124	146	149	305	151	164	136	133	141	154

