600

Kinetic read	A1	A2	A3	A4	A5	A6	A7	A8	A9	A10	A11	A12	B1	B2	B3	B4	B5	B6	B7	B8	B9	B10	B11	B12	C1	C2	C3	C4	C5	C6	C7	C8	C9	C10	C11	C12	D1	D2	D3	D4	D5	D6	D7	D8	D9	D10	D11	D12	E1	E2	E3	E4	E5	E6	E7	E8	E9	E10	E11	E12	F1	F2	F3	F4	F5	F6	F7	F8	F9	F10	F11	F12	G1	G2	G3	G4	G5	G6	G7	G8	G9	G10	G11	G12	H1	H2	H3	H4	H5	H6	H7	H8	H9	H10	H11	H12
0:06:43	0.115	0.122	0.122	0.126	0.121	0.126	0.123	0.131	0.100	0.103	0.103	0.108	0.117	0.130	0.126	0.136	0.130	0.131	0.120	0.133	0.103	0.098	0.102	0.102	0.119	0.129	0.127	0.131	0.125	0.127	0.119	0.148	0.098	0.100	0.099	0.102	0.120	0.138	0.138	0.131	0.125	0.133	0.132	0.137	0.099	0.105	0.101	0.104	0.120	0.135	0.124	0.136	0.125	0.135	0.126	0.133	0.103	0.104	0.107	0.103	0.125	0.132	0.127	0.132	0.127	0.136	0.122	0.140	0.100	0.099	0.103	0.103	0.122	0.128	0.133	0.139	0.132	0.136	0.124	0.134	0.097	0.103	0.108	0.099	0.146	0.124	0.130	0.137	0.125	0.131	0.123	0.130	0.098	0.097	0.107	0.099
0:16:43	0.117	0.127	0.127	0.133	0.122	0.128	0.124	0.135	0.099	0.103	0.103	0.108	0.118	0.131	0.128	0.137	0.130	0.133	0.121	0.137	0.103	0.098	0.102	0.102	0.119	0.129	0.128	0.134	0.126	0.128	0.120	0.143	0.098	0.100	0.099	0.103	0.120	0.139	0.137	0.135	0.126	0.134	0.130	0.138	0.099	0.105	0.101	0.104	0.120	0.136	0.125	0.138	0.127	0.137	0.129	0.134	0.103	0.104	0.107	0.103	0.127	0.134	0.128	0.135	0.129	0.138	0.124	0.142	0.100	0.099	0.103	0.102	0.123	0.135	0.134	0.142	0.133	0.138	0.126	0.136	0.097	0.103	0.108	0.100	0.141	0.127	0.131	0.138	0.127	0.133	0.124	0.134	0.097	0.097	0.107	0.099
0:26:43	0.117	0.131	0.131	0.139	0.124	0.136	0.124	0.134	0.099	0.103	0.103	0.108	0.120	0.134	0.129	0.136	0.131	0.133	0.122	0.139	0.102	0.098	0.102	0.101	0.119	0.131	0.128	0.135	0.128	0.135	0.121	0.138	0.098	0.100	0.099	0.102	0.122	0.141	0.139	0.137	0.127	0.135	0.130	0.143	0.098	0.105	0.101	0.104	0.121	0.139	0.127	0.141	0.129	0.139	0.130	0.138	0.103	0.104	0.106	0.102	0.128	0.136	0.130	0.135	0.130	0.140	0.125	0.144	0.100	0.099	0.102	0.102	0.124	0.135	0.137	0.143	0.135	0.140	0.128	0.139	0.097	0.103	0.108	0.100	0.136	0.128	0.133	0.140	0.128	0.134	0.125	0.134	0.097	0.097	0.107	0.099
0:36:43	0.120	0.136	0.132	0.143	0.125	0.140	0.126	0.135	0.099	0.103	0.103	0.108	0.120	0.136	0.136	0.138	0.133	0.136	0.124	0.141	0.103	0.098	0.102	0.101	0.120	0.133	0.130	0.138	0.131	0.134	0.123	0.141	0.098	0.100	0.098	0.102	0.124	0.142	0.141	0.140	0.130	0.135	0.130	0.147	0.099	0.105	0.101	0.104	0.122	0.140	0.130	0.143	0.130	0.140	0.131	0.140	0.102	0.104	0.106	0.102	0.129	0.138	0.131	0.138	0.132	0.141	0.128	0.146	0.099	0.099	0.102	0.102	0.125	0.135	0.138	0.146	0.137	0.141	0.128	0.140	0.097	0.103	0.108	0.100	0.135	0.130	0.135	0.142	0.130	0.135	0.127	0.136	0.097	0.097	0.107	0.099
0:46:43	0.120	0.139	0.128	0.143	0.128	0.135	0.127	0.135	0.099	0.103	0.103	0.108	0.121	0.140	0.133	0.147	0.134	0.138	0.126	0.142	0.103	0.098	0.102	0.102	0.122	0.142	0.133	0.141	0.134	0.136	0.125	0.140	0.098	0.100	0.099	0.102	0.124	0.147	0.143	0.143	0.130	0.147	0.132	0.146	0.098	0.105	0.101	0.104	0.124	0.142	0.132	0.145	0.133	0.143	0.133	0.142	0.103	0.104	0.106	0.103	0.131	0.140	0.133	0.140	0.135	0.143	0.129	0.149	0.099	0.100	0.103	0.102	0.126	0.138	0.140	0.149	0.139	0.144	0.131	0.142	0.097	0.103	0.108	0.100	0.131	0.132	0.136	0.144	0.131	0.138	0.128	0.137	0.097	0.097	0.107	0.099
0:56:43	0.128	0.136	0.134	0.149	0.129	0.148	0.129	0.137	0.099	0.103	0.103	0.108	0.123	0.139	0.135	0.148	0.138	0.140	0.127	0.145	0.102	0.098	0.102	0.101	0.124	0.147	0.142	0.144	0.144	0.138	0.127	0.145	0.098	0.100	0.099	0.102	0.126	0.147	0.148	0.145	0.135	0.148	0.132	0.149	0.098	0.105	0.101	0.104	0.126	0.145	0.134	0.149	0.135	0.146	0.135	0.144	0.103	0.104	0.106	0.102	0.133	0.142	0.136	0.143	0.137	0.146	0.131	0.151	0.099	0.099	0.102	0.102	0.128	0.141	0.142	0.151	0.141	0.146	0.133	0.145	0.097	0.103	0.108	0.100	0.131	0.135	0.139	0.147	0.134	0.140	0.130	0.141	0.097	0.097	0.107	0.099
1:06:43	0.130	0.134	0.133	0.153	0.131	0.149	0.130	0.148	0.099	0.103	0.102	0.108	0.125	0.143	0.139	0.154	0.142	0.144	0.129	0.148	0.102	0.098	0.102	0.101	0.124	0.154	0.153	0.148	0.156	0.153	0.129	0.152	0.097	0.100	0.098	0.102	0.128	0.148	0.147	0.148	0.137	0.150	0.134	0.152	0.098	0.105	0.101	0.104	0.128	0.148	0.137	0.152	0.137	0.148	0.137	0.149	0.102	0.104	0.106	0.102	0.135	0.145	0.138	0.147	0.139	0.148	0.133	0.154	0.099	0.099	0.102	0.102	0.130	0.144	0.145	0.154	0.143	0.148	0.134	0.149	0.097	0.103	0.108	0.100	0.132	0.137	0.141	0.149	0.136	0.142	0.131	0.143	0.097	0.097	0.106	0.099
1:16:43	0.130	0.144	0.140	0.160	0.134	0.157	0.132	0.163	0.099	0.103	0.103	0.108	0.126	0.144	0.143	0.158	0.142	0.155	0.132	0.152	0.102	0.098	0.102	0.101	0.136	0.154	0.158	0.152	0.162	0.157	0.132	0.157	0.097	0.100	0.099	0.102	0.130	0.150	0.151	0.152	0.139	0.154	0.140	0.156	0.098	0.105	0.101	0.104	0.130	0.151	0.141	0.158	0.141	0.152	0.140	0.152	0.102	0.104	0.106	0.102	0.138	0.149	0.141	0.150	0.141	0.152	0.136	0.158	0.099	0.099	0.102	0.102	0.132	0.148	0.147	0.158	0.145	0.151	0.137	0.152	0.097	0.103	0.108	0.100	0.132	0.141	0.144	0.153	0.140	0.145	0.134	0.147	0.097	0.097	0.106	0.099
1:26:43	0.133	0.139	0.139	0.158	0.137	0.157	0.134	0.192	0.099	0.103	0.102	0.107	0.129	0.149	0.145	0.161	0.149	0.160	0.134	0.164	0.102	0.098	0.102	0.101	0.137	0.155	0.154	0.157	0.164	0.156	0.135	0.161	0.097	0.100	0.098	0.102	0.133	0.159	0.153	0.155	0.142	0.154	0.139	0.159	0.098	0.105	0.101	0.104	0.133	0.154	0.142	0.161	0.144	0.155	0.142	0.155	0.102	0.103	0.106	0.102	0.141	0.152	0.144	0.154	0.145	0.155	0.139	0.161	0.099	0.099	0.102	0.102	0.134	0.151	0.152	0.162	0.148	0.155	0.139	0.157	0.097	0.103	0.108	0.100	0.132	0.143	0.146	0.157	0.142	0.149	0.138	0.149	0.097	0.097	0.106	0.099
1:36:43	0.149	0.143	0.141	0.164	0.140	0.169	0.137	0.201	0.099	0.103	0.102	0.108	0.132	0.153	0.156	0.172	0.151	0.166	0.138	0.187	0.102	0.098	0.102	0.101	0.146	0.157	0.156	0.164	0.161	0.155	0.143	0.164	0.097	0.100	0.098	0.102	0.136	0.163	0.163	0.161	0.148	0.169	0.142	0.167	0.098	0.105	0.101	0.104	0.135	0.159	0.148	0.166	0.148	0.160	0.147	0.162	0.102	0.104	0.106	0.102	0.143	0.156	0.148	0.159	0.149	0.159	0.142	0.167	0.099	0.099	0.102	0.102	0.137	0.155	0.155	0.165	0.152	0.158	0.142	0.160	0.097	0.103	0.108	0.099	0.133	0.147	0.150	0.161	0.146	0.152	0.140	0.153	0.097	0.097	0.106	0.099
1:46:43	0.150	0.167	0.151	0.205	0.147	0.193	0.142	0.210	0.099	0.103	0.102	0.108	0.135	0.157	0.167	0.180	0.160	0.172	0.143	0.190	0.102	0.098	0.102	0.101	0.157	0.162	0.159	0.170	0.158	0.158	0.147	0.167	0.097	0.100	0.099	0.102	0.141	0.173	0.172	0.168	0.151	0.175	0.145	0.172	0.098	0.105	0.101	0.104	0.139	0.165	0.152	0.171	0.152	0.165	0.232	0.166	0.102	0.104	0.106	0.102	0.147	0.161	0.153	0.164	0.153	0.164	0.146	0.171	0.099	0.099	0.102	0.102	0.140	0.159	0.160	0.171	0.156	0.163	0.146	0.166	0.097	0.103	0.108	0.100	0.135	0.152	0.155	0.166	0.149	0.157	0.143	0.158	0.097	0.097	0.106	0.099
1:56:43	0.164	0.168	0.156	0.186	0.151	0.199	0.147	0.212	0.099	0.103	0.103	0.108	0.140	0.164	0.168	0.182	0.172	0.170	0.150	0.189	0.102	0.098	0.102	0.101	0.163	0.166	0.161	0.173	0.161	0.162	0.149	0.172	0.097	0.100	0.098	0.102	0.145	0.175	0.176	0.173	0.157	0.174	0.150	0.175	0.098	0.105	0.101	0.104	0.142	0.171	0.157	0.178	0.157	0.171	0.155	0.170	0.102	0.104	0.106	0.103	0.152	0.165	0.157	0.169	0.157	0.168	0.151	0.178	0.099	0.099	0.102	0.102	0.143	0.165	0.164	0.177	0.160	0.168	0.150	0.172	0.097	0.103	0.108	0.100	0.136	0.158	0.159	0.170	0.154	0.162	0.147	0.165	0.097	0.097	0.106	0.099
2:06:43	0.175	0.172	0.169	0.202	0.153	0.211	0.159	0.221	0.099	0.102	0.102	0.107	0.143	0.167	0.171	0.177	0.178	0.175	0.158	0.192	0.102	0.098	0.102	0.101	0.164	0.172	0.166	0.179	0.164	0.168	0.153	0.176	0.097	0.100	0.098	0.102	0.148	0.181	0.174	0.178	0.163	0.176	0.162	0.181	0.098	0.105	0.101	0.104	0.147	0.175	0.162	0.184	0.163	0.175	0.159	0.177	0.102	0.103	0.105	0.102	0.155	0.171	0.162	0.176	0.162	0.173	0.155	0.183	0.099	0.099	0.102	0.102	0.147	0.170	0.167	0.182	0.164	0.173	0.155	0.177	0.097	0.103	0.108	0.099	0.139	0.163	0.164	0.176	0.158	0.166	0.151	0.170	0.097	0.097	0.106	0.099
2:16:43	0.181	0.178	0.183	0.194	0.156	0.213	0.164	0.224	0.098	0.102	0.102	0.107	0.147	0.174	0.176	0.185	0.177	0.180	0.162	0.191	0.101	0.098	0.102	0.101	0.154	0.178	0.172	0.185	0.172	0.175	0.158	0.181	0.097	0.100	0.098	0.102	0.154	0.188	0.178	0.185	0.167	0.179	0.167	0.187	0.098	0.105	0.101	0.103	0.151	0.183	0.169	0.191	0.169	0.182	0.164	0.186	0.102	0.103	0.105	0.102	0.161	0.176	0.166	0.182	0.167	0.180	0.160	0.192	0.099	0.099	0.102	0.102	0.152	0.175	0.175	0.189	0.169	0.178	0.159	0.184	0.096	0.103	0.108	0.099	0.142	0.168	0.170	0.183	0.165	0.173	0.156	0.176	0.097	0.097	0.106	0.098
2:26:43	0.187	0.179	0.193	0.182	0.161	0.197	0.168	0.225	0.099	0.103	0.102	0.108	0.152	0.183	0.179	0.200	0.178	0.185	0.168	0.198	0.102	0.098	0.102	0.101	0.161	0.186	0.176	0.193	0.176	0.185	0.169	0.188	0.097	0.100	0.099	0.102	0.158	0.194	0.183	0.193	0.174	0.185	0.164	0.193	0.098	0.105	0.101	0.104	0.157	0.189	0.175	0.198	0.174	0.189	0.171	0.192	0.102	0.103	0.106	0.102	0.166	0.183	0.174	0.190	0.173	0.186	0.164	0.198	0.099	0.099	0.102	0.102	0.157	0.182	0.182	0.196	0.176	0.186	0.165	0.192	0.097	0.103	0.108	0.100	0.145	0.175	0.175	0.190	0.170	0.180	0.161	0.181	0.097	0.097	0.106	0.099
2:36:43	0.179	0.183	0.183	0.198	0.166	0.185	0.176	0.188	0.099	0.103	0.102	0.108	0.172	0.190	0.185	0.205	0.182	0.192	0.167	0.202	0.102	0.098	0.102	0.101	0.180	0.194	0.184	0.202	0.185	0.188	0.174	0.196	0.097	0.100	0.098	0.102	0.162	0.201	0.191	0.201	0.180	0.193	0.172	0.201	0.098	0.105	0.101	0.104	0.162	0.197	0.182	0.207	0.183	0.196	0.176	0.200	0.102	0.103	0.105	0.102	0.172	0.190	0.180	0.197	0.178	0.192	0.171	0.206	0.099	0.099	0.102	0.102	0.162	0.190	0.189	0.206	0.182	0.193	0.172	0.200	0.097	0.103	0.108	0.100	0.151	0.182	0.183	0.196	0.176	0.184	0.168	0.190	0.097	0.097	0.107	0.099
2:46:43	0.202	0.191	0.182	0.194	0.172	0.194	0.172	0.206	0.098	0.103	0.102	0.108	0.164	0.200	0.187	0.212	0.190	0.200	0.177	0.208	0.102	0.098	0.102	0.101	0.184	0.203	0.190	0.214	0.193	0.200	0.184	0.207	0.097	0.100	0.098	0.102	0.168	0.211	0.198	0.214	0.186	0.203	0.177	0.215	0.098	0.105	0.101	0.104	0.168	0.206	0.189	0.215	0.189	0.203	0.182	0.210	0.102	0.104	0.105	0.102	0.178	0.198	0.190	0.205	0.188	0.200	0.177	0.215	0.099	0.099	0.102	0.102	0.168	0.199	0.197	0.214	0.188	0.201	0.175	0.209	0.097	0.103	0.108	0.100	0.153	0.188	0.190	0.204	0.185	0.193	0.173	0.197	0.097	0.097	0.107	0.099
2:56:43	0.204	0.194	0.186	0.207	0.181	0.203	0.180	0.210	0.098	0.103	0.102	0.107	0.169	0.209	0.195	0.222	0.200	0.212	0.183	0.217	0.102	0.098	0.102	0.101	0.171	0.214	0.197	0.224	0.199	0.210	0.186	0.219	0.097	0.100	0.098	0.102	0.175	0.219	0.206	0.226	0.197	0.214	0.185	0.224	0.098	0.105	0.101	0.103	0.174	0.214	0.198	0.226	0.198	0.213	0.190	0.219	0.102	0.103	0.105	0.102	0.185	0.207	0.195	0.217	0.194	0.210	0.184	0.224	0.099	0.099	0.102	0.102	0.173	0.208	0.204	0.223	0.197	0.209	0.183	0.219	0.097	0.103	0.107	0.099	0.158	0.197	0.198	0.215	0.191	0.200	0.180	0.207	0.097	0.097	0.106	0.098
3:06:43	0.203	0.203	0.193	0.215	0.191	0.207	0.185	0.222	0.098	0.103	0.102	0.108	0.176	0.218	0.205	0.235	0.209	0.222	0.193	0.228	0.101	0.098	0.102	0.101	0.179	0.223	0.209	0.236	0.213	0.219	0.193	0.231	0.097	0.100	0.098	0.102	0.183	0.227	0.217	0.237	0.206	0.222	0.195	0.237	0.098	0.105	0.101	0.104	0.181	0.223	0.206	0.238	0.206	0.223	0.197	0.232	0.102	0.104	0.105	0.102	0.194	0.217	0.205	0.228	0.202	0.219	0.193	0.236	0.099	0.099	0.102	0.102	0.182	0.215	0.214	0.234	0.206	0.219	0.191	0.229	0.097	0.103	0.108	0.099	0.165	0.208	0.207	0.226	0.201	0.210	0.188	0.216	0.097	0.097	0.106	0.099
3:16:43	0.195	0.211	0.202	0.220	0.199	0.214	0.192	0.231	0.098	0.103	0.102	0.107	0.185	0.230	0.216	0.247	0.219	0.233	0.203	0.240	0.101	0.098	0.102	0.101	0.187	0.233	0.220	0.249	0.223	0.232	0.203	0.243	0.097	0.100	0.098	0.102	0.192	0.239	0.226	0.250	0.214	0.232	0.204	0.250	0.098	0.105	0.101	0.104	0.189	0.232	0.216	0.249	0.215	0.232	0.206	0.241	0.102	0.103	0.105	0.102	0.201	0.227	0.215	0.239	0.212	0.228	0.204	0.247	0.099	0.099	0.102	0.102	0.189	0.226	0.221	0.245	0.215	0.229	0.199	0.242	0.097	0.103	0.108	0.099	0.170	0.220	0.216	0.234	0.209	0.218	0.195	0.228	0.097	0.097	0.106	0.099
3:26:43	0.192	0.222	0.213	0.232	0.211	0.221	0.202	0.240	0.098	0.103	0.102	0.107	0.194	0.242	0.228	0.257	0.231	0.244	0.212	0.253	0.101	0.098	0.102	0.101	0.192	0.246	0.231	0.261	0.233	0.243	0.213	0.255	0.097	0.100	0.098	0.102	0.200	0.249	0.238	0.263	0.226	0.244	0.224	0.263	0.098	0.105	0.101	0.104	0.197	0.246	0.226	0.260	0.227	0.243	0.215	0.254	0.102	0.103	0.105	0.102	0.211	0.240	0.225	0.251	0.222	0.239	0.212	0.258	0.099	0.099	0.102	0.102	0.196	0.234	0.232	0.258	0.222	0.238	0.208	0.255	0.097	0.103	0.108	0.099	0.178	0.230	0.226	0.247	0.220	0.229	0.204	0.237	0.097	0.097	0.106	0.099
3:36:43	0.173	0.233	0.223	0.244	0.220	0.233	0.210	0.254	0.099	0.103	0.102	0.107	0.203	0.256	0.241	0.273	0.243	0.255	0.223	0.268	0.102	0.098	0.102	0.101	0.202	0.260	0.242	0.274	0.246	0.256	0.223	0.269	0.097	0.100	0.099	0.102	0.211	0.261	0.248	0.273	0.236	0.260	0.226	0.275	0.098	0.105	0.101	0.104	0.206	0.257	0.238	0.273	0.239	0.257	0.227	0.268	0.102	0.103	0.105	0.102	0.222	0.251	0.236	0.264	0.234	0.251	0.221	0.272	0.099	0.099	0.102	0.102	0.204	0.254	0.243	0.270	0.233	0.250	0.218	0.266	0.097	0.103	0.108	0.100	0.184	0.242	0.238	0.258	0.230	0.241	0.213	0.252	0.097	0.097	0.106	0.099
3:46:43	0.180	0.245	0.233	0.260	0.231	0.244	0.218	0.267	0.098	0.103	0.102	0.107	0.214	0.271	0.252	0.288	0.256	0.270	0.232	0.280	0.102	0.098	0.102	0.101	0.212	0.273	0.254	0.289	0.257	0.271	0.235	0.282	0.097	0.100	0.098	0.102	0.219	0.276	0.261	0.289	0.251	0.271	0.239	0.290	0.098	0.105	0.101	0.103	0.216	0.270	0.251	0.289	0.250	0.271	0.237	0.284	0.102	0.103	0.105	0.102	0.233	0.265	0.245	0.282	0.245	0.265	0.233	0.287	0.099	0.099	0.102	0.102	0.216	0.263	0.254	0.286	0.246	0.264	0.229	0.280	0.096	0.103	0.108	0.099	0.196	0.255	0.251	0.274	0.242	0.253	0.223	0.265	0.097	0.097	0.106	0.099
3:56:43	0.194	0.258	0.243	0.273	0.246	0.256	0.230	0.282	0.098	0.103	0.102	0.108	0.227	0.286	0.266	0.302	0.269	0.286	0.244	0.296	0.102	0.098	0.102	0.101	0.219	0.291	0.268	0.307	0.272	0.285	0.246	0.296	0.097	0.100	0.098	0.102	0.229	0.289	0.276	0.305	0.265	0.284	0.249	0.304	0.098	0.105	0.101	0.104	0.224	0.284	0.265	0.307	0.264	0.284	0.250	0.297	0.102	0.103	0.105	0.102	0.245	0.277	0.260	0.296	0.258	0.278	0.247	0.304	0.099	0.099	0.102	0.102	0.226	0.284	0.268	0.300	0.258	0.279	0.241	0.294	0.097	0.103	0.108	0.099	0.203	0.269	0.263	0.288	0.255	0.267	0.234	0.280	0.097	0.097	0.106	0.099
4:06:43	0.199	0.272	0.258	0.290	0.256	0.269	0.241	0.299	0.098	0.103	0.102	0.107	0.236	0.302	0.279	0.323	0.284	0.301	0.256	0.315	0.101	0.098	0.101	0.101	0.230	0.307	0.283	0.326	0.285	0.302	0.262	0.315	0.097	0.100	0.098	0.102	0.241	0.302	0.287	0.320	0.278	0.300	0.265	0.321	0.098	0.104	0.101	0.103	0.236	0.298	0.280	0.322	0.281	0.299	0.263	0.313	0.102	0.103	0.105	0.102	0.256	0.292	0.271	0.311	0.273	0.293	0.257	0.319	0.099	0.099	0.102	0.102	0.236	0.302	0.280	0.315	0.273	0.293	0.253	0.308	0.096	0.103	0.108	0.099	0.211	0.279	0.276	0.301	0.270	0.281	0.247	0.294	0.097	0.097	0.106	0.098
4:16:43	0.207	0.290	0.275	0.308	0.273	0.285	0.253	0.318	0.098	0.103	0.102	0.107	0.248	0.319	0.295	0.343	0.302	0.319	0.272	0.336	0.102	0.098	0.102	0.101	0.243	0.322	0.298	0.345	0.305	0.322	0.275	0.336	0.097	0.100	0.098	0.102	0.253	0.316	0.302	0.335	0.293	0.315	0.276	0.336	0.098	0.105	0.101	0.103	0.249	0.316	0.294	0.342	0.294	0.316	0.276	0.329	0.102	0.103	0.105	0.102	0.269	0.307	0.286	0.327	0.289	0.309	0.271	0.338	0.099	0.099	0.102	0.102	0.248	0.312	0.295	0.330	0.287	0.309	0.269	0.326	0.097	0.103	0.108	0.099	0.218	0.293	0.290	0.316	0.284	0.295	0.259	0.309	0.097	0.097	0.106	0.099
4:26:43	0.216	0.309	0.292	0.329	0.289	0.301	0.271	0.338	0.098	0.102	0.102	0.107	0.260	0.340	0.315	0.359	0.319	0.338	0.286	0.354	0.101	0.098	0.101	0.101	0.257	0.337	0.315	0.359	0.322	0.339	0.292	0.354	0.097	0.100	0.098	0.102	0.266	0.332	0.317	0.351	0.310	0.328	0.288	0.355	0.098	0.105	0.101	0.103	0.259	0.332	0.308	0.360	0.310	0.331	0.289	0.349	0.102	0.103	0.105	0.102	0.282	0.322	0.305	0.344	0.304	0.327	0.285	0.355	0.099	0.099	0.102	0.102	0.259	0.336	0.311	0.348	0.303	0.326	0.280	0.348	0.097	0.103	0.107	0.099	0.224	0.314	0.302	0.337	0.299	0.316	0.275	0.328	0.097	0.097	0.106	0.098
4:36:43	0.227	0.325	0.311	0.340	0.309	0.320	0.286	0.355	0.098	0.103	0.102	0.107	0.272	0.356	0.332	0.379	0.337	0.356	0.307	0.369	0.101	0.098	0.101	0.101	0.272	0.351	0.335	0.376	0.343	0.356	0.310	0.371	0.097	0.100	0.098	0.102	0.279	0.344	0.329	0.370	0.328	0.344	0.312	0.374	0.098	0.105	0.101	0.103	0.275	0.349	0.324	0.377	0.325	0.349	0.302	0.369	0.102	0.103	0.105	0.102	0.297	0.336	0.318	0.362	0.319	0.343	0.300	0.370	0.098	0.099	0.102	0.102	0.277	0.336	0.325	0.367	0.321	0.341	0.294	0.367	0.096	0.103	0.107	0.100	0.234	0.331	0.319	0.354	0.313	0.335	0.286	0.344	0.097	0.097	0.106	0.099
4:46:43	0.238	0.340	0.327	0.354	0.324	0.335	0.302	0.374	0.098	0.102	0.102	0.107	0.283	0.371	0.349	0.397	0.351	0.370	0.324	0.389	0.101	0.098	0.102	0.101	0.287	0.368	0.349	0.389	0.357	0.370	0.328	0.393	0.097	0.100	0.098	0.102	0.291	0.362	0.344	0.386	0.341	0.358	0.331	0.388	0.098	0.105	0.101	0.104	0.290	0.368	0.344	0.396	0.343	0.372	0.320	0.390	0.101	0.103	0.105	0.102	0.313	0.352	0.329	0.380	0.339	0.363	0.315	0.392	0.099	0.099	0.102	0.102	0.292	0.358	0.344	0.382	0.337	0.359	0.311	0.388	0.097	0.103	0.108	0.099	0.244	0.349	0.335	0.374	0.333	0.351	0.301	0.360	0.097	0.097	0.106	0.099
4:56:43	0.252	0.353	0.343	0.370	0.338	0.352	0.320	0.390	0.098	0.103	0.102	0.107	0.298	0.390	0.362	0.410	0.370	0.386	0.341	0.408	0.101	0.098	0.101	0.101	0.304	0.385	0.367	0.408	0.373	0.385	0.344	0.412	0.097	0.100	0.098	0.102	0.306	0.381	0.361	0.402	0.357	0.377	0.348	0.405	0.098	0.105	0.101	0.104	0.308	0.384	0.362	0.413	0.362	0.388	0.390	0.406	0.102	0.103	0.105	0.102	0.328	0.370	0.350	0.400	0.355	0.378	0.329	0.407	0.099	0.099	0.102	0.102	0.308	0.376	0.361	0.397	0.352	0.378	0.328	0.404	0.097	0.103	0.108	0.099	0.250	0.368	0.353	0.387	0.350	0.367	0.316	0.383	0.097	0.097	0.106	0.099
5:06:43	0.267	0.366	0.360	0.389	0.354	0.370	0.337	0.412	0.098	0.103	0.102	0.107	0.314	0.411	0.380	0.433	0.382	0.403	0.354	0.429	0.101	0.098	0.101	0.101	0.318	0.407	0.381	0.431	0.389	0.403	0.360	0.434	0.097	0.100	0.098	0.102	0.324	0.395	0.380	0.424	0.373	0.395	0.366	0.421	0.097	0.105	0.101	0.104	0.327	0.398	0.380	0.427	0.382	0.405	0.354	0.425	0.103	0.103	0.105	0.102	0.344	0.385	0.366	0.419	0.375	0.400	0.347	0.424	0.099	0.099	0.102	0.102	0.325	0.407	0.375	0.419	0.372	0.394	0.346	0.421	0.096	0.103	0.108	0.099	0.258	0.384	0.376	0.404	0.368	0.387	0.330	0.402	0.097	0.097	0.106	0.098
5:16:43	0.282	0.379	0.376	0.405	0.372	0.390	0.351	0.428	0.098	0.103	0.102	0.107	0.329	0.428	0.395	0.453	0.398	0.423	0.371	0.448	0.101	0.098	0.101	0.101	0.334	0.426	0.402	0.449	0.406	0.423	0.375	0.457	0.097	0.100	0.098	0.102	0.342	0.411	0.398	0.445	0.389	0.408	0.384	0.445	0.098	0.105	0.101	0.104	0.343	0.414	0.399	0.452	0.401	0.423	0.493	0.448	0.101	0.103	0.105	0.102	0.362	0.399	0.385	0.452	0.394	0.419	0.364	0.442	0.099	0.099	0.102	0.102	0.340	0.420	0.393	0.436	0.391	0.409	0.365	0.434	0.097	0.103	0.108	0.100	0.270	0.401	0.395	0.422	0.388	0.407	0.352	0.419	0.097	0.097	0.106	0.098
5:26:43	0.300	0.396	0.394	0.433	0.392	0.408	0.370	0.450	0.098	0.102	0.102	0.107	0.345	0.450	0.417	0.475	0.419	0.444	0.393	0.471	0.101	0.098	0.101	0.101	0.353	0.455	0.421	0.474	0.425	0.444	0.396	0.476	0.097	0.100	0.098	0.102	0.357	0.428	0.416	0.467	0.404	0.431	0.403	0.470	0.098	0.105	0.101	0.103	0.359	0.433	0.417	0.475	0.418	0.446	0.395	0.462	0.102	0.103	0.105	0.102	0.376	0.416	0.400	0.503	0.411	0.441	0.382	0.460	0.099	0.099	0.102	0.102	0.355	0.434	0.412	0.475	0.407	0.425	0.382	0.458	0.096	0.103	0.107	0.099	0.283	0.465	0.410	0.447	0.408	0.428	0.366	0.436	0.096	0.097	0.106	0.099
5:36:43	0.314	0.421	0.413	0.458	0.410	0.428	0.386	0.475	0.098	0.102	0.102	0.107	0.362	0.470	0.440	0.493	0.441	0.468	0.413	0.488	0.101	0.098	0.101	0.101	0.370	0.471	0.438	0.498	0.446	0.475	0.415	0.491	0.097	0.100	0.098	0.102	0.373	0.454	0.431	0.490	0.422	0.455	0.426	0.491	0.098	0.105	0.101	0.104	0.378	0.456	0.435	0.507	0.437	0.463	0.409	0.482	0.101	0.103	0.105	0.102	0.397	0.442	0.418	0.547	0.426	0.466	0.403	0.494	0.099	0.099	0.102	0.102	0.373	0.459	0.433	0.512	0.420	0.450	0.395	0.486	0.097	0.103	0.107	0.099	0.297	0.506	0.431	0.478	0.422	0.456	0.384	0.462	0.097	0.097	0.106	0.098
5:46:43	0.333	0.453	0.440	0.481	0.435	0.451	0.408	0.498	0.098	0.103	0.102	0.107	0.382	0.493	0.461	0.515	0.466	0.489	0.430	0.514	0.101	0.098	0.101	0.101	0.394	0.491	0.462	0.521	0.469	0.492	0.440	0.514	0.097	0.100	0.098	0.102	0.390	0.481	0.456	0.517	0.444	0.479	0.446	0.510	0.098	0.105	0.101	0.103	0.394	0.482	0.455	0.543	0.457	0.484	0.428	0.504	0.102	0.103	0.105	0.102	0.415	0.470	0.444	0.576	0.443	0.493	0.422	0.538	0.099	0.099	0.102	0.102	0.389	0.478	0.455	0.558	0.441	0.477	0.415	0.521	0.097	0.103	0.107	0.099	0.313	0.532	0.452	0.528	0.449	0.488	0.406	0.483	0.097	0.097	0.106	0.099
5:56:43	0.350	0.478	0.455	0.500	0.455	0.476	0.429	0.516	0.098	0.103	0.102	0.107	0.396	0.515	0.480	0.536	0.486	0.510	0.453	0.531	0.101	0.098	0.101	0.101	0.410	0.512	0.487	0.543	0.494	0.516	0.459	0.533	0.097	0.100	0.098	0.102	0.407	0.503	0.477	0.543	0.465	0.504	0.468	0.539	0.098	0.105	0.101	0.104	0.415	0.511	0.477	0.583	0.480	0.507	0.445	0.543	0.101	0.103	0.105	0.102	0.430	0.511	0.471	0.613	0.466	0.524	0.447	0.589	0.099	0.099	0.102	0.102	0.408	0.525	0.482	0.598	0.468	0.509	0.435	0.577	0.097	0.103	0.108	0.099	0.361	0.558	0.485	0.574	0.466	0.527	0.425	0.527	0.097	0.097	0.106	0.099
6:06:43	0.365	0.497	0.479	0.523	0.478	0.498	0.453	0.536	0.097	0.102	0.102	0.107	0.411	0.535	0.500	0.563	0.512	0.533	0.475	0.556	0.101	0.098	0.101	0.101	0.433	0.535	0.510	0.568	0.517	0.537	0.484	0.555	0.097	0.100	0.098	0.102	0.424	0.529	0.502	0.582	0.490	0.529	0.492	0.570	0.097	0.104	0.101	0.103	0.431	0.541	0.499	0.630	0.503	0.538	0.473	0.583	0.101	0.103	0.105	0.102	0.452	0.559	0.503	0.647	0.489	0.549	0.469	0.620	0.098	0.099	0.102	0.102	0.430	0.542	0.523	0.658	0.493	0.554	0.465	0.620	0.096	0.103	0.107	0.099	0.384	0.555	0.522	0.602	0.495	0.574	0.454	0.548	0.096	0.097	0.106	0.098
6:16:43	0.383	0.522	0.495	0.544	0.500	0.524	0.472	0.562	0.097	0.102	0.102	0.107	0.436	0.557	0.522	0.583	0.530	0.558	0.494	0.578	0.101	0.098	0.101	0.101	0.457	0.560	0.531	0.595	0.543	0.563	0.506	0.583	0.097	0.100	0.098	0.102	0.444	0.559	0.529	0.609	0.517	0.557	0.520	0.600	0.097	0.104	0.101	0.104	0.450	0.576	0.523	0.679	0.530	0.582	0.509	0.629	0.101	0.103	0.105	0.102	0.476	0.612	0.536	0.676	0.518	0.597	0.493	0.677	0.099	0.099	0.102	0.102	0.452	0.574	0.556	0.699	0.523	0.607	0.487	0.675	0.096	0.103	0.107	0.099	0.423	0.588	0.563	0.664	0.540	0.621	0.478	0.593	0.097	0.097	0.106	0.098
6:26:43	0.403	0.546	0.518	0.570	0.522	0.549	0.491	0.584	0.098	0.102	0.102	0.107	0.462	0.585	0.545	0.603	0.552	0.580	0.513	0.602	0.101	0.098	0.101	0.101	0.479	0.584	0.550	0.620	0.563	0.585	0.522	0.611	0.097	0.100	0.098	0.102	0.465	0.586	0.555	0.641	0.547	0.587	0.543	0.636	0.098	0.105	0.101	0.103	0.468	0.608	0.549	0.720	0.570	0.621	0.545	0.673	0.101	0.103	0.105	0.102	0.500	0.653	0.568	0.711	0.568	0.643	0.519	0.724	0.099	0.099	0.102	0.102	0.473	0.613	0.608	0.730	0.562	0.678	0.514	0.721	0.097	0.103	0.107	0.099	0.445	0.632	0.592	0.695	0.595	0.668	0.519	0.622	0.097	0.097	0.106	0.098
6:36:43	0.421	0.570	0.542	0.594	0.547	0.573	0.515	0.609	0.098	0.102	0.102	0.107	0.503	0.608	0.570	0.629	0.580	0.602	0.535	0.625	0.101	0.098	0.101	0.101	0.503	0.610	0.579	0.654	0.588	0.617	0.548	0.641	0.097	0.100	0.098	0.102	0.494	0.620	0.586	0.681	0.583	0.617	0.572	0.664	0.098	0.104	0.101	0.103	0.497	0.647	0.582	0.770	0.601	0.661	0.572	0.730	0.101	0.103	0.105	0.102	0.534	0.691	0.609	0.761	0.629	0.679	0.546	0.780	0.099	0.099	0.102	0.102	0.499	0.637	0.653	0.747	0.624	0.732	0.575	0.777	0.096	0.103	0.107	0.099	0.471	0.660	0.632	0.734	0.610	0.715	0.574	0.664	0.097	0.097	0.106	0.099
6:46:43	0.447	0.597	0.569	0.617	0.570	0.598	0.541	0.636	0.097	0.102	0.102	0.107	0.528	0.628	0.595	0.655	0.603	0.625	0.558	0.651	0.101	0.098	0.101	0.101	0.527	0.639	0.601	0.677	0.615	0.646	0.574	0.666	0.097	0.100	0.098	0.102	0.521	0.656	0.611	0.729	0.619	0.648	0.596	0.702	0.098	0.104	0.101	0.103	0.518	0.676	0.622	0.819	0.647	0.722	0.616	0.708	0.101	0.103	0.105	0.102	0.584	0.734	0.660	0.798	0.683	0.731	0.590	0.820	0.098	0.099	0.102	0.102	0.525	0.685	0.707	0.781	0.668	0.782	0.637	0.827	0.096	0.103	0.107	0.099	0.497	0.720	0.672	0.800	0.658	0.764	0.620	0.734	0.097	0.097	0.106	0.099
6:56:43	0.472	0.625	0.594	0.640	0.598	0.622	0.568	0.656	0.098	0.102	0.102	0.107	0.549	0.653	0.621	0.680	0.625	0.650	0.583	0.671	0.101	0.098	0.101	0.101	0.549	0.662	0.630	0.712	0.644	0.680	0.597	0.691	0.097	0.100	0.098	0.102	0.548	0.695	0.642	0.769	0.655	0.682	0.622	0.740	0.098	0.104	0.101	0.103	0.548	0.708	0.660	0.860	0.685	0.758	0.643	0.787	0.101	0.103	0.105	0.102	0.615	0.768	0.711	0.859	0.742	0.781	0.615	0.870	0.098	0.099	0.102	0.102	0.550	0.706	0.744	0.825	0.706	0.820	0.684	0.866	0.096	0.103	0.107	0.099	0.519	0.773	0.707	0.831	0.702	0.793	0.646	0.821	0.097	0.097	0.106	0.099
7:06:43	0.487	0.649	0.615	0.666	0.620	0.646	0.587	0.681	0.098	0.103	0.102	0.107	0.568	0.677	0.647	0.697	0.648	0.672	0.610	0.690	0.101	0.098	0.101	0.101	0.572	0.689	0.657	0.744	0.673	0.710	0.625	0.713	0.097	0.100	0.098	0.102	0.579	0.729	0.675	0.788	0.687	0.714	0.649	0.775	0.098	0.105	0.101	0.104	0.572	0.741	0.691	0.882	0.714	0.796	0.679	0.821	0.101	0.103	0.105	0.102	0.658	0.799	0.763	0.885	0.783	0.826	0.678	0.911	0.098	0.099	0.102	0.102	0.575	0.739	0.803	0.867	0.767	0.852	0.719	0.902	0.096	0.103	0.107	0.099	0.545	0.823	0.743	0.863	0.743	0.823	0.711	0.846	0.097	0.097	0.106	0.099
7:16:43	0.512	0.671	0.639	0.685	0.645	0.667	0.614	0.695	0.097	0.103	0.102	0.107	0.593	0.698	0.667	0.719	0.669	0.693	0.635	0.707	0.101	0.098	0.101	0.101	0.596	0.715	0.691	0.767	0.701	0.744	0.651	0.738	0.097	0.100	0.098	0.102	0.613	0.768	0.705	0.830	0.735	0.743	0.679	0.816	0.098	0.104	0.101	0.103	0.605	0.777	0.737	0.920	0.768	0.842	0.713	0.874	0.101	0.103	0.105	0.102	0.717	0.835	0.807	0.925	0.824	0.878	0.719	0.958	0.098	0.099	0.102	0.102	0.603	0.767	0.859	0.921	0.820	0.897	0.756	0.944	0.096	0.103	0.107	0.099	0.573	0.846	0.796	0.895	0.781	0.867	0.738	0.892	0.097	0.097	0.106	0.099
7:26:43	0.535	0.691	0.662	0.701	0.667	0.688	0.637	0.708	0.098	0.103	0.102	0.107	0.610	0.714	0.687	0.728	0.690	0.705	0.652	0.719	0.101	0.098	0.101	0.101	0.624	0.733	0.713	0.797	0.725	0.772	0.670	0.759	0.097	0.100	0.098	0.102	0.642	0.797	0.742	0.863	0.786	0.776	0.703	0.840	0.098	0.105	0.101	0.103	0.627	0.809	0.782	0.949	0.784	0.861	0.747	0.904	0.101	0.103	0.105	0.102	0.756	0.863	0.844	0.947	0.864	0.912	0.787	0.990	0.098	0.099	0.102	0.102	0.628	0.819	0.906	0.959	0.880	0.933	0.814	0.964	0.096	0.103	0.107	0.099	0.599	0.869	0.831	0.919	0.845	0.909	0.774	0.938	0.096	0.097	0.106	0.099
7:36:43	0.555	0.710	0.682	0.712	0.686	0.702	0.657	0.718	0.097	0.102	0.102	0.107	0.627	0.735	0.708	0.742	0.708	0.722	0.671	0.735	0.101	0.098	0.101	0.101	0.646	0.755	0.735	0.816	0.752	0.740	0.700	0.782	0.097	0.100	0.098	0.102	0.682	0.818	0.776	0.895	0.821	0.811	0.729	0.869	0.098	0.104	0.101	0.103	0.651	0.840	0.827	0.972	0.840	0.880	0.779	0.921	0.101	0.103	0.105	0.102	0.810	0.884	0.876	0.986	0.910	0.949	0.823	1.013	0.098	0.099	0.102	0.102	0.656	0.861	0.947	0.976	0.907	0.973	0.869	0.994	0.096	0.103	0.107	0.099	0.623	0.898	0.878	0.957	0.883	0.931	0.805	0.972	0.097	0.097	0.106	0.099
7:46:43	0.577	0.722	0.700	0.719	0.704	0.719	0.679	0.731	0.098	0.102	0.102	0.107	0.641	0.749	0.723	0.753	0.725	0.739	0.685	0.748	0.101	0.098	0.101	0.101	0.664	0.770	0.759	0.843	0.779	0.787	0.722	0.803	0.097	0.100	0.098	0.102	0.714	0.840	0.816	0.923	0.860	0.834	0.746	0.881	0.098	0.104	0.101	0.104	0.677	0.869	0.856	1.002	0.852	0.902	0.812	0.931	0.101	0.103	0.105	0.102	0.830	0.909	0.901	1.004	0.936	0.985	0.876	1.041	0.098	0.099	0.102	0.102	0.684	0.868	0.983	1.011	0.952	1.008	0.914	1.027	0.096	0.103	0.107	0.099	0.648	0.943	0.916	0.989	0.929	0.960	0.834	1.009	0.097	0.097	0.106	0.099
7:56:43	0.601	0.738	0.709	0.725	0.712	0.724	0.694	0.740	0.097	0.102	0.102	0.107	0.654	0.765	0.740	0.769	0.734	0.750	0.698	0.759	0.101	0.098	0.101	0.101	0.684	0.785	0.775	0.865	0.813	0.837	0.746	0.821	0.097	0.099	0.098	0.102	0.748	0.862	0.855	0.945	0.899	0.866	0.763	0.893	0.098	0.105	0.101	0.103	0.699	0.887	0.887	1.026	0.876	0.939	0.838	0.963	0.101	0.103	0.105	0.102	0.859	0.932	0.926	1.032	0.973	1.004	0.904	1.066	0.098	0.099	0.102	0.102	0.704	0.901	1.020	1.030	0.989	1.037	0.958	1.051	0.096	0.103	0.107	0.099	0.672	0.969	0.949	1.028	0.971	0.988	0.853	1.035	0.096	0.097	0.106	0.098
8:06:43	0.627	0.747	0.718	0.735	0.722	0.736	0.710	0.747	0.097	0.102	0.102	0.107	0.667	0.774	0.751	0.778	0.749	0.762	0.712	0.770	0.101	0.098	0.101	0.101	0.699	0.799	0.795	0.896	0.836	0.868	0.770	0.834	0.097	0.100	0.098	0.102	0.771	0.880	0.882	0.971	0.919	0.881	0.778	0.914	0.098	0.104	0.101	0.103	0.715	0.910	0.914	1.043	0.879	0.972	0.854	0.980	0.104	0.103	0.105	0.102	0.879	0.953	0.951	1.060	0.994	1.026	0.931	1.076	0.098	0.099	0.102	0.102	0.723	0.912	1.036	1.051	1.013	1.061	1.000	1.071	0.096	0.103	0.107	0.099	0.698	0.988	0.978	1.045	1.001	1.019	0.888	1.064	0.096	0.097	0.106	0.099
8:16:43	0.646	0.756	0.728	0.740	0.730	0.746	0.722	0.758	0.097	0.102	0.102	0.107	0.675	0.787	0.764	0.791	0.758	0.771	0.726	0.779	0.101	0.098	0.101	0.101	0.715	0.813	0.814	0.908	0.853	0.887	0.788	0.847	0.096	0.100	0.098	0.102	0.794	0.897	0.903	0.984	0.948	0.899	0.792	0.922	0.097	0.104	0.101	0.103	0.729	0.937	0.936	1.069	0.915	0.992	0.885	0.996	0.102	0.103	0.105	0.102	0.889	0.973	0.971	1.087	1.020	1.044	0.949	1.091	0.098	0.099	0.102	0.102	0.741	0.930	1.062	1.068	1.035	1.089	1.026	1.081	0.096	0.103	0.107	0.099	0.713	1.001	1.000	1.060	1.013	1.036	0.916	1.078	0.096	0.097	0.106	0.099
8:26:43	0.669	0.762	0.737	0.749	0.740	0.758	0.730	0.766	0.098	0.102	0.102	0.107	0.686	0.802	0.773	0.800	0.769	0.785	0.735	0.788	0.101	0.098	0.101	0.101	0.727	0.833	0.833	0.928	0.876	0.921	0.809	0.864	0.097	0.100	0.098	0.102	0.819	0.932	0.932	1.008	0.983	0.919	0.803	0.971	0.097	0.104	0.101	0.103	0.742	0.971	0.957	1.107	0.952	1.021	0.912	1.023	0.101	0.103	0.105	0.102	0.906	0.997	1.006	1.112	1.045	1.076	0.965	1.117	0.098	0.099	0.102	0.102	0.758	0.955	1.096	1.098	1.062	1.109	1.046	1.108	0.096	0.103	0.108	0.099	0.726	1.014	1.027	1.083	1.041	1.063	0.950	1.096	0.097	0.097	0.106	0.099
8:36:43	0.687	0.774	0.746	0.753	0.745	0.764	0.738	0.772	0.097	0.102	0.102	0.107	0.693	0.812	0.786	0.813	0.779	0.796	0.746	0.794	0.101	0.098	0.101	0.101	0.740	0.840	0.851	0.950	0.887	0.933	0.828	0.881	0.097	0.099	0.098	0.102	0.835	0.954	0.946	1.022	0.996	0.944	0.812	0.988	0.098	0.104	0.101	0.103	0.754	0.990	0.983	1.126	0.972	1.036	0.926	1.036	0.102	0.103	0.105	0.102	0.925	1.016	1.028	1.137	1.060	1.095	0.979	1.127	0.098	0.099	0.102	0.102	0.772	0.977	1.117	1.107	1.079	1.129	1.072	1.123	0.096	0.103	0.107	0.099	0.740	1.033	1.038	1.103	1.052	1.081	0.960	1.103	0.097	0.097	0.106	0.098
8:46:43	0.701	0.782	0.753	0.757	0.756	0.774	0.747	0.777	0.097	0.103	0.102	0.107	0.700	0.827	0.795	0.824	0.790	0.811	0.758	0.804	0.101	0.098	0.101	0.101	0.746	0.851	0.880	0.970	0.916	0.946	0.843	0.896	0.097	0.100	0.098	0.102	0.851	0.963	0.964	1.035	1.014	0.964	0.823	1.000	0.098	0.104	0.101	0.103	0.770	1.004	1.004	1.143	0.995	1.062	0.937	1.046	0.101	0.103	0.105	0.102	0.936	1.034	1.043	1.157	1.084	1.110	1.009	1.141	0.098	0.099	0.102	0.102	0.786	0.995	1.135	1.128	1.109	1.150	1.092	1.137	0.096	0.103	0.107	0.099	0.759	1.041	1.057	1.114	1.071	1.105	0.978	1.120	0.097	0.097	0.106	0.098
8:56:43	0.710	0.786	0.758	0.762	0.760	0.780	0.752	0.780	0.098	0.102	0.102	0.107	0.708	0.837	0.808	0.836	0.801	0.823	0.768	0.813	0.100	0.098	0.101	0.101	0.758	0.873	0.908	0.992	0.940	0.964	0.859	0.920	0.096	0.099	0.098	0.102	0.867	0.988	0.980	1.059	1.034	0.988	0.833	1.020	0.097	0.104	0.101	0.103	0.780	1.026	1.037	1.170	1.031	1.079	0.977	1.080	0.101	0.103	0.105	0.102	0.966	1.054	1.070	1.176	1.096	1.131	1.032	1.164	0.098	0.099	0.102	0.102	0.792	1.017	1.166	1.151	1.128	1.175	1.115	1.154	0.096	0.103	0.107	0.099	0.782	1.059	1.078	1.141	1.099	1.119	0.996	1.137	0.096	0.097	0.106	0.098
9:06:43	0.721	0.791	0.766	0.768	0.768	0.788	0.760	0.789	0.097	0.102	0.102	0.107	0.719	0.849	0.820	0.845	0.808	0.834	0.772	0.823	0.101	0.098	0.101	0.101	0.769	0.880	0.940	1.000	0.940	0.987	0.863	0.931	0.097	0.100	0.098	0.102	0.891	0.997	0.988	1.068	1.051	1.000	0.838	1.024	0.097	0.104	0.101	0.104	0.791	1.029	1.051	1.184	1.048	1.092	0.992	1.081	0.106	0.103	0.105	0.102	0.973	1.067	1.084	1.198	1.123	1.140	1.051	1.178	0.098	0.099	0.102	0.102	0.804	1.014	1.175	1.164	1.138	1.174	1.132	1.171	0.096	0.103	0.107	0.099	0.797	1.075	1.091	1.153	1.099	1.132	1.016	1.143	0.097	0.097	0.106	0.099
9:16:43	0.726	0.797	0.771	0.772	0.771	0.796	0.765	0.794	0.098	0.102	0.102	0.107	0.722	0.856	0.829	0.856	0.811	0.843	0.787	0.830	0.101	0.098	0.101	0.101	0.777	0.899	0.953	1.000	0.955	0.990	0.877	0.948	0.097	0.099	0.098	0.102	0.900	1.006	1.006	1.080	1.062	1.008	0.846	1.033	0.097	0.105	0.101	0.103	0.803	1.041	1.080	1.198	1.061	1.104	1.000	1.097	0.101	0.103	0.105	0.102	0.987	1.078	1.102	1.220	1.138	1.155	1.062	1.185	0.098	0.099	0.102	0.102	0.812	1.040	1.189	1.184	1.154	1.193	1.142	1.186	0.096	0.103	0.107	0.099	0.814	1.087	1.107	1.165	1.104	1.141	1.025	1.157	0.096	0.097	0.106	0.099
9:26:43	0.732	0.800	0.776	0.774	0.773	0.806	0.770	0.794	0.097	0.102	0.102	0.107	0.724	0.854	0.840	0.861	0.823	0.853	0.797	0.843	0.101	0.098	0.101	0.101	0.789	0.910	0.984	1.019	0.980	1.005	0.904	0.962	0.097	0.099	0.098	0.102	0.923	1.024	1.034	1.101	1.089	1.030	0.853	1.051	0.097	0.104	0.101	0.103	0.817	1.051	1.097	1.219	1.086	1.117	1.025	1.130	0.100	0.103	0.105	0.102	1.006	1.089	1.119	1.229	1.153	1.169	1.076	1.206	0.098	0.099	0.102	0.101	0.821	1.076	1.206	1.195	1.170	1.211	1.154	1.208	0.096	0.103	0.107	0.099	0.833	1.112	1.126	1.175	1.123	1.149	1.042	1.173	0.096	0.097	0.106	0.098
9:36:43	0.739	0.805	0.779	0.780	0.782	0.809	0.777	0.802	0.097	0.102	0.102	0.107	0.733	0.871	0.848	0.870	0.831	0.861	0.806	0.850	0.101	0.098	0.101	0.101	0.794	0.913	1.006	1.022	0.991	1.010	0.907	0.964	0.097	0.100	0.098	0.102	0.939	1.032	1.041	1.104	1.092	1.033	0.857	1.066	0.097	0.105	0.101	0.103	0.828	1.058	1.098	1.228	1.093	1.132	1.029	1.126	0.101	0.103	0.105	0.102	1.018	1.096	1.121	1.235	1.160	1.175	1.081	1.215	0.098	0.099	0.102	0.102	0.830	1.090	1.214	1.202	1.180	1.219	1.169	1.212	0.096	0.103	0.107	0.099	0.876	1.106	1.132	1.187	1.136	1.158	1.052	1.178	0.096	0.097	0.106	0.099
9:46:43	0.749	0.810	0.784	0.785	0.785	0.813	0.780	0.804	0.098	0.103	0.102	0.107	0.735	0.873	0.855	0.886	0.838	0.869	0.812	0.854	0.101	0.098	0.101	0.101	0.799	0.911	1.043	1.034	1.011	1.038	0.923	0.983	0.097	0.100	0.098	0.102	0.951	1.036	1.057	1.114	1.109	1.050	0.863	1.081	0.098	0.105	0.101	0.103	0.833	1.071	1.102	1.238	1.105	1.140	1.043	1.139	0.101	0.103	0.105	0.102	1.035	1.111	1.129	1.248	1.175	1.187	1.094	1.225	0.098	0.099	0.102	0.102	0.837	1.104	1.228	1.216	1.191	1.236	1.179	1.222	0.096	0.103	0.108	0.099	0.934	1.105	1.143	1.194	1.147	1.176	1.064	1.189	0.097	0.097	0.106	0.099
9:56:43	0.755	0.815	0.786	0.787	0.787	0.820	0.788	0.809	0.097	0.102	0.102	0.107	0.741	0.883	0.864	0.893	0.843	0.879	0.821	0.857	0.100	0.098	0.101	0.101	0.808	0.923	1.057	1.044	1.020	1.052	0.933	0.987	0.096	0.100	0.098	0.102	0.981	1.050	1.059	1.121	1.119	1.060	0.870	1.094	0.097	0.104	0.101	0.103	0.842	1.091	1.114	1.250	1.124	1.155	1.043	1.123	0.100	0.103	0.105	0.102	1.052	1.127	1.144	1.258	1.187	1.198	1.103	1.236	0.098	0.099	0.102	0.101	0.846	1.128	1.237	1.225	1.207	1.250	1.197	1.230	0.096	0.103	0.107	0.099	1.000	1.118	1.153	1.207	1.154	1.178	1.060	1.195	0.096	0.097	0.106	0.098
10:06:43	0.760	0.821	0.791	0.793	0.794	0.824	0.792	0.813	0.098	0.103	0.102	0.107	0.746	0.886	0.870	0.890	0.850	0.881	0.824	0.865	0.101	0.098	0.101	0.101	0.816	0.928	1.067	1.045	1.022	1.055	0.944	0.994	0.097	0.100	0.098	0.102	0.990	1.059	1.076	1.129	1.130	1.069	0.878	1.107	0.097	0.105	0.101	0.103	0.863	1.091	1.127	1.257	1.122	1.169	1.060	1.126	0.101	0.103	0.105	0.102	1.061	1.137	1.153	1.274	1.196	1.206	1.114	1.249	0.098	0.099	0.102	0.102	0.853	1.137	1.252	1.231	1.227	1.259	1.214	1.246	0.096	0.103	0.108	0.099	1.034	1.138	1.163	1.216	1.161	1.196	1.078	1.201	0.096	0.097	0.106	0.099
10:16:43	0.765	0.821	0.796	0.795	0.800	0.828	0.798	0.819	0.098	0.103	0.102	0.107	0.751	0.899	0.879	0.900	0.858	0.888	0.828	0.872	0.100	0.098	0.101	0.101	0.820	0.935	1.087	1.053	1.032	1.065	0.945	1.002	0.097	0.100	0.099	0.102	1.003	1.057	1.091	1.146	1.133	1.078	0.883	1.122	0.098	0.105	0.101	0.104	0.869	1.102	1.129	1.262	1.125	1.170	1.052	1.142	0.100	0.103	0.105	0.102	1.074	1.147	1.160	1.283	1.210	1.213	1.133	1.252	0.098	0.099	0.102	0.102	0.858	1.143	1.256	1.232	1.231	1.254	1.226	1.246	0.096	0.103	0.107	0.099	1.038	1.146	1.167	1.227	1.166	1.197	1.083	1.217	0.097	0.097	0.106	0.099
10:26:43	0.770	0.826	0.801	0.796	0.804	0.833	0.802	0.821	0.098	0.103	0.102	0.107	0.755	0.910	0.882	0.909	0.862	0.898	0.836	0.880	0.101	0.098	0.101	0.101	0.825	0.954	1.101	1.077	1.045	1.076	0.953	1.013	0.096	0.100	0.098	0.102	1.017	1.083	1.107	1.153	1.141	1.087	0.887	1.125	0.098	0.105	0.101	0.104	0.877	1.117	1.139	1.271	1.134	1.179	1.060	1.162	0.101	0.103	0.105	0.102	1.088	1.153	1.172	1.289	1.225	1.226	1.136	1.257	0.098	0.099	0.102	0.102	0.861	1.145	1.265	1.249	1.250	1.259	1.235	1.249	0.096	0.103	0.108	0.099	1.040	1.154	1.183	1.237	1.174	1.208	1.086	1.222	0.097	0.097	0.106	0.099
10:36:43	0.775	0.828	0.805	0.797	0.809	0.838	0.809	0.825	0.097	0.103	0.102	0.107	0.758	0.913	0.888	0.921	0.879	0.904	0.848	0.886	0.100	0.098	0.101	0.101	0.828	0.971	1.121	1.100	1.064	1.087	0.973	1.022	0.096	0.099	0.098	0.102	1.039	1.090	1.112	1.169	1.152	1.104	0.891	1.142	0.097	0.104	0.101	0.103	0.895	1.131	1.147	1.279	1.148	1.192	1.077	1.175	0.103	0.103	0.105	0.102	1.101	1.156	1.181	1.299	1.225	1.237	1.143	1.273	0.098	0.099	0.102	0.102	0.868	1.156	1.274	1.246	1.265	1.273	1.244	1.260	0.096	0.103	0.107	0.099	1.057	1.168	1.199	1.243	1.187	1.216	1.089	1.232	0.096	0.097	0.106	0.098
10:46:43	0.777	0.831	0.806	0.802	0.810	0.844	0.808	0.826	0.097	0.102	0.102	0.107	0.763	0.922	0.890	0.925	0.883	0.921	0.855	0.890	0.100	0.098	0.101	0.101	0.832	0.972	1.140	1.112	1.077	1.100	0.990	1.037	0.096	0.099	0.098	0.102	1.045	1.103	1.126	1.178	1.175	1.110	0.895	1.156	0.097	0.104	0.101	0.103	0.925	1.140	1.160	1.282	1.170	1.200	1.089	1.196	0.100	0.103	0.105	0.102	1.121	1.172	1.187	1.309	1.238	1.250	1.156	1.281	0.098	0.099	0.102	0.102	0.871	1.145	1.281	1.261	1.271	1.288	1.260	1.273	0.096	0.103	0.107	0.099	1.018	1.177	1.198	1.259	1.201	1.225	1.096	1.246	0.096	0.097	0.106	0.098
10:56:43	0.778	0.836	0.812	0.806	0.809	0.849	0.810	0.830	0.098	0.103	0.102	0.107	0.764	0.932	0.895	0.922	0.886	0.927	0.858	0.896	0.100	0.098	0.101	0.101	0.834	0.976	1.160	1.117	1.078	1.109	0.995	1.040	0.097	0.100	0.098	0.102	1.062	1.106	1.128	1.185	1.175	1.119	0.890	1.164	0.097	0.105	0.101	0.103	0.934	1.149	1.159	1.288	1.165	1.205	1.095	1.196	0.100	0.103	0.105	0.102	1.128	1.178	1.192	1.311	1.243	1.250	1.163	1.284	0.098	0.099	0.102	0.102	0.876	1.157	1.286	1.266	1.277	1.295	1.269	1.275	0.096	0.103	0.107	0.099	1.023	1.184	1.208	1.263	1.199	1.232	1.105	1.252	0.096	0.097	0.106	0.099
11:06:43	0.786	0.838	0.817	0.810	0.813	0.850	0.813	0.831	0.097	0.102	0.102	0.107	0.770	0.937	0.905	0.930	0.892	0.932	0.875	0.906	0.100	0.098	0.101	0.101	0.838	0.979	1.175	1.136	1.103	1.113	1.006	1.055	0.096	0.099	0.098	0.102	1.069	1.107	1.136	1.191	1.186	1.123	0.902	1.177	0.097	0.105	0.101	0.103	0.938	1.154	1.170	1.299	1.179	1.217	1.096	1.204	0.100	0.103	0.105	0.102	1.143	1.180	1.202	1.326	1.251	1.256	1.175	1.284	0.098	0.099	0.102	0.102	0.883	1.162	1.292	1.278	1.287	1.306	1.279	1.284	0.096	0.103	0.107	0.099	0.983	1.198	1.216	1.278	1.209	1.239	1.102	1.261	0.096	0.097	0.106	0.099
11:16:43	0.789	0.840	0.818	0.812	0.818	0.853	0.816	0.834	0.098	0.102	0.102	0.107	0.772	0.936	0.903	0.935	0.896	0.936	0.882	0.907	0.101	0.098	0.101	0.101	0.845	0.977	1.187	1.143	1.107	1.119	1.001	1.056	0.096	0.100	0.098	0.102	1.079	1.117	1.146	1.197	1.188	1.125	0.894	1.178	0.097	0.104	0.101	0.103	0.950	1.163	1.173	1.297	1.180	1.223	1.105	1.208	0.100	0.103	0.105	0.102	1.152	1.182	1.212	1.332	1.260	1.257	1.166	1.290	0.098	0.099	0.102	0.102	0.888	1.179	1.291	1.276	1.291	1.306	1.281	1.285	0.096	0.103	0.107	0.099	0.989	1.200	1.216	1.282	1.213	1.237	1.118	1.269	0.096	0.097	0.106	0.099
11:26:43	0.792	0.845	0.822	0.818	0.820	0.857	0.819	0.839	0.098	0.102	0.102	0.107	0.772	0.941	0.910	0.942	0.900	0.939	0.879	0.902	0.100	0.098	0.101	0.101	0.849	0.981	1.174	1.138	1.097	1.120	0.998	1.059	0.096	0.100	0.098	0.102	1.088	1.124	1.149	1.194	1.189	1.132	0.900	1.178	0.097	0.104	0.101	0.103	0.951	1.161	1.174	1.300	1.186	1.222	1.105	1.171	0.100	0.103	0.105	0.102	1.152	1.179	1.211	1.327	1.264	1.262	1.171	1.290	0.098	0.099	0.102	0.102	0.890	1.179	1.288	1.278	1.289	1.304	1.275	1.285	0.096	0.103	0.107	0.099	0.981	1.206	1.219	1.281	1.206	1.245	1.124	1.270	0.096	0.097	0.106	0.099
11:36:43	0.796	0.846	0.824	0.817	0.823	0.858	0.821	0.843	0.098	0.102	0.102	0.107	0.774	0.948	0.916	0.947	0.912	0.950	0.886	0.915	0.100	0.098	0.101	0.101	0.851	0.991	1.180	1.138	1.112	1.110	1.018	1.070	0.096	0.099	0.098	0.102	1.100	1.130	1.162	1.200	1.198	1.133	0.902	1.183	0.097	0.104	0.101	0.103	0.956	1.175	1.180	1.303	1.198	1.235	1.110	1.183	0.100	0.103	0.105	0.102	1.161	1.189	1.223	1.338	1.275	1.270	1.180	1.301	0.098	0.099	0.102	0.101	0.895	1.193	1.299	1.287	1.305	1.321	1.288	1.295	0.096	0.103	0.107	0.099	0.952	1.223	1.228	1.291	1.216	1.252	1.121	1.274	0.096	0.097	0.106	0.098
11:46:43	0.801	0.848	0.831	0.818	0.825	0.864	0.825	0.845	0.098	0.102	0.102	0.107	0.782	0.946	0.923	0.952	0.916	0.959	0.890	0.910	0.100	0.098	0.101	0.101	0.854	0.995	1.186	1.142	1.111	1.061	1.030	1.070	0.096	0.100	0.098	0.102	1.105	1.132	1.161	1.202	1.204	1.139	0.906	1.183	0.097	0.104	0.101	0.103	0.951	1.172	1.195	1.304	1.202	1.236	1.117	1.180	0.100	0.103	0.105	0.102	1.164	1.194	1.227	1.339	1.274	1.269	1.190	1.303	0.098	0.099	0.102	0.102	0.896	1.205	1.300	1.283	1.306	1.323	1.299	1.299	0.096	0.103	0.107	0.099	0.955	1.225	1.231	1.285	1.213	1.257	1.125	1.279	0.096	0.097	0.106	0.098
11:56:43	0.806	0.850	0.830	0.821	0.829	0.866	0.827	0.843	0.098	0.103	0.102	0.107	0.779	0.947	0.927	0.958	0.919	0.963	0.893	0.918	0.100	0.098	0.101	0.101	0.860	0.997	1.182	1.141	1.112	1.116	1.031	1.076	0.097	0.100	0.098	0.102	1.114	1.131	1.160	1.198	1.207	1.135	0.910	1.181	0.097	0.104	0.101	0.103	0.961	1.173	1.198	1.306	1.209	1.241	1.137	1.201	0.100	0.103	0.105	0.102	1.163	1.196	1.224	1.344	1.276	1.273	1.193	1.298	0.098	0.099	0.102	0.102	0.901	1.189	1.305	1.292	1.313	1.324	1.302	1.295	0.096	0.103	0.107	0.099	0.953	1.228	1.235	1.291	1.214	1.259	1.130	1.275	0.096	0.097	0.106	0.099
12:06:43	0.807	0.850	0.833	0.826	0.831	0.870	0.828	0.848	0.098	0.103	0.102	0.107	0.784	0.955	0.935	0.960	0.921	0.961	0.902	0.921	0.100	0.098	0.101	0.101	0.857	1.009	1.186	1.155	1.123	1.130	1.045	1.078	0.097	0.100	0.098	0.102	1.125	1.136	1.175	1.211	1.220	1.143	0.915	1.190	0.097	0.105	0.101	0.104	0.974	1.175	1.204	1.315	1.218	1.245	1.150	1.196	0.100	0.103	0.105	0.102	1.172	1.194	1.233	1.352	1.285	1.278	1.194	1.302	0.098	0.099	0.102	0.102	0.907	1.206	1.310	1.292	1.309	1.330	1.302	1.301	0.096	0.103	0.107	0.099	0.926	1.243	1.238	1.289	1.222	1.258	1.132	1.279	0.096	0.097	0.106	0.099
12:16:43	0.809	0.850	0.833	0.830	0.834	0.870	0.831	0.850	0.098	0.102	0.102	0.107	0.781	0.962	0.937	0.960	0.922	0.960	0.903	0.924	0.100	0.098	0.101	0.101	0.861	1.009	1.190	1.159	1.119	1.138	1.044	1.079	0.096	0.100	0.098	0.102	1.138	1.139	1.181	1.205	1.224	1.152	0.915	1.194	0.097	0.104	0.101	0.103	0.992	1.182	1.210	1.313	1.220	1.247	1.151	1.196	0.100	0.103	0.105	0.102	1.172	1.193	1.235	1.351	1.285	1.283	1.202	1.302	0.098	0.099	0.102	0.101	0.907	1.203	1.312	1.296	1.313	1.329	1.303	1.305	0.096	0.103	0.107	0.099	0.933	1.243	1.238	1.292	1.230	1.262	1.137	1.282	0.096	0.097	0.106	0.099
12:26:43	0.811	0.851	0.835	0.833	0.835	0.873	0.834	0.854	0.098	0.102	0.102	0.107	0.786	0.963	0.936	0.957	0.923	0.961	0.909	0.923	0.100	0.098	0.101	0.101	0.864	1.012	1.173	1.163	1.117	1.138	1.050	1.077	0.096	0.100	0.098	0.102	1.137	1.138	1.171	1.204	1.227	1.152	0.918	1.191	0.097	0.104	0.101	0.103	0.983	1.184	1.203	1.312	1.220	1.246	1.152	1.195	0.100	0.103	0.105	0.102	1.171	1.193	1.236	1.350	1.289	1.279	1.201	1.300	0.098	0.099	0.102	0.101	0.912	1.218	1.318	1.298	1.319	1.334	1.307	1.299	0.096	0.103	0.107	0.099	0.921	1.238	1.234	1.291	1.224	1.267	1.134	1.276	0.096	0.097	0.106	0.099
12:36:43	0.815	0.851	0.836	0.834	0.839	0.874	0.839	0.853	0.098	0.102	0.102	0.107	0.783	0.960	0.937	0.959	0.926	0.965	0.905	0.926	0.100	0.098	0.101	0.101	0.868	1.012	1.179	1.153	1.115	1.143	1.061	1.073	0.096	0.100	0.098	0.102	1.145	1.141	1.177	1.207	1.231	1.150	0.920	1.198	0.097	0.104	0.101	0.103	0.983	1.180	1.208	1.312	1.222	1.255	1.161	1.193	0.100	0.103	0.105	0.102	1.175	1.196	1.233	1.349	1.293	1.275	1.200	1.302	0.098	0.099	0.102	0.102	0.917	1.235	1.317	1.294	1.320	1.337	1.309	1.301	0.096	0.103	0.107	0.099	0.944	1.244	1.230	1.293	1.227	1.267	1.139	1.276	0.096	0.097	0.106	0.099
12:46:43	0.818	0.850	0.840	0.836	0.843	0.875	0.842	0.855	0.097	0.102	0.102	0.107	0.788	0.966	0.936	0.961	0.921	0.964	0.910	0.921	0.100	0.098	0.101	0.101	0.866	1.012	1.186	1.136	1.107	1.146	1.050	1.075	0.096	0.100	0.098	0.102	1.155	1.135	1.168	1.198	1.231	1.134	0.923	1.177	0.097	0.104	0.101	0.103	0.972	1.180	1.203	1.304	1.218	1.246	1.151	1.189	0.100	0.103	0.105	0.102	1.165	1.198	1.239	1.355	1.289	1.274	1.205	1.296	0.098	0.099	0.102	0.101	0.918	1.219	1.320	1.297	1.315	1.335	1.305	1.292	0.095	0.103	0.107	0.099	0.919	1.239	1.230	1.292	1.220	1.260	1.130	1.269	0.096	0.097	0.106	0.099
12:56:43	0.821	0.848	0.843	0.837	0.848	0.878	0.846	0.859	0.097	0.102	0.102	0.107	0.783	0.962	0.943	0.962	0.921	0.956	0.906	0.915	0.100	0.098	0.101	0.101	0.872	1.013	1.175	1.128	1.101	1.136	1.060	1.069	0.096	0.100	0.098	0.102	1.160	1.138	1.177	1.194	1.232	1.136	0.926	1.166	0.097	0.104	0.101	0.103	0.982	1.182	1.211	1.301	1.226	1.239	1.154	1.189	0.100	0.103	0.105	0.102	1.172	1.198	1.242	1.345	1.284	1.275	1.212	1.305	0.097	0.099	0.102	0.101	0.918	1.228	1.324	1.300	1.318	1.332	1.297	1.299	0.095	0.103	0.107	0.099	0.932	1.232	1.238	1.290	1.226	1.258	1.134	1.264	0.096	0.097	0.106	0.099
13:06:43	0.823	0.846	0.843	0.840	0.844	0.878	0.846	0.856	0.097	0.102	0.102	0.107	0.783	0.965	0.947	0.970	0.935	0.970	0.919	0.924	0.100	0.098	0.101	0.101	0.876	1.022	1.187	1.122	1.133	1.145	1.083	1.084	0.096	0.100	0.098	0.102	1.164	1.146	1.188	1.208	1.234	1.145	0.931	1.191	0.097	0.104	0.101	0.103	1.001	1.192	1.216	1.303	1.230	1.256	1.189	1.217	0.100	0.103	0.105	0.102	1.181	1.201	1.241	1.351	1.304	1.288	1.229	1.316	0.097	0.099	0.102	0.101	0.924	1.237	1.331	1.309	1.326	1.341	1.311	1.300	0.095	0.103	0.107	0.099	0.937	1.248	1.248	1.303	1.243	1.269	1.148	1.276	0.096	0.097	0.106	0.099
13:16:43	0.825	0.839	0.840	0.837	0.843	0.879	0.847	0.855	0.098	0.102	0.102	0.107	0.782	0.966	0.948	0.957	0.937	0.976	0.923	0.921	0.100	0.098	0.101	0.101	0.870	1.018	1.184	1.127	1.135	1.133	1.089	1.084	0.096	0.100	0.098	0.102	1.190	1.149	1.180	1.200	1.230	1.155	0.928	1.182	0.097	0.104	0.101	0.103	0.999	1.190	1.220	1.302	1.238	1.259	1.194	1.214	0.100	0.103	0.105	0.102	1.182	1.204	1.242	1.349	1.300	1.287	1.229	1.309	0.097	0.099	0.102	0.102	0.923	1.235	1.327	1.304	1.325	1.343	1.317	1.298	0.096	0.103	0.107	0.099	0.938	1.248	1.252	1.300	1.244	1.270	1.151	1.272	0.096	0.097	0.106	0.099
13:26:43	0.828	0.834	0.839	0.838	0.844	0.878	0.850	0.856	0.097	0.102	0.102	0.107	0.783	0.959	0.950	0.948	0.931	0.961	0.920	0.920	0.100	0.098	0.101	0.101	0.875	1.002	1.177	1.129	1.132	1.127	1.079	1.071	0.096	0.099	0.098	0.102	1.179	1.143	1.182	1.197	1.223	1.140	0.926	1.176	0.097	0.104	0.101	0.103	0.989	1.184	1.220	1.300	1.230	1.252	1.189	1.204	0.100	0.103	0.104	0.102	1.192	1.202	1.244	1.337	1.303	1.281	1.229	1.305	0.097	0.099	0.102	0.101	0.924	1.226	1.322	1.298	1.326	1.337	1.315	1.292	0.095	0.103	0.107	0.099	0.932	1.239	1.249	1.293	1.244	1.266	1.143	1.275	0.096	0.097	0.106	0.098
13:36:43	0.830	0.832	0.841	0.834	0.845	0.877	0.851	0.858	0.097	0.102	0.102	0.107	0.780	0.956	0.942	0.946	0.927	0.969	0.919	0.912	0.100	0.098	0.101	0.101	0.875	1.006	1.175	1.120	1.134	1.118	1.081	1.069	0.096	0.100	0.098	0.102	1.177	1.138	1.182	1.193	1.224	1.136	0.929	1.124	0.097	0.104	0.101	0.103	0.985	1.189	1.221	1.298	1.229	1.246	1.189	1.199	0.100	0.103	0.105	0.102	1.184	1.198	1.243	1.332	1.301	1.277	1.232	1.296	0.097	0.099	0.102	0.102	0.923	1.234	1.325	1.296	1.329	1.339	1.317	1.287	0.095	0.103	0.107	0.099	0.937	1.246	1.249	1.289	1.243	1.269	1.130	1.271	0.096	0.097	0.106	0.098
13:46:43	0.832	0.828	0.845	0.835	0.847	0.878	0.852	0.857	0.098	0.102	0.102	0.107	0.774	0.953	0.938	0.940	0.926	0.952	0.913	0.907	0.100	0.098	0.101	0.101	0.874	1.004	1.156	1.111	1.116	1.125	1.075	1.057	0.096	0.100	0.098	0.102	1.190	1.131	1.176	1.185	1.220	1.127	0.926	1.137	0.097	0.105	0.101	0.103	0.986	1.181	1.215	1.288	1.226	1.244	1.185	1.185	0.100	0.103	0.105	0.102	1.175	1.198	1.242	1.328	1.300	1.269	1.232	1.294	0.097	0.099	0.102	0.102	0.927	1.221	1.326	1.291	1.326	1.334	1.319	1.276	0.095	0.103	0.107	0.099	0.945	1.238	1.248	1.285	1.235	1.269	1.147	1.259	0.096	0.097	0.106	0.098
13:56:43	0.836	0.833	0.850	0.834	0.850	0.876	0.857	0.861	0.098	0.102	0.102	0.107	0.774	0.947	0.935	0.938	0.916	0.946	0.916	0.906	0.100	0.098	0.101	0.101	0.875	1.001	1.151	1.100	1.101	1.105	1.068	1.042	0.096	0.099	0.098	0.102	1.194	1.125	1.167	1.169	1.210	1.116	0.924	1.141	0.097	0.104	0.101	0.103	0.972	1.176	1.208	1.283	1.215	1.229	1.180	1.178	0.100	0.103	0.105	0.102	1.173	1.193	1.245	1.321	1.302	1.263	1.234	1.289	0.097	0.099	0.102	0.102	0.926	1.221	1.320	1.285	1.320	1.331	1.314	1.265	0.095	0.103	0.107	0.099	0.935	1.233	1.247	1.271	1.221	1.259	1.146	1.241	0.096	0.097	0.106	0.098
14:06:43	0.837	0.835	0.850	0.834	0.853	0.876	0.853	0.860	0.097	0.102	0.102	0.107	0.770	0.937	0.931	0.934	0.914	0.934	0.899	0.903	0.100	0.098	0.101	0.101	0.871	0.984	1.118	1.088	1.076	1.091	1.058	1.025	0.096	0.099	0.098	0.102	1.194	1.112	1.155	1.157	1.203	1.101	0.923	1.114	0.097	0.105	0.101	0.103	0.965	1.164	1.194	1.277	1.205	1.211	1.161	1.161	0.100	0.103	0.105	0.102	1.158	1.185	1.237	1.300	1.281	1.253	1.218	1.270	0.097	0.099	0.102	0.102	0.925	1.200	1.312	1.274	1.313	1.322	1.308	1.252	0.095	0.103	0.107	0.099	0.941	1.206	1.233	1.262	1.206	1.240	1.132	1.223	0.096	0.097	0.106	0.099
14:16:43	0.841	0.840	0.852	0.834	0.855	0.875	0.855	0.864	0.098	0.102	0.102	0.107	0.765	0.938	0.930	0.934	0.907	0.931	0.902	0.899	0.100	0.098	0.101	0.101	0.869	0.974	1.115	1.080	1.071	1.068	1.046	1.020	0.096	0.100	0.098	0.102	1.196	1.091	1.148	1.149	1.200	1.079	0.925	1.113	0.097	0.105	0.101	0.103	0.950	1.154	1.194	1.265	1.195	1.203	1.156	1.119	0.100	0.103	0.105	0.102	1.148	1.183	1.238	1.283	1.277	1.246	1.206	1.258	0.097	0.099	0.102	0.102	0.927	1.193	1.306	1.270	1.308	1.310	1.303	1.237	0.095	0.103	0.107	0.099	0.928	1.198	1.219	1.252	1.193	1.232	1.121	1.214	0.096	0.097	0.106	0.099
14:26:43	0.842	0.847	0.853	0.833	0.856	0.876	0.851	0.861	0.097	0.102	0.102	0.107	0.762	0.943	0.924	0.932	0.915	0.938	0.911	0.900	0.100	0.098	0.101	0.101	0.869	0.982	1.105	1.094	1.087	1.080	1.055	1.027	0.096	0.099	0.098	0.102	1.188	1.099	1.161	1.156	1.198	1.095	0.919	1.127	0.097	0.104	0.101	0.103	0.969	1.158	1.191	1.265	1.195	1.207	1.167	1.160	0.102	0.103	0.104	0.102	1.150	1.183	1.231	1.285	1.272	1.252	1.224	1.270	0.097	0.099	0.102	0.101	0.925	1.186	1.311	1.274	1.311	1.308	1.313	1.249	0.095	0.103	0.107	0.099	0.953	1.207	1.223	1.243	1.212	1.244	1.122	1.231	0.096	0.097	0.106	0.098
14:36:43	0.841	0.857	0.854	0.834	0.855	0.875	0.850	0.861	0.097	0.102	0.102	0.107	0.759	0.942	0.924	0.935	0.915	0.931	0.910	0.900	0.100	0.098	0.101	0.101	0.864	0.981	1.099	1.092	1.078	1.087	1.049	1.035	0.096	0.100	0.098	0.102	1.192	1.097	1.159	1.157	1.195	1.096	0.914	1.133	0.097	0.104	0.101	0.103	0.967	1.156	1.185	1.255	1.193	1.201	1.165	1.168	0.100	0.103	0.105	0.102	1.146	1.182	1.228	1.279	1.269	1.245	1.219	1.265	0.097	0.099	0.102	0.101	0.920	1.189	1.305	1.280	1.311	1.306	1.307	1.240	0.095	0.103	0.107	0.099	0.941	1.198	1.217	1.236	1.202	1.242	1.122	1.228	0.096	0.097	0.106	0.098
14:46:43	0.841	0.861	0.854	0.834	0.857	0.874	0.850	0.863	0.097	0.102	0.102	0.107	0.759	0.932	0.915	0.929	0.906	0.925	0.894	0.896	0.100	0.098	0.101	0.101	0.860	0.972	1.089	1.075	1.063	1.059	1.030	1.021	0.096	0.100	0.098	0.102	1.180	1.084	1.148	1.143	1.179	1.069	0.915	1.058	0.097	0.104	0.101	0.103	0.932	1.136	1.169	1.254	1.174	1.178	1.146	1.144	0.100	0.103	0.105	0.102	1.138	1.177	1.221	1.270	1.264	1.236	1.194	1.254	0.097	0.099	0.102	0.102	0.922	1.174	1.290	1.260	1.304	1.290	1.296	1.226	0.095	0.103	0.107	0.099	0.933	1.183	1.197	1.222	1.185	1.223	1.115	1.210	0.096	0.097	0.106	0.098
14:56:43	0.838	0.865	0.856	0.838	0.858	0.878	0.851	0.863	0.097	0.102	0.102	0.107	0.758	0.931	0.913	0.927	0.897	0.919	0.886	0.890	0.100	0.098	0.101	0.101	0.856	0.964	1.083	1.062	1.052	1.054	1.007	1.006	0.096	0.099	0.098	0.102	1.174	1.077	1.134	1.130	1.175	1.059	0.917	1.095	0.097	0.104	0.101	0.103	0.909	1.137	1.161	1.247	1.166	1.171	1.127	1.132	0.099	0.103	0.105	0.102	1.128	1.169	1.215	1.271	1.260	1.220	1.184	1.237	0.097	0.099	0.102	0.101	0.920	1.160	1.282	1.254	1.292	1.281	1.278	1.224	0.095	0.103	0.107	0.099	0.922	1.169	1.185	1.209	1.176	1.216	1.100	1.198	0.096	0.097	0.106	0.098
15:06:43	0.838	0.868	0.857	0.839	0.859	0.874	0.854	0.868	0.097	0.103	0.102	0.107	0.755	0.924	0.914	0.923	0.895	0.906	0.882	0.887	0.100	0.098	0.101	0.101	0.854	0.943	1.061	1.053	1.039	1.039	0.994	0.993	0.096	0.100	0.098	0.102	1.170	1.069	1.123	1.120	1.163	1.039	0.911	1.082	0.097	0.104	0.101	0.103	0.901	1.132	1.145	1.240	1.151	1.148	1.113	1.120	0.101	0.103	0.105	0.102	1.113	1.161	1.195	1.257	1.247	1.202	1.166	1.219	0.098	0.099	0.102	0.102	0.917	1.138	1.274	1.231	1.275	1.268	1.265	1.205	0.095	0.103	0.107	0.099	0.935	1.150	1.173	1.196	1.167	1.198	1.088	1.186	0.096	0.097	0.106	0.099
15:16:43	0.838	0.871	0.857	0.841	0.858	0.874	0.856	0.865	0.097	0.102	0.102	0.107	0.754	0.923	0.906	0.922	0.898	0.911	0.879	0.889	0.100	0.098	0.101	0.101	0.852	0.945	1.066	1.037	1.025	1.038	0.986	0.968	0.096	0.099	0.098	0.102	1.169	1.048	1.106	1.108	1.163	1.035	0.910	1.069	0.097	0.104	0.101	0.103	0.878	1.121	1.136	1.234	1.145	1.144	1.111	1.110	0.102	0.103	0.105	0.102	1.103	1.157	1.180	1.253	1.247	1.188	1.159	1.204	0.097	0.099	0.102	0.101	0.916	1.109	1.253	1.225	1.256	1.252	1.253	1.192	0.095	0.103	0.107	0.099	0.922	1.144	1.161	1.186	1.156	1.190	1.061	1.178	0.096	0.097	0.106	0.098
15:26:43	0.842	0.873	0.856	0.844	0.857	0.874	0.855	0.865	0.097	0.102	0.102	0.107	0.756	0.927	0.907	0.920	0.897	0.903	0.876	0.886	0.100	0.098	0.101	0.101	0.848	0.945	1.058	1.032	1.016	1.026	0.981	0.982	0.096	0.100	0.098	0.102	1.165	1.040	1.097	1.111	1.156	1.037	0.908	1.077	0.097	0.104	0.101	0.103	0.873	1.118	1.139	1.227	1.137	1.141	1.112	1.075	0.099	0.103	0.105	0.102	1.093	1.143	1.176	1.248	1.237	1.183	1.159	1.197	0.097	0.099	0.102	0.101	0.916	1.060	1.254	1.217	1.247	1.247	1.247	1.180	0.095	0.103	0.107	0.099	0.919	1.131	1.157	1.181	1.149	1.189	1.060	1.176	0.095	0.097	0.106	0.098
15:36:43	0.836	0.868	0.857	0.848	0.857	0.872	0.857	0.867	0.097	0.103	0.102	0.107	0.753	0.929	0.914	0.919	0.903	0.916	0.881	0.888	0.100	0.098	0.101	0.101	0.853	0.950	1.051	1.035	1.021	0.992	0.977	0.988	0.096	0.100	0.098	0.102	1.167	1.042	1.100	1.110	1.162	1.033	0.902	1.072	0.097	0.104	0.101	0.103	0.870	1.121	1.139	1.222	1.148	1.155	1.107	1.111	0.099	0.103	0.105	0.102	1.099	1.150	1.174	1.250	1.235	1.189	1.162	1.201	0.097	0.099	0.102	0.102	0.910	1.025	1.253	1.220	1.256	1.249	1.243	1.201	0.095	0.103	0.107	0.099	0.929	1.138	1.158	1.187	1.154	1.191	1.057	1.181	0.096	0.097	0.106	0.099
15:46:43	0.838	0.872	0.855	0.843	0.853	0.874	0.858	0.863	0.097	0.103	0.102	0.107	0.751	0.926	0.908	0.920	0.895	0.905	0.884	0.890	0.100	0.098	0.101	0.101	0.844	0.940	1.048	1.033	1.024	1.022	0.978	0.978	0.096	0.100	0.098	0.102	1.157	1.035	1.098	1.101	1.148	1.040	0.906	1.073	0.097	0.104	0.101	0.103	0.864	1.117	1.129	1.212	1.134	1.139	1.099	1.104	0.099	0.103	0.105	0.102	1.092	1.149	1.160	1.244	1.234	1.183	1.150	1.194	0.097	0.099	0.102	0.101	0.913	1.002	1.238	1.208	1.245	1.246	1.229	1.190	0.095	0.103	0.107	0.099	0.925	1.126	1.152	1.179	1.146	1.179	1.047	1.176	0.096	0.097	0.106	0.098
15:56:43	0.839	0.875	0.853	0.846	0.857	0.872	0.855	0.861	0.097	0.102	0.102	0.107	0.751	0.926	0.908	0.919	0.897	0.916	0.877	0.884	0.100	0.098	0.101	0.101	0.845	0.941	1.038	1.037	1.022	1.018	0.967	0.986	0.096	0.100	0.098	0.102	1.149	1.035	1.098	1.100	1.158	1.031	0.911	1.063	0.097	0.104	0.101	0.103	0.862	1.120	1.126	1.210	1.135	1.139	1.102	1.106	0.099	0.103	0.105	0.102	1.093	1.145	1.157	1.241	1.234	1.181	1.155	1.194	0.097	0.099	0.102	0.101	0.911	1.016	1.240	1.209	1.249	1.243	1.236	1.194	0.095	0.103	0.107	0.099	0.921	1.133	1.147	1.171	1.143	1.180	1.030	1.171	0.096	0.097	0.106	0.098
16:06:43	0.837	0.876	0.856	0.845	0.857	0.873	0.858	0.865	0.097	0.102	0.102	0.107	0.749	0.922	0.900	0.913	0.893	0.901	0.871	0.887	0.100	0.098	0.101	0.101	0.842	0.936	1.034	1.017	1.008	1.008	0.965	0.975	0.096	0.100	0.098	0.102	1.133	1.019	1.085	1.090	1.142	1.032	0.902	1.056	0.097	0.104	0.101	0.103	0.859	1.102	1.112	1.208	1.125	1.123	1.095	1.093	0.099	0.103	0.105	0.102	1.076	1.122	1.147	1.238	1.223	1.159	1.135	1.192	0.097	0.099	0.102	0.101	0.911	1.005	1.230	1.197	1.232	1.228	1.216	1.168	0.095	0.103	0.107	0.099	0.915	1.116	1.141	1.170	1.134	1.172	0.997	1.163	0.096	0.097	0.106	0.099
16:16:43	0.838	0.882	0.860	0.846	0.855	0.873	0.863	0.868	0.097	0.102	0.102	0.107	0.748	0.913	0.900	0.914	0.895	0.901	0.869	0.883	0.100	0.098	0.101	0.101	0.842	0.935	1.030	1.019	1.004	1.009	0.963	0.964	0.096	0.100	0.098	0.102	1.119	1.003	1.084	1.082	1.142	1.017	0.903	1.045	0.097	0.104	0.101	0.103	0.857	1.083	1.111	1.199	1.111	1.113	1.085	1.084	0.100	0.103	0.105	0.102	1.061	1.116	1.138	1.230	1.209	1.156	1.123	1.177	0.097	0.099	0.102	0.102	0.909	1.000	1.214	1.191	1.216	1.226	1.206	1.153	0.095	0.103	0.107	0.099	0.912	1.113	1.135	1.161	1.127	1.165	0.999	1.148	0.096	0.097	0.106	0.099
16:26:43	0.841	0.880	0.862	0.848	0.860	0.875	0.861	0.865	0.097	0.102	0.102	0.107	0.748	0.925	0.902	0.911	0.900	0.902	0.878	0.888	0.100	0.098	0.101	0.101	0.841	0.938	1.022	1.019	1.005	1.007	0.964	0.972	0.096	0.100	0.098	0.102	1.129	1.011	1.081	1.091	1.132	1.018	0.903	1.048	0.097	0.104	0.101	0.103	0.851	1.082	1.109	1.196	1.119	1.115	1.089	1.074	0.099	0.103	0.105	0.102	1.070	1.118	1.135	1.230	1.205	1.158	1.133	1.183	0.097	0.099	0.102	0.101	0.907	1.002	1.207	1.197	1.218	1.222	1.213	1.164	0.095	0.103	0.107	0.099	0.922	1.109	1.132	1.164	1.127	1.158	0.989	1.153	0.096	0.097	0.106	0.099
16:36:43	0.838	0.880	0.860	0.844	0.856	0.875	0.861	0.866	0.097	0.102	0.102	0.107	0.748	0.911	0.899	0.913	0.896	0.900	0.869	0.881	0.100	0.098	0.101	0.101	0.842	0.928	0.981	1.013	1.000	0.990	0.958	0.959	0.096	0.100	0.098	0.102	1.115	1.007	1.068	1.086	1.133	1.007	0.904	1.041	0.097	0.105	0.101	0.103	0.851	1.075	1.099	1.192	1.104	1.107	1.087	1.070	0.099	0.103	0.105	0.102	1.060	1.115	1.128	1.227	1.199	1.150	1.124	1.175	0.097	0.099	0.102	0.102	0.906	0.986	1.211	1.192	1.208	1.221	1.199	1.154	0.095	0.103	0.107	0.099	0.906	1.110	1.129	1.155	1.126	1.155	0.952	1.141	0.096	0.097	0.106	0.099
16:46:43	0.841	0.880	0.861	0.846	0.861	0.875	0.863	0.868	0.097	0.102	0.102	0.107	0.744	0.918	0.898	0.914	0.900	0.900	0.872	0.883	0.100	0.098	0.101	0.101	0.840	0.933	0.998	0.996	1.009	0.995	0.960	0.960	0.096	0.100	0.098	0.102	1.111	1.009	1.068	1.083	1.121	1.006	0.908	1.027	0.097	0.104	0.101	0.103	0.852	1.067	1.088	1.185	1.098	1.112	1.076	1.074	0.099	0.103	0.105	0.102	1.061	1.117	1.141	1.220	1.190	1.153	1.127	1.172	0.097	0.099	0.102	0.101	0.904	0.990	1.210	1.185	1.207	1.224	1.201	1.158	0.095	0.103	0.107	0.099	0.913	1.109	1.132	1.160	1.120	1.151	0.977	1.151	0.096	0.097	0.106	0.098
16:56:43	0.842	0.879	0.860	0.847	0.860	0.877	0.860	0.868	0.097	0.102	0.102	0.107	0.748	0.917	0.901	0.910	0.898	0.899	0.872	0.883	0.100	0.098	0.101	0.101	0.842	0.929	1.000	1.007	1.006	1.008	0.964	0.971	0.096	0.100	0.098	0.102	1.119	1.009	1.075	1.077	1.129	0.993	0.897	1.025	0.097	0.104	0.101	0.103	0.850	1.079	1.094	1.195	1.099	1.107	1.083	1.078	0.099	0.103	0.105	0.102	1.056	1.120	1.137	1.217	1.196	1.147	1.129	1.175	0.097	0.099	0.102	0.101	0.906	0.993	1.212	1.190	1.200	1.219	1.205	1.161	0.095	0.103	0.107	0.099	0.910	1.102	1.128	1.156	1.115	1.149	0.956	1.151	0.096	0.097	0.106	0.098
17:06:43	0.841	0.878	0.861	0.849	0.862	0.874	0.861	0.868	0.097	0.102	0.102	0.107	0.745	0.920	0.896	0.906	0.896	0.901	0.873	0.882	0.100	0.098	0.101	0.101	0.843	0.932	0.984	1.013	1.003	0.974	0.961	0.961	0.096	0.099	0.098	0.102	1.120	0.999	1.079	1.079	1.132	0.994	0.898	1.027	0.097	0.104	0.101	0.103	0.850	1.076	1.092	1.195	1.095	1.106	1.079	1.080	0.099	0.103	0.105	0.102	1.055	1.122	1.127	1.209	1.194	1.147	1.127	1.174	0.097	0.099	0.102	0.102	0.903	0.990	1.212	1.184	1.199	1.213	1.196	1.152	0.095	0.103	0.107	0.099	0.913	1.103	1.125	1.148	1.115	1.155	0.955	1.145	0.096	0.097	0.106	0.098
17:16:43	0.844	0.880	0.865	0.850	0.864	0.876	0.863	0.873	0.097	0.102	0.102	0.107	0.744	0.911	0.898	0.904	0.893	0.900	0.875	0.884	0.100	0.098	0.101	0.101	0.840	0.928	0.971	0.995	1.003	0.993	0.955	0.944	0.096	0.100	0.098	0.102	1.108	0.980	1.066	1.065	1.106	0.981	0.900	1.018	0.097	0.105	0.101	0.103	0.850	1.060	1.080	1.184	1.089	1.092	1.075	1.052	0.099	0.103	0.105	0.102	1.045	1.099	1.120	1.206	1.185	1.131	1.113	1.166	0.097	0.099	0.102	0.102	0.902	0.972	1.189	1.175	1.185	1.205	1.183	1.142	0.095	0.103	0.107	0.099	0.901	1.098	1.116	1.145	1.109	1.135	0.922	1.135	0.096	0.097	0.106	0.098
17:26:43	0.843	0.882	0.868	0.852	0.865	0.874	0.864	0.873	0.097	0.102	0.102	0.107	0.743	0.910	0.900	0.900	0.896	0.899	0.870	0.884	0.100	0.098	0.101	0.101	0.841	0.925	0.964	1.001	1.002	0.928	0.942	0.944	0.096	0.100	0.098	0.102	1.097	0.977	1.051	1.072	1.111	0.983	0.901	1.007	0.097	0.104	0.101	0.103	0.846	1.063	1.078	1.181	1.088	1.096	1.055	1.050	0.099	0.103	0.104	0.102	1.049	1.096	1.120	1.194	1.189	1.133	1.118	1.166	0.097	0.099	0.102	0.101	0.902	0.967	1.188	1.172	1.180	1.195	1.180	1.142	0.095	0.103	0.107	0.099	0.905	1.097	1.111	1.147	1.109	1.135	0.959	1.129	0.096	0.097	0.106	0.098
17:36:43	0.844	0.883	0.866	0.855	0.865	0.875	0.868	0.875	0.097	0.103	0.102	0.107	0.741	0.903	0.893	0.899	0.894	0.898	0.870	0.883	0.100	0.098	0.101	0.101	0.840	0.915	0.960	0.995	0.985	0.987	0.944	0.939	0.096	0.100	0.098	0.102	1.094	0.961	1.043	1.065	1.107	0.980	0.904	1.002	0.097	0.105	0.101	0.104	0.849	1.055	1.068	1.176	1.089	1.083	1.046	1.047	0.099	0.103	0.105	0.102	1.047	1.091	1.113	1.188	1.176	1.130	1.106	1.161	0.097	0.099	0.102	0.102	0.903	0.952	1.189	1.162	1.178	1.195	1.175	1.127	0.095	0.103	0.108	0.100	0.903	1.087	1.109	1.137	1.099	1.129	0.912	1.124	0.096	0.097	0.106	0.099
17:46:43	0.842	0.877	0.865	0.848	0.857	0.874	0.864	0.871	0.097	0.102	0.102	0.107	0.740	0.907	0.896	0.905	0.896	0.902	0.871	0.879	0.100	0.098	0.101	0.101	0.841	0.920	0.960	1.005	0.987	0.992	0.942	0.934	0.096	0.100	0.098	0.102	1.092	0.973	1.048	1.070	1.117	0.969	0.894	1.002	0.097	0.104	0.101	0.103	0.846	1.061	1.083	1.178	1.082	1.094	1.054	1.052	0.099	0.103	0.104	0.102	1.044	1.092	1.123	1.196	1.183	1.137	1.098	1.160	0.097	0.099	0.102	0.101	0.899	0.960	1.189	1.178	1.180	1.201	1.186	1.126	0.095	0.103	0.107	0.099	0.904	1.093	1.107	1.127	1.098	1.124	0.911	1.120	0.095	0.097	0.106	0.098
17:56:43	0.843	0.880	0.866	0.850	0.859	0.871	0.865	0.871	0.097	0.102	0.102	0.107	0.739	0.911	0.896	0.913	0.893	0.900	0.871	0.879	0.100	0.098	0.101	0.100	0.840	0.926	0.964	1.011	0.999	0.999	0.943	0.953	0.096	0.099	0.098	0.102	1.090	0.978	1.054	1.078	1.115	0.978	0.902	1.013	0.097	0.104	0.100	0.103	0.846	1.063	1.088	1.178	1.087	1.106	1.067	1.060	0.099	0.103	0.105	0.102	1.055	1.095	1.124	1.187	1.186	1.146	1.115	1.171	0.097	0.099	0.102	0.101	0.899	0.967	1.192	1.178	1.186	1.204	1.188	1.136	0.095	0.103	0.107	0.099	0.921	1.085	1.113	1.136	1.106	1.132	0.918	1.137	0.095	0.097	0.106	0.098
18:06:43	0.845	0.882	0.869	0.852	0.862	0.873	0.867	0.870	0.097	0.102	0.102	0.107	0.739	0.914	0.895	0.918	0.898	0.898	0.874	0.878	0.100	0.098	0.101	0.101	0.844	0.927	0.961	1.002	1.001	1.003	0.950	0.958	0.096	0.099	0.098	0.102	1.093	0.985	1.056	1.088	1.109	0.987	0.904	1.038	0.097	0.104	0.101	0.103	0.847	1.072	1.099	1.179	1.096	1.102	1.082	1.065	0.099	0.103	0.105	0.102	1.053	1.098	1.128	1.181	1.185	1.147	1.123	1.170	0.097	0.099	0.102	0.101	0.900	0.978	1.199	1.187	1.191	1.215	1.196	1.144	0.095	0.103	0.107	0.099	0.920	1.080	1.113	1.133	1.107	1.137	0.917	1.139	0.095	0.097	0.106	0.098
18:16:43	0.842	0.885	0.867	0.853	0.862	0.872	0.867	0.875	0.097	0.102	0.102	0.107	0.739	0.904	0.890	0.902	0.893	0.895	0.870	0.882	0.100	0.098	0.101	0.101	0.840	0.927	0.956	0.995	0.992	1.006	0.946	0.947	0.096	0.100	0.098	0.102	1.089	0.976	1.051	1.077	1.105	0.976	0.900	1.018	0.097	0.105	0.101	0.103	0.848	1.073	1.085	1.171	1.081	1.096	1.054	1.051	0.099	0.103	0.105	0.102	1.042	1.087	1.116	1.193	1.173	1.126	1.126	1.155	0.097	0.099	0.102	0.101	0.901	0.931	1.190	1.175	1.178	1.214	1.176	1.131	0.095	0.103	0.107	0.099	0.918	1.089	1.101	1.125	1.110	1.132	0.910	1.135	0.096	0.097	0.106	0.099
18:26:43	0.845	0.882	0.870	0.852	0.861	0.873	0.869	0.872	0.097	0.103	0.102	0.107	0.741	0.908	0.893	0.908	0.899	0.895	0.874	0.879	0.100	0.098	0.101	0.101	0.840	0.924	0.960	1.001	1.009	1.011	0.952	0.949	0.096	0.099	0.098	0.102	1.089	0.968	1.056	1.085	1.104	0.973	0.892	1.022	0.097	0.104	0.101	0.103	0.847	1.065	1.089	1.170	1.085	1.101	1.059	1.049	0.100	0.103	0.105	0.102	1.042	1.087	1.111	1.189	1.176	1.137	1.122	1.160	0.097	0.099	0.102	0.101	0.901	0.934	1.195	1.178	1.176	1.213	1.180	1.131	0.095	0.103	0.107	0.099	0.918	1.086	1.107	1.119	1.095	1.131	0.908	1.135	0.095	0.097	0.106	0.098
18:36:43	0.842	0.882	0.868	0.848	0.859	0.870	0.866	0.870	0.097	0.102	0.102	0.107	0.739	0.905	0.891	0.904	0.893	0.895	0.872	0.878	0.100	0.098	0.101	0.101	0.843	0.920	0.950	0.998	0.988	0.999	0.941	0.942	0.096	0.099	0.098	0.102	1.089	0.965	1.041	1.071	1.103	0.977	0.900	0.991	0.096	0.104	0.100	0.103	0.845	1.065	1.086	1.167	1.082	1.100	1.061	1.042	0.099	0.103	0.104	0.102	1.037	1.088	1.119	1.194	1.169	1.130	1.121	1.160	0.097	0.099	0.102	0.101	0.899	0.963	1.186	1.176	1.182	1.209	1.184	1.129	0.094	0.102	0.107	0.099	0.920	1.089	1.097	1.112	1.097	1.135	0.906	1.130	0.095	0.097	0.106	0.098
18:46:43	0.844	0.883	0.868	0.850	0.859	0.871	0.868	0.874	0.097	0.102	0.102	0.107	0.740	0.909	0.891	0.901	0.893	0.893	0.870	0.880	0.100	0.098	0.101	0.101	0.839	0.920	0.949	0.989	0.984	0.985	0.945	0.946	0.096	0.100	0.098	0.102	1.085	0.970	1.046	1.065	1.100	0.971	0.899	1.015	0.097	0.104	0.101	0.103	0.844	1.063	1.086	1.165	1.071	1.092	1.058	1.037	0.103	0.103	0.105	0.102	1.046	1.082	1.112	1.180	1.170	1.126	1.116	1.154	0.097	0.099	0.102	0.101	0.899	0.974	1.188	1.164	1.175	1.198	1.175	1.128	0.095	0.103	0.107	0.099	0.928	1.080	1.092	1.112	1.097	1.125	0.907	1.128	0.095	0.097	0.106	0.099
18:56:43	0.843	0.880	0.863	0.848	0.857	0.870	0.865	0.875	0.097	0.102	0.102	0.107	0.739	0.905	0.892	0.902	0.893	0.891	0.868	0.876	0.100	0.098	0.101	0.101	0.835	0.919	0.946	0.987	0.991	0.990	0.936	0.937	0.096	0.099	0.098	0.102	1.079	0.973	1.046	1.061	1.102	0.973	0.896	1.011	0.097	0.104	0.101	0.103	0.845	1.066	1.092	1.162	1.076	1.099	1.048	1.036	0.099	0.103	0.105	0.102	1.042	1.084	1.111	1.176	1.166	1.130	1.113	1.149	0.097	0.099	0.102	0.101	0.898	0.956	1.194	1.169	1.174	1.199	1.175	1.128	0.095	0.103	0.107	0.099	0.925	1.086	1.090	1.110	1.093	1.126	0.906	1.127	0.095	0.097	0.106	0.099
19:06:43	0.846	0.883	0.869	0.848	0.865	0.869	0.870	0.873	0.097	0.103	0.102	0.107	0.737	0.902	0.894	0.906	0.892	0.892	0.869	0.880	0.100	0.098	0.101	0.101	0.837	0.929	0.946	0.988	0.993	0.998	0.940	0.944	0.096	0.100	0.098	0.102	1.082	0.963	1.051	1.069	1.100	0.964	0.899	1.016	0.097	0.105	0.101	0.103	0.843	1.065	1.092	1.164	1.072	1.107	1.058	1.001	0.099	0.103	0.105	0.102	1.039	1.079	1.113	1.176	1.175	1.126	1.118	1.150	0.097	0.099	0.102	0.102	0.897	0.929	1.201	1.163	1.181	1.208	1.181	1.140	0.095	0.103	0.107	0.099	0.933	1.080	1.091	1.107	1.085	1.129	0.906	1.127	0.095	0.097	0.106	0.099
19:16:43	0.842	0.877	0.860	0.847	0.855	0.864	0.865	0.870	0.097	0.102	0.102	0.107	0.736	0.901	0.889	0.899	0.888	0.888	0.864	0.874	0.100	0.098	0.101	0.101	0.837	0.929	0.931	0.978	0.972	0.964	0.926	0.923	0.096	0.099	0.098	0.102	1.078	0.963	1.037	1.053	1.095	0.970	0.895	1.006	0.097	0.104	0.101	0.103	0.843	1.064	1.086	1.149	1.070	1.095	1.047	1.022	0.099	0.103	0.104	0.102	1.033	1.079	1.100	1.169	1.164	1.121	1.105	1.156	0.097	0.099	0.102	0.101	0.898	0.946	1.183	1.151	1.164	1.195	1.163	1.120	0.095	0.103	0.107	0.099	0.933	1.077	1.087	1.099	1.087	1.122	0.904	1.121	0.095	0.097	0.106	0.098
19:26:43	0.847	0.881	0.873	0.854	0.864	0.870	0.874	0.876	0.097	0.102	0.102	0.107	0.737	0.900	0.890	0.896	0.887	0.885	0.870	0.881	0.100	0.098	0.101	0.101	0.836	0.920	0.947	0.975	0.970	0.939	0.924	0.916	0.096	0.099	0.098	0.102	1.075	0.949	1.035	1.054	1.087	0.964	0.901	0.973	0.097	0.104	0.101	0.103	0.843	1.053	1.074	1.146	1.055	1.066	1.020	1.004	0.102	0.103	0.104	0.102	1.027	1.075	1.092	1.181	1.153	1.109	1.102	1.135	0.097	0.099	0.102	0.101	0.899	0.920	1.178	1.148	1.163	1.185	1.153	1.108	0.094	0.103	0.107	0.099	0.923	1.075	1.074	1.096	1.080	1.110	0.904	1.106	0.095	0.097	0.106	0.098
19:36:43	0.844	0.881	0.869	0.851	0.862	0.868	0.869	0.882	0.097	0.102	0.102	0.107	0.737	0.896	0.883	0.892	0.884	0.884	0.866	0.880	0.100	0.098	0.101	0.101	0.835	0.915	0.938	0.965	0.969	0.958	0.915	0.916	0.096	0.100	0.098	0.102	1.075	0.952	1.021	1.047	1.082	0.946	0.899	0.958	0.097	0.104	0.101	0.103	0.842	1.048	1.056	1.125	1.045	1.065	0.989	0.999	0.099	0.103	0.104	0.102	1.019	1.066	1.081	1.180	1.143	1.102	1.084	1.129	0.097	0.099	0.102	0.102	0.898	0.939	1.173	1.133	1.149	1.174	1.140	1.077	0.094	0.103	0.107	0.099	0.923	1.070	1.069	1.082	1.071	1.103	0.904	1.095	0.095	0.097	0.106	0.098
19:46:43	0.848	0.878	0.868	0.852	0.864	0.867	0.870	0.882	0.097	0.102	0.102	0.107	0.736	0.895	0.887	0.893	0.885	0.877	0.865	0.880	0.100	0.098	0.101	0.101	0.834	0.914	0.936	0.967	0.963	0.967	0.903	0.912	0.096	0.100	0.098	0.102	1.076	0.946	1.012	1.040	1.074	0.951	0.897	0.930	0.097	0.104	0.101	0.103	0.840	1.052	1.070	1.109	1.056	1.067	1.007	0.977	0.099	0.103	0.104	0.102	1.025	1.062	1.088	1.172	1.138	1.105	1.094	1.122	0.097	0.099	0.102	0.102	0.896	0.922	1.170	1.138	1.153	1.173	1.136	1.075	0.094	0.103	0.107	0.099	0.922	1.063	1.069	1.076	1.063	1.107	0.903	1.087	0.095	0.097	0.106	0.098
19:56:43	0.849	0.881	0.869	0.850	0.866	0.867	0.870	0.883	0.097	0.103	0.102	0.107	0.733	0.895	0.884	0.894	0.884	0.881	0.863	0.881	0.100	0.098	0.101	0.101	0.833	0.908	0.938	0.963	0.968	0.959	0.915	0.908	0.096	0.100	0.098	0.102	1.077	0.947	0.997	1.042	1.075	0.950	0.896	0.920	0.097	0.105	0.101	0.103	0.841	1.048	1.072	1.115	1.047	1.055	1.004	0.959	0.099	0.103	0.104	0.102	1.027	1.063	1.083	1.169	1.134	1.108	1.102	1.121	0.097	0.099	0.102	0.102	0.895	0.937	1.166	1.133	1.152	1.176	1.136	1.063	0.095	0.103	0.107	0.099	0.928	1.061	1.070	1.070	1.052	1.107	0.900	1.074	0.096	0.097	0.106	0.099
20:06:43	0.845	0.877	0.864	0.850	0.864	0.864	0.868	0.883	0.097	0.102	0.102	0.107	0.733	0.897	0.890	0.897	0.883	0.881	0.864	0.881	0.100	0.098	0.101	0.101	0.833	0.904	0.918	0.983	0.978	0.962	0.909	0.912	0.096	0.099	0.098	0.102	1.085	0.945	0.994	1.050	1.081	0.944	0.897	0.910	0.097	0.104	0.101	0.103	0.838	1.046	1.066	1.116	1.055	1.068	0.999	0.958	0.104	0.103	0.104	0.102	1.023	1.062	1.088	1.157	1.143	1.106	1.103	1.121	0.097	0.099	0.102	0.101	0.893	0.917	1.175	1.139	1.154	1.183	1.145	1.080	0.094	0.102	0.107	0.099	0.930	1.063	1.071	1.066	1.054	1.108	0.899	1.079	0.095	0.097	0.106	0.098
20:16:43	0.851	0.880	0.874	0.854	0.868	0.868	0.875	0.888	0.097	0.102	0.102	0.107	0.735	0.900	0.889	0.898	0.886	0.882	0.865	0.884	0.100	0.098	0.101	0.101	0.833	0.908	0.936	0.978	0.980	0.963	0.910	0.901	0.096	0.099	0.098	0.102	1.075	0.934	0.984	1.051	1.079	0.942	0.897	0.914	0.097	0.104	0.101	0.103	0.843	1.039	1.064	1.115	1.051	1.052	0.991	0.936	0.099	0.103	0.104	0.102	1.025	1.054	1.070	1.162	1.137	1.098	1.094	1.119	0.097	0.099	0.102	0.101	0.893	0.914	1.164	1.133	1.148	1.167	1.134	1.071	0.094	0.103	0.107	0.099	0.928	1.062	1.049	1.063	1.049	1.099	0.901	1.055	0.095	0.097	0.106	0.098
20:26:43	0.852	0.880	0.870	0.854	0.868	0.866	0.878	0.890	0.097	0.102	0.102	0.107	0.737	0.898	0.889	0.900	0.883	0.882	0.865	0.884	0.100	0.098	0.101	0.101	0.834	0.899	0.927	0.985	0.973	0.964	0.921	0.913	0.096	0.100	0.098	0.102	1.087	0.940	0.987	1.052	1.081	0.940	0.899	0.922	0.097	0.104	0.101	0.103	0.843	1.043	1.077	1.121	1.055	1.066	0.992	0.924	0.099	0.103	0.104	0.102	1.023	1.060	1.077	1.165	1.137	1.099	1.099	1.118	0.097	0.099	0.102	0.102	0.894	0.942	1.163	1.133	1.155	1.181	1.143	1.072	0.094	0.103	0.107	0.099	0.931	1.063	1.053	1.057	1.048	1.105	0.900	1.058	0.095	0.097	0.106	0.098
20:36:43	0.854	0.878	0.875	0.855	0.869	0.867	0.880	0.893	0.097	0.102	0.102	0.107	0.735	0.897	0.885	0.893	0.886	0.883	0.868	0.885	0.100	0.098	0.101	0.101	0.832	0.905	0.931	0.977	0.975	0.948	0.908	0.905	0.096	0.099	0.098	0.102	1.082	0.927	0.970	1.047	1.076	0.932	0.895	0.911	0.097	0.104	0.101	0.103	0.839	1.027	1.069	1.128	1.034	1.050	0.996	0.908	0.099	0.103	0.104	0.102	1.015	1.056	1.068	1.160	1.129	1.085	1.087	1.115	0.097	0.099	0.102	0.101	0.891	0.960	1.155	1.128	1.141	1.173	1.135	1.066	0.094	0.103	0.107	0.099	0.927	1.057	1.037	1.045	1.037	1.093	0.900	1.037	0.095	0.097	0.106	0.098
20:46:43	0.852	0.882	0.877	0.857	0.873	0.865	0.881	0.890	0.097	0.102	0.102	0.107	0.732	0.902	0.890	0.892	0.886	0.882	0.867	0.886	0.100	0.098	0.101	0.101	0.830	0.905	0.942	0.971	0.974	0.965	0.908	0.902	0.096	0.100	0.098	0.102	1.081	0.932	0.962	1.043	1.070	0.922	0.898	0.923	0.097	0.104	0.101	0.103	0.841	1.030	1.066	1.113	1.042	1.051	0.976	0.901	0.099	0.103	0.104	0.102	1.018	1.052	1.072	1.145	1.123	1.090	1.094	1.118	0.097	0.099	0.102	0.101	0.893	0.937	1.169	1.123	1.146	1.174	1.137	1.071	0.094	0.103	0.107	0.099	0.928	1.058	1.040	1.046	1.033	1.096	0.899	1.030	0.095	0.097	0.106	0.098
20:56:43	0.853	0.883	0.878	0.862	0.873	0.865	0.881	0.894	0.097	0.102	0.102	0.107	0.734	0.898	0.886	0.892	0.886	0.884	0.867	0.886	0.100	0.098	0.101	0.101	0.832	0.895	0.941	0.969	0.971	0.957	0.906	0.898	0.096	0.100	0.098	0.102	1.077	0.917	0.938	1.040	1.065	0.922	0.896	0.900	0.097	0.104	0.101	0.103	0.838	1.014	1.053	1.100	1.030	1.024	0.963	0.901	0.098	0.103	0.104	0.102	1.015	1.054	1.059	1.138	1.114	1.086	1.080	1.113	0.097	0.099	0.102	0.101	0.892	0.925	1.151	1.120	1.133	1.164	1.125	1.046	0.094	0.103	0.107	0.099	0.930	1.051	1.034	1.035	1.021	1.081	0.899	0.994	0.095	0.097	0.106	0.098
21:06:43	0.854	0.873	0.880	0.858	0.873	0.865	0.880	0.893	0.097	0.102	0.102	0.107	0.729	0.901	0.887	0.896	0.884	0.884	0.866	0.886	0.100	0.098	0.101	0.101	0.832	0.905	0.936	0.969	0.976	0.952	0.905	0.898	0.096	0.099	0.098	0.102	1.084	0.918	0.937	1.050	1.066	0.916	0.899	0.902	0.097	0.104	0.101	0.103	0.838	1.010	1.052	1.092	1.028	1.046	0.965	0.899	0.099	0.103	0.104	0.102	1.014	1.057	1.069	1.134	1.126	1.090	1.087	1.111	0.097	0.099	0.102	0.101	0.892	0.928	1.159	1.121	1.141	1.165	1.133	1.041	0.094	0.103	0.107	0.099	0.929	1.053	1.029	1.033	1.005	1.092	0.898	0.984	0.095	0.097	0.106	0.098
21:16:43	0.853	0.880	0.878	0.857	0.874	0.861	0.877	0.891	0.097	0.102	0.102	0.107	0.729	0.893	0.884	0.894	0.882	0.882	0.865	0.883	0.100	0.098	0.101	0.101	0.830	0.902	0.929	0.965	0.971	0.942	0.907	0.899	0.096	0.099	0.098	0.102	1.089	0.911	0.925	1.046	1.072	0.917	0.897	0.902	0.097	0.104	0.100	0.103	0.836	1.014	1.055	1.079	1.038	1.024	0.960	0.897	0.098	0.103	0.104	0.102	1.014	1.059	1.069	1.139	1.124	1.088	1.091	1.109	0.097	0.099	0.102	0.101	0.893	0.925	1.164	1.131	1.153	1.157	1.134	1.039	0.094	0.103	0.107	0.099	0.936	1.054	1.029	1.034	1.003	1.097	0.895	0.968	0.095	0.097	0.106	0.098
21:26:43	0.856	0.877	0.879	0.856	0.872	0.860	0.875	0.890	0.097	0.102	0.102	0.107	0.727	0.894	0.880	0.892	0.881	0.883	0.863	0.883	0.099	0.098	0.101	0.101	0.831	0.897	0.921	0.976	0.968	0.948	0.895	0.895	0.096	0.099	0.098	0.101	1.088	0.911	0.917	1.040	1.061	0.913	0.897	0.894	0.097	0.104	0.100	0.103	0.835	1.006	1.045	1.067	1.028	1.016	0.952	0.892	0.102	0.103	0.104	0.102	1.014	1.067	1.074	1.129	1.119	1.075	1.085	1.106	0.097	0.099	0.102	0.101	0.893	0.924	1.160	1.122	1.141	1.156	1.124	1.026	0.094	0.102	0.107	0.099	0.933	1.041	1.022	1.029	0.989	1.089	0.895	0.958	0.095	0.097	0.106	0.098
21:36:43	0.861	0.879	0.880	0.859	0.881	0.859	0.884	0.893	0.097	0.102	0.102	0.107	0.729	0.892	0.882	0.892	0.884	0.880	0.866	0.886	0.100	0.098	0.101	0.101	0.831	0.896	0.927	0.967	0.961	0.916	0.899	0.895	0.096	0.099	0.098	0.102	1.087	0.902	0.910	1.039	1.065	0.908	0.898	0.900	0.097	0.104	0.101	0.103	0.838	1.009	1.047	1.061	1.012	0.978	0.948	0.896	0.099	0.103	0.104	0.102	1.010	1.064	1.054	1.127	1.117	1.071	1.077	1.087	0.097	0.099	0.102	0.101	0.891	0.928	1.158	1.104	1.139	1.150	1.115	0.998	0.094	0.103	0.107	0.099	0.945	1.037	1.017	1.027	0.960	1.079	0.897	0.953	0.095	0.097	0.106	0.098
21:46:43	0.863	0.879	0.880	0.865	0.880	0.859	0.883	0.892	0.097	0.102	0.102	0.107	0.728	0.896	0.883	0.895	0.882	0.878	0.867	0.888	0.100	0.098	0.101	0.101	0.831	0.897	0.924	0.971	0.960	0.900	0.903	0.892	0.096	0.100	0.098	0.102	1.089	0.902	0.906	1.040	1.059	0.912	0.898	0.900	0.097	0.104	0.101	0.103	0.838	1.000	1.042	1.056	1.002	0.965	0.944	0.896	0.098	0.103	0.104	0.102	1.008	1.056	1.055	1.095	1.110	1.067	1.087	1.093	0.097	0.099	0.102	0.102	0.892	0.926	1.163	1.101	1.140	1.141	1.119	0.989	0.094	0.103	0.107	0.099	0.942	1.026	1.010	1.016	0.959	1.065	0.897	0.953	0.095	0.097	0.106	0.098
21:56:43	0.866	0.881	0.880	0.859	0.882	0.857	0.883	0.894	0.097	0.102	0.102	0.107	0.730	0.897	0.882	0.893	0.881	0.884	0.869	0.888	0.100	0.098	0.101	0.101	0.831	0.896	0.928	0.970	0.948	0.916	0.901	0.891	0.096	0.099	0.098	0.102	1.085	0.898	0.902	1.028	1.066	0.907	0.893	0.899	0.097	0.104	0.100	0.103	0.839	1.008	1.031	1.048	1.017	0.956	0.944	0.900	0.099	0.103	0.104	0.102	1.007	1.055	1.057	1.082	1.110	1.055	1.085	1.088	0.096	0.099	0.102	0.101	0.891	0.896	1.158	1.099	1.129	1.134	1.118	0.978	0.094	0.103	0.107	0.099	0.941	1.027	1.011	1.010	0.939	1.073	0.896	0.955	0.095	0.097	0.106	0.098
22:06:43	0.864	0.876	0.884	0.863	0.883	0.858	0.883	0.893	0.097	0.102	0.102	0.107	0.726	0.893	0.880	0.899	0.881	0.883	0.869	0.890	0.099	0.098	0.101	0.101	0.828	0.896	0.927	0.960	0.943	0.917	0.896	0.890	0.096	0.099	0.098	0.102	1.078	0.896	0.898	1.018	1.064	0.895	0.895	0.897	0.097	0.104	0.100	0.103	0.834	1.004	1.027	1.052	0.998	0.939	0.945	0.893	0.098	0.103	0.104	0.102	1.011	1.059	1.053	1.079	1.107	1.057	1.081	1.073	0.096	0.099	0.102	0.101	0.889	0.908	1.154	1.090	1.125	1.127	1.109	0.951	0.094	0.102	0.107	0.099	0.938	1.015	0.990	0.998	0.930	1.060	0.895	0.949	0.095	0.097	0.106	0.098
22:16:43	0.864	0.878	0.882	0.862	0.884	0.857	0.877	0.889	0.097	0.102	0.102	0.107	0.723	0.900	0.880	0.895	0.878	0.883	0.866	0.890	0.099	0.098	0.101	0.101	0.829	0.901	0.926	0.968	0.944	0.909	0.894	0.885	0.096	0.099	0.098	0.102	1.084	0.896	0.899	1.031	1.063	0.897	0.897	0.893	0.097	0.104	0.100	0.103	0.832	1.008	1.032	1.036	0.991	0.928	0.956	0.892	0.103	0.103	0.104	0.102	1.016	1.063	1.066	1.069	1.115	1.050	1.089	1.090	0.096	0.099	0.102	0.101	0.889	0.922	1.151	1.102	1.131	1.124	1.115	0.961	0.094	0.103	0.107	0.099	0.941	1.015	0.997	0.991	0.940	1.067	0.894	0.951	0.095	0.097	0.106	0.098
22:26:43	0.869	0.880	0.885	0.864	0.885	0.855	0.880	0.891	0.097	0.102	0.102	0.107	0.723	0.895	0.881	0.896	0.882	0.885	0.868	0.893	0.099	0.098	0.101	0.101	0.828	0.891	0.919	0.959	0.946	0.898	0.883	0.886	0.096	0.099	0.098	0.102	1.081	0.891	0.896	1.029	1.058	0.895	0.895	0.894	0.097	0.104	0.101	0.103	0.834	1.006	1.024	1.022	0.968	0.910	0.945	0.891	0.098	0.103	0.104	0.102	1.007	1.052	1.059	1.066	1.114	1.046	1.085	1.083	0.096	0.099	0.102	0.101	0.889	0.910	1.147	1.091	1.131	1.126	1.115	0.948	0.094	0.103	0.107	0.099	0.940	1.013	0.980	0.979	0.925	1.056	0.895	0.947	0.095	0.097	0.106	0.098
22:36:43	0.869	0.877	0.880	0.865	0.887	0.855	0.879	0.890	0.097	0.102	0.102	0.107	0.724	0.893	0.879	0.893	0.879	0.881	0.866	0.892	0.099	0.098	0.101	0.101	0.830	0.898	0.913	0.960	0.937	0.898	0.883	0.884	0.096	0.099	0.098	0.102	1.074	0.892	0.896	1.030	1.058	0.888	0.897	0.895	0.097	0.104	0.101	0.103	0.835	1.014	1.003	1.005	0.939	0.901	0.942	0.892	0.098	0.103	0.104	0.102	1.007	1.051	1.049	1.063	1.110	1.035	1.077	1.080	0.096	0.099	0.102	0.101	0.892	0.922	1.148	1.078	1.123	1.119	1.101	0.937	0.094	0.103	0.107	0.099	0.945	1.005	0.969	0.967	0.932	1.042	0.893	0.938	0.095	0.097	0.106	0.098
22:46:43	0.873	0.876	0.885	0.869	0.887	0.853	0.881	0.891	0.097	0.102	0.102	0.107	0.722	0.893	0.879	0.888	0.882	0.883	0.867	0.896	0.099	0.098	0.101	0.101	0.829	0.890	0.910	0.938	0.934	0.899	0.881	0.887	0.096	0.100	0.098	0.102	1.061	0.889	0.893	1.036	1.054	0.888	0.898	0.895	0.097	0.104	0.101	0.103	0.835	0.990	0.990	1.000	0.912	0.892	0.934	0.890	0.107	0.103	0.104	0.102	1.000	1.048	1.034	1.055	1.100	1.013	1.083	1.076	0.096	0.099	0.102	0.102	0.891	0.914	1.144	1.062	1.109	1.107	1.095	0.939	0.094	0.103	0.107	0.099	0.940	0.985	0.951	0.948	0.932	1.013	0.893	0.934	0.095	0.097	0.106	0.098
22:56:43	0.873	0.877	0.885	0.871	0.888	0.852	0.882	0.892	0.097	0.102	0.102	0.107	0.722	0.893	0.880	0.887	0.882	0.881	0.867	0.896	0.099	0.098	0.101	0.101	0.826	0.886	0.920	0.936	0.928	0.897	0.882	0.888	0.096	0.099	0.098	0.102	1.066	0.888	0.893	1.019	1.042	0.885	0.890	0.894	0.097	0.104	0.101	0.103	0.835	0.984	0.959	0.975	0.901	0.890	0.932	0.888	0.098	0.103	0.104	0.102	0.990	1.045	1.029	1.040	1.085	0.972	1.071	1.065	0.097	0.099	0.102	0.101	0.892	0.906	1.133	1.038	1.093	1.095	1.082	0.930	0.094	0.103	0.107	0.099	0.934	0.984	0.944	0.943	0.928	0.977	0.894	0.941	0.095	0.097	0.106	0.098
23:06:43	0.875	0.874	0.891	0.876	0.890	0.856	0.884	0.895	0.097	0.102	0.102	0.107	0.720	0.893	0.878	0.886	0.883	0.882	0.868	0.894	0.099	0.098	0.101	0.101	0.828	0.887	0.912	0.920	0.915	0.896	0.882	0.888	0.096	0.099	0.098	0.102	1.067	0.888	0.894	1.011	1.040	0.882	0.897	0.895	0.097	0.105	0.101	0.103	0.832	0.975	0.949	0.964	0.896	0.888	0.921	0.885	0.098	0.103	0.104	0.102	0.976	1.040	1.016	1.033	1.088	0.939	1.072	1.057	0.096	0.099	0.102	0.101	0.889	0.893	1.129	1.008	1.076	1.054	1.058	0.930	0.094	0.103	0.107	0.099	0.936	0.965	0.938	0.935	0.914	0.957	0.892	0.925	0.095	0.097	0.106	0.098
23:16:43	0.875	0.876	0.887	0.875	0.887	0.850	0.880	0.892	0.097	0.102	0.102	0.107	0.720	0.892	0.879	0.892	0.881	0.883	0.866	0.895	0.099	0.098	0.101	0.101	0.828	0.886	0.922	0.921	0.920	0.898	0.878	0.886	0.096	0.099	0.098	0.102	1.069	0.890	0.894	1.019	1.033	0.885	0.895	0.891	0.097	0.104	0.101	0.103	0.831	0.977	0.918	0.942	0.888	0.889	0.924	0.889	0.098	0.103	0.104	0.102	0.983	1.049	1.028	1.058	1.098	0.930	1.078	1.067	0.096	0.099	0.102	0.101	0.888	0.897	1.144	0.994	1.067	1.032	1.062	0.938	0.094	0.103	0.107	0.099	0.951	0.953	0.943	0.936	0.916	0.954	0.893	0.930	0.095	0.097	0.106	0.098
23:26:43	0.871	0.877	0.885	0.876	0.887	0.853	0.877	0.891	0.097	0.102	0.102	0.107	0.717	0.894	0.878	0.894	0.879	0.877	0.868	0.894	0.099	0.098	0.101	0.101	0.828	0.886	0.917	0.938	0.933	0.890	0.877	0.885	0.096	0.100	0.098	0.102	1.079	0.885	0.891	1.025	1.036	0.883	0.895	0.889	0.097	0.104	0.101	0.103	0.831	0.969	0.911	0.932	0.892	0.887	0.933	0.887	0.099	0.103	0.104	0.102	0.982	1.054	1.030	1.069	1.102	0.919	1.079	1.070	0.097	0.099	0.102	0.101	0.889	0.901	1.149	0.981	1.071	1.009	1.038	0.941	0.094	0.103	0.107	0.099	0.958	0.945	0.941	0.932	0.922	0.949	0.892	0.928	0.095	0.097	0.106	0.098
23:36:43	0.874	0.878	0.886	0.880	0.888	0.851	0.881	0.891	0.097	0.102	0.102	0.107	0.718	0.889	0.877	0.888	0.881	0.883	0.867	0.896	0.099	0.098	0.101	0.101	0.826	0.887	0.915	0.911	0.935	0.893	0.879	0.884	0.096	0.099	0.098	0.102	1.054	0.884	0.891	1.012	1.023	0.883	0.896	0.891	0.097	0.104	0.101	0.103	0.829	0.943	0.897	0.909	0.884	0.889	0.920	0.887	0.098	0.103	0.104	0.102	0.976	1.051	1.020	1.065	1.088	0.920	1.077	1.061	0.096	0.099	0.102	0.101	0.886	0.905	1.153	0.968	1.074	0.978	1.027	0.935	0.094	0.103	0.107	0.099	0.954	0.940	0.935	0.928	0.920	0.937	0.892	0.924	0.094	0.097	0.106	0.098
23:46:43	0.872	0.883	0.886	0.881	0.889	0.851	0.882	0.894	0.097	0.102	0.102	0.107	0.716	0.893	0.879	0.888	0.883	0.883	0.869	0.895	0.099	0.098	0.101	0.101	0.829	0.886	0.901	0.905	0.928	0.899	0.883	0.886	0.096	0.099	0.098	0.102	1.075	0.888	0.891	1.012	1.009	0.883	0.894	0.893	0.097	0.104	0.101	0.103	0.831	0.921	0.893	0.907	0.881	0.889	0.917	0.885	0.098	0.103	0.104	0.102	0.976	1.048	1.032	1.057	1.096	0.919	1.075	1.054	0.096	0.099	0.102	0.101	0.888	0.904	1.146	0.957	1.054	0.953	1.001	0.935	0.094	0.103	0.107	0.099	0.966	0.918	0.932	0.921	0.920	0.937	0.893	0.923	0.095	0.097	0.106	0.098
23:56:43	0.873	0.882	0.888	0.890	0.891	0.850	0.881	0.893	0.097	0.102	0.102	0.107	0.719	0.892	0.877	0.891	0.886	0.886	0.871	0.898	0.099	0.098	0.101	0.101	0.824	0.889	0.902	0.896	0.905	0.889	0.877	0.889	0.096	0.099	0.098	0.101	1.074	0.884	0.891	0.998	1.004	0.881	0.895	0.893	0.097	0.104	0.100	0.103	0.831	0.908	0.888	0.904	0.882	0.888	0.919	0.886	0.098	0.103	0.104	0.102	0.965	1.045	1.027	1.053	1.091	0.911	1.071	1.039	0.096	0.099	0.102	0.101	0.886	0.898	1.141	0.936	1.027	0.938	0.966	0.927	0.094	0.103	0.107	0.099	0.957	0.920	0.936	0.924	0.919	0.935	0.891	0.922	0.095	0.097	0.106	0.098
24:06:43	0.868	0.881	0.885	0.887	0.887	0.848	0.875	0.890	0.097	0.102	0.102	0.107	0.715	0.888	0.876	0.889	0.883	0.881	0.868	0.896	0.099	0.098	0.101	0.101	0.826	0.889	0.899	0.885	0.899	0.891	0.876	0.884	0.096	0.099	0.098	0.101	1.073	0.885	0.891	0.989	1.000	0.883	0.895	0.889	0.097	0.104	0.100	0.103	0.832	0.901	0.885	0.902	0.882	0.885	0.904	0.883	0.098	0.103	0.104	0.102	0.956	1.032	1.014	1.045	1.093	0.905	1.058	1.019	0.096	0.099	0.102	0.101	0.885	0.904	1.132	0.930	1.001	0.920	0.933	0.921	0.094	0.102	0.107	0.099	0.957	0.911	0.927	0.919	0.914	0.934	0.890	0.918	0.094	0.097	0.106	0.098
24:16:43	0.873	0.879	0.887	0.888	0.888	0.848	0.878	0.890	0.097	0.102	0.102	0.107	0.717	0.890	0.877	0.882	0.884	0.883	0.869	0.897	0.099	0.098	0.101	0.101	0.823	0.891	0.900	0.884	0.887	0.896	0.879	0.889	0.096	0.099	0.098	0.102	1.068	0.884	0.894	0.991	0.986	0.881	0.894	0.890	0.097	0.104	0.100	0.103	0.831	0.893	0.884	0.900	0.878	0.887	0.896	0.882	0.098	0.103	0.104	0.102	0.940	1.026	1.006	1.039	1.083	0.900	1.051	0.996	0.096	0.099	0.102	0.101	0.885	0.901	1.128	0.925	0.960	0.913	0.925	0.916	0.094	0.103	0.107	0.099	0.950	0.908	0.929	0.917	0.908	0.927	0.891	0.911	0.095	0.097	0.106	0.098
0:00:00																																																																																																
0:00:00																																																																																																
0:00:00																																																																																																
0:00:00																																																																																																
0:00:00																																																																																																
0:00:00																																																																																																
0:00:00																																																																																																
0:00:00																																																																																																

