EGFP:488,507[2]

Kinetic read	A1	A2	A3	A4	A5	A6	A7	A8	A9	A10	A11	A12	B1	B2	B3	B4	B5	B6	B7	B8	B9	B10	B11	B12	C1	C2	C3	C4	C5	C6	C7	C8	C9	C10	C11	C12	D1	D2	D3	D4	D5	D6	D7	D8	D9	D10	D11	D12	E1	E2	E3	E4	E5	E6	E7	E8	E9	E10	E11	E12	F1	F2	F3	F4	F5	F6	F7	F8	F9	F10	F11	F12	G1	G2	G3	G4	G5	G6	G7	G8	G9	G10	G11	G12	H1	H2	H3	H4	H5	H6	H7	H8	H9	H10	H11	H12
0:09:17	1719	1732	1777	1769	1737	1805	1760	1922	1630	1537	1471	1448	1628	1766	1756	1696	1823	1756	1793	1924	1810	1393	1398	1370	1706	1875	1864	1734	1662	1820	1884	1981	1730	1454	1472	1406	1698	1693	1819	1679	1739	1768	1645	1938	1645	1475	1332	1330	1709	1765	1732	1750	1676	1750	1777	1785	1685	1397	1449	1351	1761	1690	1777	1694	1776	1784	1689	1897	1755	1382	1328	1361	1764	1811	1785	1668	1771	1807	1754	1868	1692	1425	1417	1426	1836	1671	1699	1722	1750	1662	1821	1873	1782	1399	1356	1393
0:19:17	1682	1807	1662	1769	1780	1781	1653	1940	1665	1407	1364	1397	1693	1864	1709	1828	1776	1739	1664	1848	1765	1458	1408	1432	1582	1781	1740	1856	1740	1796	1868	1937	1712	1371	1411	1413	1794	1839	1718	1729	1727	1830	1830	1989	1738	1433	1461	1296	1706	1747	1659	1802	1669	1801	1673	1940	1781	1403	1388	1338	1715	1747	1727	1743	1778	1792	1748	1953	1698	1373	1448	1363	1718	1802	1606	1741	1673	1727	1792	1930	1769	1484	1324	1429	1862	1703	1803	1776	1777	1769	1712	1880	1631	1250	1382	1278
0:29:17	1675	1676	1781	1731	1805	1692	1793	2057	1772	1360	1357	1307	1553	1762	1684	1772	1677	1784	1747	2003	1782	1397	1448	1343	1710	1708	1759	1773	1793	1790	1690	1917	1716	1402	1402	1387	1802	1822	1834	1812	1840	1806	1807	1840	1782	1422	1406	1423	1721	1803	1651	1677	1788	1765	1670	1850	1714	1349	1371	1309	1775	1702	1678	1739	1719	1811	1724	2035	1704	1425	1362	1390	1710	1826	1683	1616	1682	1901	1760	1971	1683	1457	1428	1461	1761	1894	1709	1834	1831	1828	1886	1974	1755	1389	1317	1386
0:39:17	1691	1730	1779	1756	1788	1720	1725	2078	1644	1378	1340	1351	1746	1813	1602	1828	1785	1782	1817	1998	1595	1340	1518	1526	1730	1812	1905	1757	1667	1869	1818	2037	1733	1401	1438	1451	1786	1688	1736	1722	1757	1731	1826	1970	1691	1407	1348	1356	1653	1774	1816	1786	1753	1768	1740	2042	1721	1339	1398	1306	1585	1773	1817	1844	1768	1835	1730	2062	1740	1292	1376	1505	1697	1814	1741	1857	1761	1793	1702	2067	1691	1450	1369	1392	1845	1717	1728	1773	1702	1842	1826	2056	1804	1418	1299	1435
0:49:17	1627	1831	1777	1704	1789	1742	1823	2195	1656	1395	1427	1409	1703	1779	1730	1711	1763	1902	1737	2056	1862	1486	1423	1444	1683	1687	1798	1797	1765	1917	1750	2016	1721	1478	1389	1427	1780	1770	1908	1675	1756	1865	1801	2023	1692	1350	1344	1338	1695	1710	1618	1829	1767	1765	1739	2085	1683	1362	1408	1349	1635	1800	1732	1782	1747	1832	1748	2133	1717	1345	1314	1381	1803	1860	1747	1752	1741	1884	1650	2147	1708	1389	1321	1469	1756	1783	1763	1762	1824	1903	1753	2129	1696	1339	1351	1284
0:59:17	1558	1674	1744	1668	1797	1829	1707	2114	1675	1399	1494	1423	1742	1679	1778	1737	1673	1880	1834	2050	1754	1482	1329	1468	1744	1766	1859	1866	1689	1893	1747	2117	1802	1325	1378	1374	1766	1835	1747	1889	1825	1758	1788	2119	1640	1354	1421	1473	1643	1791	1726	1876	1723	1863	1756	2323	1702	1422	1383	1393	1775	1772	1791	1777	1843	1974	1703	2294	1745	1385	1412	1405	1817	1808	1790	1824	1795	1956	1748	2285	1710	1357	1408	1425	1859	1740	1809	1735	1745	1869	1781	2322	1832	1385	1385	1388
1:09:17	1693	1760	1767	1803	1859	1783	1637	2153	1811	1384	1324	1319	1671	1894	1747	1863	1824	1851	1914	1984	1762	1401	1366	1424	1691	1909	1954	1834	1781	1921	1822	2072	1761	1450	1429	1402	1757	1740	1746	1767	1811	1953	1902	2134	1614	1376	1380	1362	1815	1820	1775	1917	1682	1826	5024	2352	1726	1317	1321	1427	1820	1805	1773	1783	1840	1796	1864	2382	1526	1377	1344	1371	1840	1863	1742	1837	1864	1947	1817	2327	1810	1426	1363	1493	1766	1681	1805	1747	1720	1976	1680	2323	1737	1325	1485	1435
1:19:17	1853	1762	1812	1753	1774	1790	1721	2137	1716	1553	1407	1427	1727	1768	1805	1659	1755	1926	1888	2129	1791	1422	1418	1425	1856	1792	1773	1879	1782	1878	1868	2222	1701	1367	1423	1405	1740	1770	1831	1864	1848	1970	1802	2143	1722	1373	1348	1482	1774	1810	1814	1840	1808	1959	1716	2423	1704	1440	1460	1376	1817	1916	1765	1778	1915	1932	1745	2454	1653	1423	1440	1390	1789	1779	1891	1862	1676	1909	1792	2420	1698	1320	1419	1386	1783	1810	1830	1812	1814	2044	1831	2428	1713	1352	1286	1394
1:29:17	1793	1701	1769	1787	1761	1897	1775	2122	1652	1451	1487	1438	1694	1801	1846	1833	1803	1878	1830	2108	1690	1467	1353	1417	1693	1819	1806	1767	1764	1919	1851	2073	1748	1381	1322	1314	1850	1832	1832	1873	1853	2040	1806	2146	1708	1412	1294	1336	1835	1749	1862	2003	1777	1906	1757	2603	1649	1464	1459	1306	1820	1726	1890	1841	1830	1956	1842	2573	1702	1324	1426	1433	1889	1846	1838	1897	1685	1899	1849	2619	1601	1376	1326	1426	1880	1813	1873	1813	1912	1933	1807	2581	1789	1380	1321	1446
1:39:17	1708	1790	1797	1768	1829	1898	1717	2306	1657	1384	1321	1364	1772	1820	1783	1863	1808	1984	1817	2300	1793	1428	1394	1387	1763	1881	1852	1826	1802	2030	1923	2234	1770	1289	1426	1413	1830	1898	1875	1909	1858	2019	1815	2174	1667	1466	1252	1356	1917	1846	1894	1952	1849	1961	1767	2636	1743	1349	1394	1398	1871	1883	1818	1988	1835	2065	1913	2804	1750	1400	1425	1347	1835	1912	1921	1910	1904	1937	1860	2918	1672	1393	1320	1430	1766	1870	1915	1826	1740	1818	1795	2635	1744	1410	1405	1376
1:49:17	1770	1855	1810	1907	1834	1907	1764	2177	1758	1362	1340	1418	1784	1962	1921	1955	1835	1995	1817	2372	1660	1446	1404	1454	1753	1920	1898	1763	1899	1997	1823	2237	1823	1432	1408	1447	1887	1947	1928	1839	1958	2038	1824	2221	1701	1320	1358	1304	1654	1853	1874	1931	1905	2075	1931	3030	1741	1288	1387	1353	1874	1960	1794	1809	1827	2012	1905	2966	1666	1461	1367	1320	1825	1836	1973	1829	1875	2096	1925	3070	1818	1421	1362	1420	1795	1863	1898	1768	1933	2064	1860	2875	1762	1448	1456	1351
1:59:17	1680	1807	1898	1880	1850	1867	1823	2275	1693	1421	1362	1292	1835	1817	1826	1949	1940	2037	1916	2435	1698	1506	1377	1414	1722	1873	1958	1941	1865	2034	1841	2249	1713	1393	1374	1375	1744	1834	1876	1888	1801	2012	1832	2222	1647	1378	1362	1422	1785	1939	1899	1966	1823	2112	1744	3100	1685	1379	1386	1331	1879	1886	1921	1938	1861	2015	1849	3349	1724	1412	1347	1371	1765	1770	1974	1854	1822	2124	1761	3153	1791	1427	1360	1374	1827	1813	1899	1899	1967	2088	1929	3060	1653	1372	1392	1430
2:09:17	1695	1777	1867	1811	1874	1972	1923	2304	1704	1457	1314	1458	1810	1886	1921	1891	2028	2017	1815	2318	1761	1622	1450	1351	1875	1955	2012	1920	1886	1999	1810	2359	1743	1302	1458	1387	1889	1917	1865	1919	1935	2027	1822	2305	1739	1354	1403	1456	1827	1962	1990	1978	1878	2174	1790	3303	1622	1374	1380	1495	1827	1946	1963	1989	1779	2111	1868	3454	1677	1305	1356	1364	1863	1957	1927	2004	1808	2176	1921	3415	1763	1421	1367	1430	1904	1834	1921	1907	1828	2251	1884	3407	1722	1340	1412	1335
2:19:17	1837	1905	1833	1858	1881	1980	1765	2355	1594	1326	1304	1416	1819	2021	1808	1772	2048	2068	1909	2409	1717	1360	1411	1406	1754	1990	1844	2012	1862	2064	1896	2307	1709	1406	1418	1465	1887	1825	1937	2057	1848	2026	1833	2369	1760	1348	1348	1411	1815	1979	2074	2036	1950	2270	1914	3678	1733	1405	1422	1416	1966	1877	2103	2048	1997	2158	1937	3820	1782	1305	1334	1418	1881	1939	2160	2114	1846	2188	1977	3806	1714	1503	1319	1376	1924	1973	2008	1924	1946	2240	1899	3395	1795	1452	1482	1470
2:29:17	1818	1875	1945	1839	1835	1949	1869	2534	1697	1389	1449	1368	1754	1927	1906	1923	1783	2129	1911	2431	1715	1380	1276	1405	1739	1954	1909	2015	1893	2175	1845	2363	1709	1405	1381	1462	1894	2012	1859	1973	2010	2105	1859	2327	1721	1406	1337	1341	1982	2069	2143	2071	1964	2228	1969	4113	1706	1365	1421	1316	1963	1909	2006	2062	1913	2327	1961	4019	1783	1394	1306	1297	1985	1875	2053	2077	1990	2307	1887	4021	1823	1358	1406	1416	1951	1803	2000	1846	2085	2301	1897	3615	1833	1365	1336	1451
2:39:17	1858	1927	1771	1850	1745	2009	1843	2465	1670	1382	1431	1414	1909	2003	1922	1860	1850	2150	1884	2409	1675	1398	1479	1391	1950	2019	1909	2032	1886	2182	2045	2583	1730	1457	1429	1482	2000	1908	1984	1932	1964	1909	1975	2483	1616	1390	1427	1391	1968	1946	2095	2014	1986	2317	1987	4421	1722	1411	1473	1480	1925	1965	2130	2090	1969	2341	1921	4281	1676	1503	1307	1356	1943	1829	2101	2016	1975	2333	1906	4532	1800	1478	1394	1432	1938	1888	2161	1861	2035	2416	2066	3957	1706	1475	1425	1398
2:49:17	1874	1928	1869	1991	1775	2133	1821	2508	1713	1307	1402	1391	1909	2042	1894	1913	1953	2075	1967	2599	1729	1432	1431	1394	1784	2015	2026	2090	1985	2124	2062	2602	1726	1303	1351	1409	1871	1958	2132	1914	2060	2068	1968	2448	1677	1466	1397	1459	1901	1911	2223	1964	1965	2412	2014	4707	1656	1339	1429	1420	2029	2043	2155	2063	2026	2542	1873	4798	1772	1279	1416	1341	2018	1879	2207	1980	2056	2491	1978	4501	1732	1342	1291	1446	1935	1978	2113	1975	2147	2560	1894	4253	1697	1391	1454	1397
2:59:17	1794	1958	1823	1969	1821	2197	1900	2442	1682	1488	1404	1361	1951	2007	2041	1914	1910	2199	2118	2672	1735	1395	1435	1414	1968	2026	2012	2066	2053	2075	1779	2432	1763	1374	1337	1453	2078	2045	2031	2075	1995	1999	1786	2670	1735	1394	1406	1484	2040	2065	2218	2043	2035	2501	1981	4991	1728	1406	1481	1368	1933	2056	2193	2086	2065	2436	1908	5101	1703	1422	1315	1320	2058	1886	2185	1881	1859	2533	1936	4652	1681	1281	1409	1327	2173	1987	1963	1966	2092	2319	1819	4572	1732	1415	1440	1419
3:09:17	1850	1976	1951	1947	1905	2145	1925	2411	1689	1427	1397	1480	1860	2185	2102	1952	1938	2278	2026	2716	1771	1497	1347	1536	1956	2024	1907	2023	2041	2276	1897	2511	1704	1432	1433	1374	1986	2024	2023	1943	2073	2101	1884	2555	1669	1485	1440	1289	1982	2014	2286	2024	1954	2482	2093	5216	1662	1359	1450	1391	1987	1968	2315	2107	2011	2538	2056	5493	1725	1448	1320	1369	2018	1893	2257	1960	2031	2399	2045	5184	1713	1377	1346	1508	2077	2015	2188	1977	2105	2514	1858	4909	1734	1466	1351	1365
3:19:17	2061	1794	1960	1803	1921	2200	1933	2596	1784	1472	1391	1426	1882	2044	2056	1935	1925	2180	2012	2728	1713	1431	1435	1468	1906	2052	1981	2004	1898	2276	1899	2551	1708	1502	1401	1312	2009	2019	1973	2031	1766	2081	1913	2624	1731	1402	1448	1371	2025	2203	2249	2012	2026	2572	2088	5872	1661	1396	1413	1395	2007	2069	2322	1974	2053	2667	2183	5855	1806	1314	1431	1367	2214	1923	2244	2058	1958	2482	2034	5454	1805	1328	1402	1316	2054	1888	2193	1983	1897	2480	1939	5405	1691	1441	1365	1359
3:29:17	1814	1906	1934	1839	1910	2112	1868	2596	1679	1394	1397	1347	1692	1949	2032	1936	1891	2157	2021	2699	1748	1416	1435	1459	1928	1874	2088	1995	1797	2202	1886	2643	1755	1401	1368	1410	1996	1938	1904	2055	1892	2136	1976	2823	1638	1399	1361	1335	1950	2113	2322	1983	2028	2477	2056	6000	1716	1404	1405	1397	1988	2081	2383	2208	2062	2766	1993	6045	1671	1442	1359	1396	2133	1920	2358	2020	1996	2562	1969	5936	1788	1368	1384	1398	2140	1968	2176	2063	1923	2587	1975	5602	1775	1342	1423	1381
3:39:17	1927	1971	1953	1938	1831	2142	1914	2556	1708	1357	1387	1241	1753	2075	1952	2049	1848	2333	2058	2763	1749	1452	1445	1459	1984	1951	2036	1976	1980	2367	1977	2817	1679	1337	1400	1441	2062	1926	2083	2177	1939	2158	1951	2860	1740	1387	1323	1324	2054	2104	2444	1981	2115	2676	2019	6546	1681	1273	1419	1448	1944	2037	2275	2172	2096	2790	2181	6379	1743	1415	1452	1422	2077	1997	2056	1974	2009	2754	2096	6633	1720	1346	1316	1361	2106	2057	2203	2041	2049	2762	2009	6077	1709	1412	1445	1405
3:49:17	1916	2077	1903	2006	2032	2306	1855	2770	1700	1355	1456	1481	1786	2002	2118	1932	1967	2399	1992	2689	1682	1478	1374	1433	2009	2041	1985	2068	1970	2286	2088	2844	1752	1300	1517	1418	1982	2006	1998	1991	2006	2241	1918	3045	1743	1318	1339	1397	1961	2217	2422	2137	2137	2892	1979	6951	1622	1397	1377	1353	2050	2149	2440	2295	2106	2843	2172	7109	1747	1354	1406	1327	2092	2052	2320	1959	2030	2758	2061	6773	1607	1368	1393	1406	2061	1917	2381	2155	2037	2746	2018	6576	1693	1320	1363	1367
3:59:17	2118	1884	1964	1995	2044	2387	1927	2894	1754	1430	1369	1382	1786	1951	2037	2089	1996	2174	2163	2817	1756	1410	1395	1369	1954	1969	2008	1972	2028	2265	2031	2950	1620	1498	1413	1345	2056	2021	2070	2032	2062	2171	1985	2891	1782	1383	1421	1363	2036	2036	2515	2113	2187	2918	1937	7357	1584	1354	1406	1378	2117	2146	2526	2269	2161	2935	2120	7560	1718	1360	1325	1376	2062	2029	2437	2056	2176	2809	2152	7534	1772	1372	1373	1414	2141	2039	2413	1982	2061	2749	1958	7134	1727	1352	1356	1459
4:09:17	1794	1902	1960	2028	1964	2227	1985	2931	1677	1411	1418	1340	1943	1945	2003	2087	2081	2195	1972	2921	1695	1353	1451	1386	1883	1957	1981	2048	1964	2240	2025	2916	1726	1459	1458	1393	2041	1993	2017	2158	1944	2272	1975	2972	1780	1351	1406	1387	1995	2189	2530	2152	1993	2766	2109	8136	1691	1346	1450	1396	2019	2092	2432	2145	2031	2995	2171	7879	1716	1308	1372	1433	2152	2169	2497	2087	2076	2952	2177	7815	1692	1353	1370	1350	2215	2050	2463	2117	2191	2909	2078	7496	1782	1308	1379	1305
4:19:17	1988	1946	1982	2077	2082	2310	1922	2947	1707	1489	1410	1416	1978	2022	2042	2043	1956	2349	1953	3016	1796	1399	1442	1417	1834	2108	2022	2198	2002	2414	2032	2938	1589	1394	1389	1416	2137	1995	2041	2071	2063	2412	1921	3085	1823	1308	1364	1382	1995	2109	2534	2389	2097	2983	2146	8508	1801	1258	1367	1382	2115	2181	2590	2253	2133	3076	2159	8408	1710	1311	1390	1356	2108	2158	2562	2197	2074	2988	1994	8263	1743	1451	1391	1454	2089	2033	2525	2158	2182	3090	2020	8003	1806	1449	1322	1334
4:29:17	2002	1997	2127	2033	2102	2262	1996	3115	1697	1459	1539	1371	1863	2138	2046	2173	2037	2513	2148	3117	1687	1376	1391	1466	1934	2025	2137	2038	2106	2444	2037	3282	1757	1495	1415	1458	2020	2146	1946	2131	2070	2291	2075	3093	1783	1416	1408	1409	2103	2216	2599	2270	2131	3050	2169	8960	1669	1403	1280	1424	2107	2323	2624	2218	2032	3154	2162	9092	1709	1402	1406	1324	2115	2100	2457	2308	2054	3159	2244	8673	1574	1447	1426	1426	2166	2109	2697	2172	2080	2957	2058	8516	1702	1410	1391	1346
4:39:17	1897	2103	2041	2089	2057	2333	2073	3205	1689	1404	1338	1435	1889	2045	2261	2152	2118	2438	2183	3262	1714	1407	1443	1380	1964	2096	2211	2154	2114	2475	1993	3355	1794	1472	1473	1457	2098	2055	2164	2121	2143	2409	2016	3111	1718	1442	1436	1368	2065	2260	2674	2274	2253	3231	2231	9764	1753	1446	1339	1346	2207	2166	2721	2238	2233	3305	2155	9412	1796	1387	1423	1450	2067	2340	2633	2286	2209	3150	2078	9633	1816	1315	1320	1402	2154	2207	2697	2285	2211	3155	2079	8873	1737	1284	1389	1461
4:49:17	1972	2071	2016	2193	2065	2538	2090	3345	1631	1395	1373	1392	2067	2079	2262	2168	2086	2522	2321	3352	1812	1437	1368	1360	1943	2160	2073	2150	2082	2584	2071	3360	1724	1411	1424	1370	2032	2207	2140	2163	2025	2655	2159	3354	1782	1389	1386	1385	2113	2251	2647	2429	2316	3280	2326	10175	1777	1365	1338	1268	2232	2331	2782	2427	2220	3324	2153	9955	1788	1336	1302	1341	2141	2247	2807	2310	2052	3221	2207	9785	1792	1385	1389	1418	2161	2283	2629	2237	2194	3231	2154	9374	1610	1427	1351	1317
4:59:17	2048	2101	2173	2136	2066	2533	1989	3292	1635	1310	1416	1353	1965	2289	2182	2283	2198	2545	2092	3644	1687	1373	1354	1422	2054	2129	2106	2426	2118	2601	2224	3529	1728	1416	1423	1346	2055	2143	2234	2237	2100	2589	2100	3591	1728	1482	1411	1294	2098	2298	2619	2519	2516	3371	2166	10749	1636	1355	1370	1301	2185	2448	2808	2382	2268	3305	2352	10632	1794	1303	1352	1311	2131	2306	2732	2375	2223	3493	2284	10280	1774	1371	1335	1380	2176	2162	2825	2404	2160	3458	2221	10177	1639	1447	1370	1423
5:09:17	1968	2187	2191	2263	2180	2490	2115	3457	1646	1313	1399	1377	2044	2229	2201	2227	2194	2616	2178	3853	1709	1458	1371	1357	2185	2315	2178	2260	2080	2528	2226	3540	1803	1449	1323	1380	2039	2153	2231	2298	2212	2561	2078	3670	1717	1375	1389	1341	2241	2312	2887	2373	2353	3419	2262	10927	1667	1429	1449	1367	2201	2423	2678	2364	2346	3468	2426	11744	1769	1374	1449	1313	2172	2368	2875	2427	2213	3485	2335	10600	1713	1342	1426	1387	2044	2337	2730	2464	2272	3484	2156	10281	1732	1428	1465	1379
5:19:17	1966	2181	2222	2313	2192	2590	2155	3715	1666	1363	1435	1385	2082	2256	2367	2393	2209	2816	2177	3844	1707	1404	1420	1402	2104	2144	2185	2326	2259	2722	2218	3577	1771	1424	1397	1369	2224	2206	2255	2305	2219	2748	2112	3919	1730	1472	1343	1384	2259	2342	2995	2446	2355	3512	2302	11434	1753	1350	1389	1386	2375	2442	2982	2530	2480	3657	2474	12761	1782	1329	1377	1393	2243	2343	2769	2379	2274	3539	2366	11446	1812	1363	1347	1438	2250	2357	2873	2378	2321	3478	2295	10966	1670	1435	1389	1394
5:29:17	2049	2234	2251	2347	2152	2614	2273	3796	1742	1272	1392	1430	2082	2362	2092	2581	2184	2828	2287	4092	1757	1419	1392	1417	2019	2266	2232	2547	2239	2796	2302	4052	1707	1452	1456	1322	2180	2372	2200	2322	2343	2788	2176	3959	1660	1404	1340	1405	2305	2485	2789	2489	2462	3631	2279	12162	1688	1375	1349	1348	2328	2520	2971	2452	2346	3697	2382	13117	1696	1367	1362	1409	2261	2468	2924	2543	2405	3596	2378	11877	1601	1443	1317	1454	2180	2345	2841	2569	2432	3667	2192	11377	1709	1273	1315	1365
5:39:17	2078	2371	2157	2307	2310	2803	2317	3976	1594	1431	1463	1422	2059	2204	2329	2517	2294	3003	2399	4507	1769	1397	1364	1379	2202	2372	2254	2456	2383	2810	2331	4341	1755	1406	1387	1413	2197	2356	2300	2411	2376	2745	2291	4609	1575	1407	1396	1391	2305	2457	2897	2583	2425	3790	2554	12898	1838	1412	1454	1361	2371	2630	3024	2624	2424	3833	2476	14885	1740	1375	1337	1275	2285	2457	3050	2550	2386	3805	2560	12802	1621	1397	1364	1472	2222	2445	2844	2555	2487	3845	2472	12202	1636	1365	1354	1471
5:49:17	2087	2415	2326	2364	2412	2726	2363	4380	1795	1457	1450	1454	2175	2394	2398	2509	2370	3146	2320	4612	1688	1480	1436	1420	2106	2356	2301	2451	2299	2926	2327	4680	1795	1448	1388	1370	2164	2301	2405	2438	2385	2950	2383	4613	1688	1356	1407	1376	2230	2508	2886	2688	2638	4045	2445	14154	1752	1314	1367	1333	2249	2626	3076	2678	2482	4148	2517	16959	1728	1388	1399	1339	2375	2467	2935	2581	2340	3928	2441	13915	1748	1330	1454	1334	2325	2476	2996	2595	2464	3861	2602	12763	1708	1421	1394	1423
5:59:17	2205	2329	2470	2302	2293	2963	2313	4678	1652	1377	1379	1431	2147	2350	2353	2489	2263	3080	2401	4987	1744	1366	1379	1393	2274	2354	2252	2381	2379	3111	2309	5034	1684	1418	1353	1367	2291	2522	2247	2447	2426	3011	2378	5005	1705	1362	1300	1309	2377	2661	3088	2735	2530	4281	2598	16445	1798	1451	1416	1321	2392	2557	3205	2795	2655	4488	2426	18862	1692	1247	1409	1458	2444	2480	3216	2649	2470	4367	2529	16097	1773	1399	1383	1351	2374	2624	3099	2612	2535	4222	2529	13873	1688	1382	1326	1403
6:09:17	2141	2460	2426	2523	2479	2939	2399	5151	1649	1366	1363	1342	2379	2528	2449	2461	2485	3155	2418	5204	1670	1480	1408	1354	2155	2512	2312	2532	2437	3240	2483	5277	1664	1473	1417	1399	2186	2504	2373	2469	2451	3305	2488	5330	1655	1414	1370	1428	2453	2552	3207	2805	2642	4671	2659	18218	1738	1393	1392	1410	2615	2716	3417	2731	2607	4786	2622	19751	1649	1360	1400	1362	2476	2544	3412	2813	2530	4778	2539	18319	1674	1388	1340	1397	2259	2519	3141	2865	2505	4386	2631	15512	1710	1352	1388	1373
6:19:17	2134	2454	2428	2419	2512	2891	2463	5623	1725	1368	1410	1402	2322	2404	2611	2617	2521	3309	2571	5544	1685	1378	1400	1436	2275	2473	2483	2549	2476	3339	2675	5974	1761	1443	1347	1376	2356	2487	2360	2623	2459	3295	2436	5582	1721	1376	1368	1461	2548	2746	3273	2920	2800	4995	2715	21010	1661	1395	1461	1346	2604	2740	3487	2812	2544	5111	2704	22716	1782	1280	1366	1385	2508	2487	3538	2745	2548	4832	2652	20121	1717	1412	1394	1321	2389	2558	3281	2774	2623	4929	2495	17545	1648	1373	1371	1412
6:29:17	2257	2440	2460	2489	2557	2996	2384	5876	1689	1433	1401	1399	2206	2506	2488	2614	2450	3345	2570	5929	1751	1417	1358	1385	2481	2512	2516	2570	2469	3449	2444	5963	1710	1432	1479	1403	2472	2429	2570	2611	2399	3262	2505	5923	1718	1374	1350	1398	2430	2690	3469	2929	2736	5210	2746	23156	1679	1415	1321	1350	2714	2611	3683	2847	2697	5371	2698	24487	1629	1401	1379	1336	2548	2616	3574	3005	2576	5222	2629	21414	1719	1386	1376	1416	2377	2597	3489	2613	2645	5222	2603	18540	1804	1291	1418	1360
6:39:17	2260	2480	2482	2630	2535	2990	2698	5809	1677	1368	1415	1408	2116	2646	2421	2640	2555	3518	2685	6231	1625	1362	1467	1383	2422	2482	2575	2598	2492	3487	2790	6344	1665	1423	1386	1392	2532	2499	2559	2699	2531	3338	2748	5967	1768	1365	1449	1363	2327	2784	3695	3023	2692	5328	2852	24940	1731	1490	1362	1368	2661	2823	3726	2909	2660	5276	2735	25632	1707	1332	1384	1324	2582	2628	3787	2917	2667	5486	2894	23851	1691	1346	1352	1323	2401	2644	3481	2917	2622	5414	2809	19317	1679	1383	1300	1455
6:49:17	2279	2573	2430	2666	2532	3218	2680	6270	1734	1453	1450	1386	2326	2571	2583	2792	2545	3608	2810	6600	1781	1381	1326	1397	2419	2602	2472	2668	2530	3486	2661	6709	1736	1359	1341	1328	2508	2559	2485	2683	2518	3382	2757	6402	1662	1449	1416	1371	2467	2822	3872	2906	2822	5622	2954	24169	1698	1408	1421	1461	2739	2774	4075	3115	2852	5871	2945	27399	1679	1330	1359	1365	2564	2675	3943	3137	2699	5871	2818	25708	1699	1405	1297	1417	2636	2791	3651	2845	2770	5598	2946	21890	1725	1307	1439	1448
6:59:17	2388	2565	2526	2645	2460	3280	2768	6448	1668	1367	1475	1483	2461	2559	2638	2753	2642	3684	2681	7071	1636	1461	1440	1439	2426	2565	2587	2783	2525	3728	2590	7017	1660	1319	1390	1391	2425	2653	2534	2818	2559	3670	2628	6722	1802	1426	1370	1359	2660	2838	3985	3071	2981	6141	3016	26332	1671	1398	1399	1374	2699	2886	3978	3142	2884	6312	2836	29259	1732	1289	1314	1404	2616	2668	4171	3081	2747	6038	2943	27046	1755	1474	1383	1505	2553	2891	3723	3035	2894	5702	2867	24997	1797	1400	1326	1329
7:09:17	2286	2663	2617	2789	2457	3553	2734	6715	1732	1333	1337	1389	2544	2639	2684	2764	2738	3781	2775	7231	1780	1293	1407	1464	2415	2584	2626	2979	2707	3717	2864	7301	1715	1387	1361	1357	2562	2695	2561	3048	2507	3718	2660	7263	1711	1451	1431	1383	2545	3008	4096	3171	3114	6352	3236	27494	1674	1350	1404	1331	2827	3132	3920	3105	3035	6459	3014	30974	1668	1450	1430	1339	2556	2802	4120	3211	2977	6400	3063	27890	1708	1373	1303	1412	2600	2961	3938	3072	2952	5985	2865	26258	1733	1324	1398	1352
7:19:17	2399	2606	2610	2754	2750	3415	2874	7041	1650	1348	1442	1376	2451	2906	2763	3049	2746	3827	2933	7699	1693	1329	1500	1468	2364	2737	2792	2940	2803	4088	2988	7441	1764	1404	1341	1473	2510	2847	2603	2917	2706	3918	2775	7508	1699	1444	1384	1470	2650	3027	4168	3365	3027	6590	3419	29067	1775	1297	1310	1287	2820	3227	4237	3353	3094	6802	3172	32375	1801	1409	1428	1310	2755	2807	4250	3179	2936	6754	3154	29941	1820	1432	1377	1460	2563	2893	3934	3163	2798	6265	3151	27373	1726	1376	1405	1419
7:29:17	2474	2702	2713	2703	2729	3624	2987	7353	1729	1381	1493	1337	2483	2872	2658	2982	2789	4161	2963	8150	1765	1399	1402	1412	2501	2840	2699	3038	2796	3952	2969	7638	1705	1346	1414	1376	2501	2856	2842	2940	2793	4055	2856	7829	1733	1380	1411	1394	2642	3115	4438	3368	3120	6828	3296	30496	1639	1406	1403	1430	2878	3190	4372	3387	3204	7113	3427	33442	1641	1245	1399	1439	2644	3009	4561	3383	3030	6978	3422	30092	1785	1385	1407	1294	2769	3119	4271	3115	3057	6550	3252	29848	1695	1343	1280	1404
7:39:17	2362	2712	2780	2933	2795	3746	2907	7696	1851	1457	1334	1440	2566	2913	2960	3061	2702	4239	3329	8277	1749	1400	1357	1399	2810	2896	2910	3175	2960	4171	3116	7884	1783	1434	1356	1362	2543	2847	2861	3173	2933	4264	2915	8256	1743	1463	1460	1478	2813	3209	4435	3572	3104	7010	3593	30236	1771	1300	1345	1332	3055	3254	4558	3497	3373	7534	3421	33877	1664	1310	1364	1398	2735	2970	4809	3502	3190	7199	3630	31453	1709	1397	1343	1423	2577	2949	4426	3393	3132	6890	3178	30675	1771	1376	1423	1435
7:49:17	2397	2743	2870	2960	2951	3874	2940	7747	1686	1426	1469	1442	2645	3025	2914	3079	3020	4469	3266	8514	1640	1335	1498	1315	2564	3056	2822	3297	3032	4154	3196	8291	1672	1325	1428	1473	2639	2932	2964	3244	2896	4353	3098	8430	1712	1393	1356	1437	2855	3295	4610	3538	3163	7262	3740	31647	1676	1403	1338	1322	3084	3214	4696	3601	3338	7718	3655	35443	1724	1392	1407	1314	2843	3175	4892	3362	3221	7563	3737	32085	1733	1285	1482	1347	2708	3283	4766	3346	3290	7138	3367	31710	1683	1297	1363	1285
7:59:17	2458	2677	2915	3086	2935	3894	3304	8155	1705	1399	1346	1438	2659	3004	2998	3220	3097	4591	3616	8644	1734	1391	1357	1398	2694	3008	3041	3301	3173	4535	3403	8215	1751	1408	1399	1439	2691	3089	2956	3308	3090	4379	3187	8341	1763	1374	1443	1315	2801	3269	4982	3636	3450	7521	3810	31786	1802	1430	1461	1412	3276	3281	4731	3603	3421	7791	3838	35578	1780	1355	1367	1344	2890	3067	4871	3613	3404	7805	3891	32720	1742	1404	1320	1389	2820	3176	4717	3435	3404	7346	3459	33133	1820	1291	1392	1392
8:09:17	2551	2950	2894	3184	2872	4068	3286	8511	1742	1285	1458	1397	2845	3098	3007	3314	3046	4612	3570	8711	1717	1340	1410	1423	2809	3056	3134	3417	3192	4695	3500	8530	1709	1306	1453	1384	2774	3005	3107	3403	3049	4488	3183	8595	1655	1403	1419	1411	2792	3598	5116	3824	3488	7589	3780	32580	1776	1323	1376	1327	3270	3540	5023	3765	3533	8111	3858	35740	1662	1417	1460	1385	2917	3284	5096	3511	3466	7977	4141	33382	1736	1369	1415	1434	2839	3468	5029	3622	3585	7414	3690	33625	1688	1433	1491	1293
8:19:17	2568	2918	3033	3061	3117	4192	3372	8466	1626	1368	1419	1410	2766	3175	3097	3383	3242	4709	3653	8930	1741	1456	1410	1381	2766	3202	3138	3379	3150	4871	3577	8493	1568	1407	1382	1422	2929	3068	3126	3328	3236	4597	3267	8551	1763	1405	1410	1362	3033	3484	5032	3768	3601	8126	4090	32417	1766	1380	1446	1426	3324	3512	5227	3937	3471	8330	3902	36477	1742	1378	1375	1381	2989	3333	5369	3707	3510	8150	3964	33647	1664	1323	1286	1334	2931	3321	5016	3701	3455	7630	3674	33389	1758	1277	1298	1379
8:29:17	2684	2986	3062	3387	3042	4119	3499	8493	1706	1469	1379	1430	2741	3243	3201	3331	3264	4916	3747	9211	1701	1373	1377	1315	2940	3168	3254	3505	3319	4875	3604	8700	1683	1362	1378	1349	2968	3106	3324	3439	3143	4674	3382	9067	1748	1363	1386	1414	3080	3663	5197	3958	3475	8276	4006	33616	1676	1301	1350	1408	3266	3496	5003	3907	3762	8456	4186	37273	1661	1372	1307	1458	3150	3421	5331	3760	3573	8409	4224	34658	1788	1386	1264	1349	2848	3607	5126	3706	3636	7800	3942	34798	1724	1361	1361	1325
8:39:17	2689	3049	3209	3572	3157	4418	3592	8432	1667	1462	1451	1411	2697	3193	3315	3428	3330	4861	3835	9413	1694	1324	1462	1413	2954	3257	3109	3423	3308	5022	3686	8801	1728	1382	1403	1456	2980	3302	3289	3710	3306	4688	3581	8902	1611	1395	1398	1425	3140	3664	5317	3891	3687	8353	4039	34575	1741	1304	1420	1397	3392	3737	5259	4063	3923	8687	4079	38113	1769	1306	1400	1380	3119	3449	5512	3752	3634	8650	4441	35757	1665	1375	1411	1437	3002	3519	5143	3830	3752	7967	3893	35036	1751	1450	1461	1296
8:49:17	2722	3054	3319	3301	3379	4204	3661	9017	1621	1453	1341	1336	2966	3288	3454	3462	3511	5116	3873	9251	1630	1478	1437	1491	3047	3402	3381	3488	3458	4960	3762	8974	1705	1417	1438	1434	3038	3244	3439	3593	3295	4796	3332	9317	1758	1444	1421	1390	3236	3670	5361	4071	3716	8598	4118	34531	1676	1387	1349	1314	3308	3601	5364	4121	3856	9115	4156	37634	1688	1400	1377	1398	3176	3433	5435	4072	3781	8805	4536	36364	1832	1395	1274	1414	3109	3464	5238	3943	3690	8244	4011	35351	1732	1408	1420	1400
8:59:17	2819	3174	3258	3613	3236	4253	3831	9007	1665	1478	1359	1434	3052	3450	3401	3718	3478	5024	3984	9616	1746	1502	1421	1452	3157	3348	3376	3475	3479	5174	4027	9399	1673	1328	1427	1499	3091	3387	3344	3595	3406	4926	3397	9278	1709	1368	1404	1442	3241	3845	5582	4149	3759	8604	4398	35907	1718	1378	1348	1376	3440	3668	5298	4271	3985	9159	4431	38539	1744	1295	1452	1464	3203	3539	5705	3995	3903	9106	4571	36209	1683	1362	1368	1390	3213	3664	5377	4017	3738	8307	4124	36322	1850	1349	1382	1458
9:09:17	2888	3330	3251	3388	3347	4338	3848	8905	1679	1385	1449	1370	2955	3421	3487	3642	3344	5271	4043	9631	1784	1427	1405	1386	3061	3406	3341	3594	3537	5200	4026	9327	1736	1425	1494	1460	3169	3329	3394	3663	3492	4968	3572	9677	1737	1398	1385	1379	3321	3834	5492	4314	3887	8536	4471	35965	1704	1368	1412	1423	3475	3927	5565	4263	4113	9213	4419	39344	1823	1401	1333	1477	3336	3405	5825	4088	3790	9010	4654	37669	1705	1410	1451	1433	3293	3592	5437	3964	3941	8519	4209	36456	1678	1467	1381	1398
9:19:17	2894	3310	3214	3550	3383	4382	3787	8840	1734	1400	1374	1320	2876	3368	3418	3683	3421	5375	4181	9586	1792	1423	1329	1393	3032	3530	3347	3612	3468	5276	4073	9511	1701	1468	1414	1340	3178	3330	3430	3774	3581	5029	3671	9376	1759	1324	1362	1435	3398	3824	5786	4373	3880	8812	4552	36045	1694	1386	1416	1430	3543	3767	5775	4214	4096	9635	4617	40884	1652	1407	1342	1431	3313	3679	5885	4173	4015	9383	4771	38458	1695	1434	1386	1431	3220	3714	5573	3870	3925	8510	4253	37011	1687	1310	1389	1326
9:29:17	2969	3337	3425	3550	3468	4598	3872	9277	1730	1442	1477	1407	3125	3563	3510	3779	3682	5445	4218	10063	1737	1403	1422	1447	3178	3556	3594	3909	3719	5746	4343	9714	1659	1368	1457	1454	3244	3477	3633	3790	3639	5065	3664	9689	1753	1465	1338	1356	3488	3874	5811	4393	3972	9111	4545	36486	1715	1442	1469	1315	3513	3828	5801	4508	4131	9677	4603	41645	1756	1360	1409	1349	3404	3600	6225	4116	3919	9353	4857	39055	1728	1462	1470	1369	3254	3779	5653	4121	3790	8901	4409	37901	1732	1416	1385	1435
9:39:17	3005	3432	3488	3484	3516	4651	3880	9374	1694	1392	1445	1469	3023	3550	3619	3732	3590	5637	4260	10054	1673	1380	1464	1380	3286	3562	3622	3819	3530	5425	4232	9728	1820	1408	1457	1450	3295	3519	3537	3753	3646	5121	3765	9874	1687	1312	1365	1380	3457	3946	5941	4546	4060	8868	4585	36989	1732	1434	1363	1330	3742	3868	5775	4435	4239	9833	4671	41306	1643	1353	1376	1267	3317	3662	6183	4124	4107	9517	4879	39607	1671	1345	1391	1459	3408	3914	5708	4194	3943	9098	4416	38515	1728	1427	1399	1346
9:49:17	3171	3316	3502	3723	3635	4526	4011	9626	1715	1373	1400	1434	3253	3544	3602	3810	3453	5391	4390	9987	1723	1427	1369	1321	3134	3544	3773	3855	3589	5596	4205	9838	1723	1434	1474	1391	3234	3463	3725	3903	3885	5123	3627	10052	1729	1430	1389	1392	3464	4005	5954	4327	3976	9221	4540	37515	1705	1415	1371	1365	3670	3920	5930	4563	4163	9954	4671	42243	1757	1385	1399	1333	3292	3776	6156	4251	4018	10031	4862	39391	1724	1336	1415	1455	3408	3680	6086	4092	4169	9039	4517	38913	1766	1315	1383	1427
9:59:17	3132	3389	3541	3893	3382	4421	4187	9449	1640	1494	1429	1388	3156	3504	3436	3847	3664	5619	4411	9982	1694	1516	1361	1394	3200	3564	3721	3707	3766	5487	4138	9844	1615	1282	1406	1413	3202	3381	3608	3857	3723	5330	3831	10123	1610	1460	1316	1446	3536	4000	5883	4614	4128	9357	4638	37270	1683	1281	1380	1348	3733	4028	6102	4672	4271	10084	4895	42616	1679	1449	1276	1455	3591	3835	6245	4212	4246	9805	5025	39696	1750	1347	1349	1356	3383	3877	5897	4240	4143	8954	4593	38465	1721	1452	1421	1298
10:09:17	2970	3501	3548	3791	3609	4750	4045	9570	1657	1393	1465	1377	3304	3721	3593	3813	3783	5727	4536	10334	1734	1437	1454	1314	3151	3665	3862	3859	3889	5540	4390	9969	1591	1343	1380	1428	3291	3671	3769	3911	3725	5434	3612	10114	1748	1364	1442	1464	3637	3971	6092	4616	4027	9689	4777	36372	1677	1382	1431	1429	3830	3999	6014	4642	4345	10160	4952	43449	1680	1341	1374	1344	3419	3826	6330	4198	4329	9928	4962	40906	1662	1381	1393	1248	3600	3895	5853	4138	4219	9445	4570	39055	1734	1451	1397	1312
10:19:17	3236	3475	3606	3763	3653	4603	4182	9758	1753	1407	1434	1372	3263	3691	3820	3925	3657	5809	4534	9940	1766	1394	1435	1356	3297	3690	3867	3772	3809	5592	4391	10102	1686	1486	1463	1398	3383	3617	3652	3864	3766	5388	3789	10077	1730	1432	1419	1377	3740	4048	5939	4743	4165	9731	4877	36794	1766	1418	1397	1377	4082	4213	6050	4700	4287	10297	4961	43065	1742	1442	1389	1335	3557	3806	6444	4170	4307	10000	4999	41548	1785	1465	1353	1329	3502	4055	6144	4451	4261	9393	4705	40067	1740	1398	1460	1320
10:29:17	3244	3492	3593	3819	3611	4700	4264	9762	1680	1405	1349	1407	3318	3546	3887	3806	3734	5749	4519	10200	1720	1389	1534	1421	3193	3595	3953	3944	3785	5790	4443	9833	1736	1384	1351	1420	3595	3640	3762	3854	3887	5667	3860	10093	1747	1376	1377	1359	3694	4078	5987	4640	4201	9539	4715	37469	1714	1398	1373	1367	3935	3995	6101	4689	4465	10374	5001	43379	1739	1337	1386	1389	3515	3794	6620	4625	4378	9979	5146	41117	1692	1461	1401	1303	3629	3894	6034	4383	4114	9351	4927	39744	1688	1334	1383	1304
10:39:17	3283	3525	3626	3741	3746	4650	4165	9828	1634	1452	1394	1444	3320	3596	3743	4134	3728	5929	4541	10365	1687	1461	1427	1403	3351	3650	3852	4046	3705	6092	4495	10082	1682	1359	1431	1321	3435	3627	3773	4059	3793	5663	3898	10127	1688	1364	1360	1397	3707	4213	6281	4657	4298	9753	4705	39163	1716	1372	1440	1295	4012	4057	6316	4641	4336	10310	5098	44858	1665	1370	1412	1392	3586	3814	6512	4510	4410	9952	5191	42097	1671	1410	1373	1371	3681	4161	6211	4494	4282	9395	4540	39787	1694	1389	1387	1389
10:49:17	3325	3467	3729	3808	3672	4758	4254	9905	1728	1407	1386	1398	3255	3752	3953	3938	3770	5879	4500	10243	1641	1473	1382	1461	3382	3689	3864	4042	3915	5957	4509	10356	1700	1337	1463	1436	3639	3749	3886	3916	3825	5635	3928	10625	1696	1442	1455	1403	3776	4142	6142	4630	4403	9939	4830	38719	1607	1396	1489	1336	3969	4085	6404	4777	4601	10479	5009	45342	1705	1496	1442	1361	3594	3992	6490	4591	4483	10152	5623	41943	1660	1359	1433	1404	3611	3981	6271	4456	4287	9239	4841	40070	1772	1335	1360	1410
10:59:17	3412	3535	3607	3957	3706	4714	4505	9590	1672	1427	1381	1405	3389	3617	3884	3816	3839	5974	4885	10554	1749	1419	1448	1373	3478	3719	4029	4101	3877	5945	4342	10226	1744	1336	1406	1442	3578	3735	3825	4067	4021	5673	3963	10562	1759	1342	1298	1409	3991	4302	6124	4553	4128	9752	4787	38668	1741	1292	1350	1386	4099	4154	6314	4797	4527	10649	4904	44561	1764	1426	1413	1302	3715	3772	6409	4584	4393	10188	5475	42748	1674	1363	1351	1422	3640	4133	6346	4614	4163	9705	4768	40648	1703	1456	1385	1360
11:09:17	3262	3683	3622	3984	3867	4787	4413	9645	1560	1360	1406	1451	3348	3816	3697	4155	3859	5894	4685	10770	1661	1454	1384	1418	3506	3741	3904	4087	3949	5848	4499	10375	1778	1407	1383	1389	3539	3680	3861	3971	3935	5674	3921	10725	1834	1354	1415	1376	3817	4121	6188	4775	4340	9881	4808	39304	1698	1385	1458	1312	4280	4314	6444	4757	4482	10590	5115	44634	1776	1311	1288	1380	3670	4021	6409	4393	4554	10510	5439	43390	1653	1331	1453	1386	3627	4026	6493	4576	4195	9651	4703	41427	1705	1345	1288	1449
11:19:17	3483	3485	3743	3852	3738	4705	4329	9906	1658	1458	1392	1436	3450	3712	3795	4057	3758	6289	4726	10761	1667	1420	1410	1369	3405	3793	4004	4096	3844	5807	4587	10531	1716	1409	1445	1436	3622	3733	4036	4148	3891	5833	3716	10657	1716	1373	1417	1422	3895	4423	6312	4763	4355	10040	5009	39673	1756	1471	1393	1434	4068	4271	6458	4885	4781	10532	5044	44911	1634	1272	1361	1342	3741	4056	6712	4528	4491	10543	5488	43004	1817	1289	1363	1411	3649	4089	6378	4693	4177	9703	4770	41284	1628	1500	1332	1403
11:29:17	3513	3518	3843	3928	3713	4974	4498	9821	1733	1435	1440	1496	3366	3939	3814	4051	3859	6037	4653	10886	1676	1411	1473	1324	3336	3667	4052	3986	3979	5633	4586	10243	1683	1411	1474	1401	3533	3613	3975	4009	4036	5519	3911	10609	1706	1352	1441	1386	3913	4302	6396	4687	4324	10160	5011	38027	1625	1384	1342	1443	4075	4228	6459	4831	4625	10737	5302	45393	1719	1358	1390	1437	3918	4107	6619	4533	4563	10709	5456	43255	1642	1407	1460	1357	3681	4281	6594	4748	4321	9749	4570	41836	1709	1403	1380	1374
11:39:17	3414	3559	3823	4215	3961	4779	4378	9692	1797	1401	1335	1371	3291	3815	3901	4040	3711	6046	4857	10716	1764	1440	1379	1342	3486	3704	4042	4192	3802	5973	4876	10518	1642	1422	1378	1311	3619	3659	3810	4125	4158	5850	4018	10723	1683	1350	1472	1434	3879	4274	6454	4744	4267	10526	5236	38155	1649	1370	1451	1382	4158	4220	6417	4968	4522	10713	5256	45570	1657	1424	1376	1343	3792	3989	6754	4668	4579	10866	5417	43905	1527	1369	1330	1417	3688	4338	6418	4571	4388	9959	4784	41417	1738	1433	1321	1429
11:49:17	3380	3678	3810	4036	3860	4950	4576	9533	1735	1432	1426	1396	3329	3708	3957	4078	3795	6037	4693	10710	1673	1394	1378	1406	3447	3797	4160	4049	4054	5802	4693	10433	1666	1344	1371	1494	3655	3900	4026	4082	4157	5895	4114	10857	1796	1491	1360	1352	3971	4298	6465	4730	4315	10092	5219	38575	1707	1369	1337	1474	4415	4304	6492	4896	4594	10993	5247	45816	1766	1409	1345	1286	3871	3946	6846	4731	4563	10856	5684	43666	1696	1424	1382	1417	3835	4164	6412	4621	4390	9858	4608	42389	1761	1363	1327	1385
11:59:17	3513	3621	3716	3948	3761	4881	4639	9856	1714	1431	1422	1393	3421	3859	4021	4105	3823	5813	4824	10298	1681	1470	1453	1414	3533	3902	4144	4020	4040	6097	4611	10199	1824	1312	1476	1429	3681	3826	3938	4110	4031	5673	4276	10719	1794	1461	1401	1331	4006	4390	6593	4854	4142	10107	5115	39341	1715	1384	1447	1373	4352	4247	6458	4888	4563	11071	5458	45418	1798	1337	1285	1420	3876	3968	6672	4454	4603	10974	5774	43248	1667	1330	1357	1399	3820	4157	6551	4745	4411	9929	4860	42457	1725	1324	1393	1318
12:09:17	3366	3698	3854	4082	3802	4734	4511	9693	1739	1467	1378	1398	3361	3790	4044	4097	3935	6029	4895	10828	1682	1400	1370	1405	3636	3811	4091	4150	3991	6130	4570	10366	1766	1451	1380	1463	3663	3866	4082	4105	4040	5706	4124	10720	1609	1386	1324	1378	4053	4356	6275	4928	4499	10261	5220	38478	1741	1391	1352	1345	4256	4221	6511	4979	4478	10752	5248	45162	1679	1484	1466	1432	3861	4120	6837	4512	4586	11249	5754	43333	1636	1436	1431	1354	3788	4358	6544	4749	4455	10078	4940	43081	1659	1351	1369	1433
12:19:17	3570	3642	3773	3940	3858	4919	4572	9571	1727	1376	1439	1366	3393	3839	4063	4174	3894	6002	4983	10561	1710	1366	1369	1412	3603	3840	4069	4171	4038	5889	4552	10253	1738	1466	1319	1316	3836	3944	4085	4133	4078	5716	4127	10390	1731	1378	1360	1348	3928	4341	6482	4766	4507	10073	5154	38808	1762	1425	1415	1363	4123	4131	6622	5050	4690	10765	5207	44208	1815	1351	1516	1368	3975	4097	6830	4536	4774	11153	5589	43403	1690	1294	1414	1386	3803	4342	6572	4758	4470	10214	4967	42049	1785	1391	1436	1400
12:29:17	3550	3721	3999	4074	4073	4944	4732	9621	1738	1379	1345	1344	3458	3752	4016	4122	3879	5918	5079	10506	1718	1403	1511	1555	3547	3934	4250	4290	4044	6075	4543	10090	1698	1391	1516	1413	3574	3758	4127	4052	4082	5714	4066	10377	1596	1519	1379	1332	4111	4361	6356	4667	4731	10405	5196	38546	1656	1380	1318	1484	4348	4224	6675	4758	4574	10750	5288	43310	1730	1381	1269	1346	3951	4210	6952	4628	4557	10818	5682	43064	1777	1350	1371	1420	3831	4263	6572	4677	4463	10153	4847	41941	1778	1391	1384	1465
12:39:17	3685	3647	3723	3871	3881	4825	4615	9578	1771	1463	1348	1334	3566	3896	4011	4122	4042	6023	4976	10120	1678	1461	1460	1319	3444	3938	3993	4139	4161	6168	4818	10363	1660	1430	1442	1353	3769	3887	3977	4092	4083	5698	4126	10415	1688	1438	1293	1403	4019	4584	6578	4647	4602	10211	5211	37039	1576	1385	1374	1353	4190	4190	6582	4754	4677	10871	5129	43686	1746	1401	1359	1462	4065	4035	6924	4509	4536	11138	5598	41347	1625	1453	1314	1386	3810	4371	6617	4606	4493	9871	5022	40989	1675	1382	1398	1408
12:49:17	3543	3719	3897	4025	4125	4759	4658	9218	1584	1339	1357	1455	3425	3872	3936	4066	3841	6003	4971	9942	1655	1444	1386	1456	3599	3826	4183	4091	3953	5958	4683	10196	1671	1363	1352	1331	3909	3782	4175	4084	4273	5709	4210	9889	1713	1412	1273	1444	4040	4427	6572	4669	4325	10044	5254	36289	1686	1344	1447	1501	4337	4273	6537	4916	4847	10958	5306	41900	1666	1369	1433	1427	3954	4281	6712	4604	4505	10807	5782	41274	1642	1412	1370	1419	3878	4255	6530	4591	4338	10031	4783	39550	1740	1461	1380	1305
12:59:17	3601	3848	3700	3992	3866	4933	4503	9181	1715	1381	1347	1387	3418	3869	3873	3985	3994	5781	4782	10043	1712	1391	1432	1360	3664	3821	4213	4224	3948	5788	4661	9779	1716	1436	1315	1352	3771	3771	4095	3971	4138	5419	4074	9649	1626	1366	1362	1379	4067	4152	6378	4593	4460	10069	5240	34874	1615	1432	1318	1451	4364	4381	6654	4782	4764	10625	5259	41980	1636	1358	1370	1288	3937	4102	6623	4468	4689	10787	5726	39101	1703	1359	1265	1365	3987	4412	6568	4534	4350	9707	4934	38964	1711	1455	1341	1428
13:09:17	3553	3725	3785	3792	3870	4872	4607	8886	1721	1435	1473	1398	3350	3753	3839	4032	3963	5802	4810	9530	1741	1430	1382	1426	3723	3765	4181	4073	3990	5821	4873	8996	1776	1387	1325	1334	3660	3855	3999	3997	4182	5514	4179	9538	1566	1442	1347	1409	3860	4402	6604	4453	4365	9738	5345	34151	1718	1397	1427	1376	4242	4359	6527	4928	4588	10245	5282	40610	1694	1373	1310	1293	3957	4145	6769	4418	4440	10592	5578	39016	1636	1421	1323	1387	3884	4213	6292	4582	4499	9609	4827	38433	1605	1368	1425	1286
13:19:17	3582	3819	3798	3915	3892	4875	4651	8864	1753	1352	1405	1394	3392	3869	4061	4009	3815	5639	5042	9483	1732	1388	1436	1322	3763	3775	4059	3971	3932	5348	4670	9479	1632	1391	1417	1401	3893	3711	4162	4133	3915	5361	4226	9383	1625	1349	1374	1297	4020	4203	6297	4521	4332	9480	5271	33023	1674	1390	1350	1373	4188	4289	6487	4826	4677	10370	5374	39631	1736	1304	1362	1316	3845	4027	6578	4489	4615	10540	5646	37185	1681	1416	1365	1387	4006	4370	6502	4439	4413	9597	4875	37725	1594	1379	1398	1384
13:29:17	3676	3630	3819	3878	3971	4774	4521	8581	1650	1402	1416	1362	3549	3769	3824	3995	3856	5584	4697	9218	1747	1456	1400	1373	3755	3808	4166	4048	3963	5539	4757	8927	1694	1432	1361	1359	3882	3757	3903	3940	4245	5487	4064	9111	1691	1406	1519	1344	4042	4174	6202	4433	4355	9430	5251	32749	1651	1380	1469	1406	4332	4004	6389	4616	4763	9863	5320	38596	1782	1369	1421	1389	3820	3972	6378	4284	4499	10276	5607	36112	1621	1324	1379	1299	3884	4128	6418	4673	4367	9225	4991	35984	1690	1356	1453	1386
13:39:17	3765	3722	3692	3912	3815	4706	4403	8018	1733	1346	1415	1339	3512	3986	3833	3748	3874	5709	4874	8928	1801	1411	1387	1427	3726	3785	4076	4047	3887	5531	4833	8993	1788	1365	1365	1256	3976	3598	4081	4045	3974	5389	3974	8920	1710	1266	1411	1366	3967	4173	6200	4448	4355	9228	4950	30877	1576	1370	1373	1419	4222	4182	6419	4603	4521	9789	5408	37810	1712	1482	1361	1430	3965	4070	6363	4154	4365	9943	5434	35362	1790	1381	1339	1471	3809	4252	6209	4334	4227	9240	4737	34394	1784	1434	1417	1420
13:49:17	3658	3611	3798	3915	3851	4756	4637	8102	1738	1414	1323	1373	3382	3769	4057	3852	3901	5609	4635	9151	1723	1415	1364	1426	3562	3784	4006	4002	3944	5382	4653	8584	1775	1416	1351	1422	3689	3700	3970	3913	3857	5279	4168	8580	1705	1386	1416	1416	3903	4018	5895	4388	4209	9042	5006	30216	1675	1423	1456	1374	4020	4055	6230	4580	4609	9633	5236	37315	1845	1339	1370	1382	3966	3875	6361	4289	4458	9526	5600	33604	1690	1423	1414	1380	3926	4406	6020	4232	4162	9249	4912	33478	1686	1258	1329	1363
13:59:17	3675	3586	3810	3962	3888	4497	4391	7879	1691	1482	1445	1380	3426	3707	3878	4010	3793	5256	4756	8373	1732	1411	1303	1281	3674	3744	4014	4045	4003	5431	4479	8426	1672	1435	1442	1407	3716	3677	3918	4041	3902	5124	4089	8354	1732	1344	1389	1350	3947	3988	6008	4266	4142	8798	4931	29119	1816	1358	1447	1360	4109	4071	6029	4385	4359	9469	5120	35941	1682	1348	1426	1326	3915	3957	6214	4474	4352	9621	5569	31810	1655	1409	1475	1452	4008	3972	6025	4331	4175	8857	4703	32300	1771	1434	1349	1315
14:09:17	3600	3512	3786	3850	3776	4483	4503	7730	1627	1336	1380	1472	3302	3665	3790	3802	3731	5277	4535	8438	1734	1428	1334	1357	3570	3875	3877	4058	3800	5173	4640	8186	1704	1420	1346	1406	3755	3759	3883	3910	3975	5191	4164	8267	1797	1422	1441	1303	3928	4055	5814	4309	3971	8616	4701	28428	1715	1482	1410	1484	4295	3983	5787	4246	4352	9079	4925	33959	1679	1356	1322	1300	3773	3831	6151	4257	4235	9098	5268	30892	1725	1498	1384	1483	3903	3976	5888	4203	3907	8626	4713	30128	1803	1283	1354	1474
14:19:17	3603	3660	3815	3995	3780	4436	4254	7721	1710	1462	1448	1396	3410	3899	3816	3625	3784	5387	4807	8164	1687	1385	1419	1357	3539	3572	3912	3899	3902	5191	4485	7843	1702	1340	1355	1350	3692	3654	3818	3922	3897	4831	4055	7842	1733	1394	1426	1366	3855	4110	5915	4091	4242	8223	4736	27094	1723	1464	1363	1367	3963	4089	5674	4407	4249	8811	4939	33435	1771	1386	1322	1363	3970	3874	5931	4231	4372	9038	5146	29892	1594	1361	1431	1368	3847	3955	5748	4153	4003	8391	4715	29000	1724	1428	1360	1372
14:29:17	3667	3487	3714	3782	3673	4465	4370	7731	1710	1419	1391	1428	3513	3727	3797	3862	3703	5395	4471	8146	1734	1400	1440	1411	3600	3765	3918	3839	3882	4801	4458	8014	1675	1406	1458	1319	3673	3732	3947	3818	3915	5096	4107	7871	1684	1449	1389	1377	3980	3939	5515	4153	3921	8102	4731	28031	1675	1405	1426	1442	4056	4059	5750	4514	4387	8628	4945	32969	1731	1429	1316	1408	3892	3798	5874	4291	4255	8781	5214	29485	1722	1356	1357	1391	3854	4022	5737	4253	4095	8314	4613	29872	1678	1424	1379	1354
14:39:17	3758	3605	3865	3830	3899	4591	4308	7496	1677	1523	1418	1330	3445	3748	4060	4008	3909	5245	4401	8004	1744	1585	1426	1376	3472	3645	3914	3783	3860	4898	4510	7845	1578	1372	1285	1521	3679	3651	3846	3972	3992	4961	4027	8128	1766	1311	1401	1381	3797	3971	5556	4201	3962	7875	4779	28086	1743	1415	1458	1423	3889	4019	5793	4379	4225	8758	4862	31624	1792	1374	1360	1363	3865	3870	5807	4144	4233	8834	5061	29104	1671	1395	1457	1293	3853	3984	5820	4027	3900	8121	4628	29302	1716	1355	1395	1359
14:49:17	3595	3681	3740	3821	3833	4424	4207	7646	1590	1435	1450	1335	3691	3735	3810	3776	3776	5235	4471	7886	1658	1412	1323	1274	3536	3812	4054	3945	3817	4981	4350	7903	1732	1471	1435	1392	3724	3651	3886	3882	3817	4698	4094	7708	1740	1345	1352	1381	3633	3824	5455	4162	3999	7812	4573	26663	1618	1482	1405	1312	3958	3910	5769	4384	4121	8676	4983	31333	1754	1386	1418	1407	3777	3861	5700	4185	4148	8646	5055	28600	1714	1351	1414	1330	3869	3931	5481	4180	3954	7914	4439	28105	1630	1421	1421	1399
14:59:17	3753	3775	3781	3716	3826	4487	4233	7634	1659	1379	1353	1374	3429	3674	3769	3873	3668	5252	4393	7880	1620	1382	1427	1304	3567	3539	3784	3976	3883	5061	4285	7815	1701	1391	1287	1375	3745	3654	3692	3650	3854	4892	3923	7675	1710	1446	1441	1401	3692	3865	5301	4096	4016	7676	4748	26649	1742	1321	1406	1363	3934	3991	5550	4422	4356	8455	4708	30309	1686	1306	1313	1403	3798	3775	5719	3863	4128	8068	5001	28012	1672	1369	1311	1393	3863	3872	5302	4224	4083	7790	4470	27744	1712	1425	1287	1290
15:09:17	3584	3695	3762	3922	3846	4501	4304	7354	1680	1397	1433	1433	3309	3851	3712	3859	3813	5243	4405	7381	1747	1246	1375	1415	3688	3567	3726	3900	3938	4892	4197	7418	1696	1417	1345	1362	3821	3564	3886	3941	3905	4741	3976	7534	1649	1357	1359	1385	3761	3844	5318	4064	3972	7587	4480	25609	1699	1446	1398	1408	3829	4035	5741	4203	4280	8325	4636	28764	1650	1292	1433	1394	3855	3691	5725	4093	3964	8237	4941	27795	1666	1455	1375	1350	3841	3883	5434	4130	3953	7730	4368	26764	1653	1370	1337	1351
15:19:17	3620	3570	3650	3790	3741	4422	4182	7253	1627	1374	1432	1348	3341	3622	3781	3928	3802	5319	4435	7408	1651	1381	1417	1428	3492	3660	3900	3999	3815	4980	4141	7263	1769	1414	1391	1381	3699	3620	3766	3757	3827	4778	4194	7171	1599	1327	1358	1289	3819	3976	5210	4162	3823	7523	4611	25141	1721	1389	1266	1337	3873	3755	5404	4159	4263	7950	4580	28727	1673	1355	1446	1370	3784	3800	5410	4065	4121	8080	4743	26595	1669	1286	1330	1415	3905	3699	5143	4041	3995	7504	4351	25909	1741	1310	1377	1329
15:29:17	3636	3534	3748	3826	3760	4320	4038	7028	1688	1389	1423	1322	3553	3665	3862	3929	3903	5063	4348	7500	1723	1407	1470	1451	3606	3599	3869	3998	3790	5063	4345	7156	1711	1413	1422	1376	3603	3569	3753	3878	3946	4798	4019	7317	1707	1473	1341	1387	3714	4020	5191	4162	4058	7545	4491	24946	1725	1418	1464	1283	3851	3981	5292	4281	4136	7778	4499	27594	1636	1437	1374	1374	3818	3666	5418	4095	4002	8048	4845	26192	1697	1447	1346	1472	3778	3848	5260	4025	3935	7472	4350	25532	1649	1407	1363	1344
15:39:17	3541	3554	3644	3645	3769	4423	4108	7274	1706	1392	1480	1348	3291	3706	3799	3835	3812	5052	4366	7640	1624	1429	1460	1421	3525	3626	4005	3796	3816	4960	4137	7277	1643	1436	1407	1405	3703	3572	3815	4038	3851	4930	4042	7228	1635	1383	1404	1410	3705	3787	5183	4038	3901	7525	4577	24680	1652	1427	1484	1330	3642	3933	5428	4236	4016	7916	4697	27511	1688	1353	1384	1344	3918	3851	5552	4051	4017	7857	4743	26584	1623	1322	1392	1285	3678	3841	5024	4184	4036	7463	4228	26413	1700	1338	1406	1325
15:49:17	3461	3599	3821	3827	3778	4252	4195	7206	1645	1434	1404	1338	3499	3693	3832	3782	3771	4940	4240	7369	1761	1454	1351	1391	3641	3768	3763	3846	3701	4987	4148	7398	1756	1330	1303	1389	3700	3602	3645	3872	3801	4759	4012	7109	1781	1441	1403	1386	3733	3900	5165	4247	4009	7477	4494	24533	1697	1477	1426	1427	3800	3998	5349	4348	4117	7661	4570	27411	1712	1306	1360	1404	3751	3775	5307	4023	4097	8040	4797	26476	1715	1335	1376	1308	3849	4007	5103	4080	3918	7366	4287	25788	1680	1419	1427	1385
15:59:17	3539	3520	3799	3738	3779	4374	4179	7449	1587	1448	1349	1398	3367	3608	3823	3797	3657	5065	4218	7519	1754	1436	1360	1460	3741	3632	3951	3931	3731	4956	4282	7481	1644	1465	1368	1357	3693	3686	3869	3787	3812	4897	4003	7307	1785	1424	1406	1412	3648	3836	5135	4222	4108	7358	4610	25156	1649	1339	1463	1389	3708	3753	5435	4287	4122	7752	4364	27188	1777	1446	1472	1294	3870	3799	5481	4080	3930	7775	4566	26515	1720	1364	1398	1332	3668	3874	5132	4109	3869	7405	4215	25742	1580	1321	1411	1396
16:09:17	3680	3585	3598	3646	3722	4404	4234	6853	1596	1413	1351	1380	3422	3712	3862	3794	3654	4797	4368	7414	1772	1441	1413	1348	3523	3546	3771	3893	3808	4782	4131	7479	1675	1335	1463	1334	3590	3499	3871	3702	3809	4765	3870	7339	1657	1368	1401	1342	3568	4014	5262	4224	4013	7234	4513	24310	1750	1502	1364	1347	3792	4024	5278	4134	4217	7520	4775	26884	1696	1384	1423	1415	3883	3752	5370	3941	3984	7733	4630	25723	1723	1420	1488	1413	3772	3777	5252	3867	3870	7318	4113	25237	1699	1422	1423	1430
16:19:17	3587	3587	3669	3728	3717	4321	4190	7185	1724	1394	1441	1344	3451	3588	3710	3916	3667	4876	4075	7063	1711	1407	1464	1524	3551	3636	3956	3802	3710	4757	4229	7117	1716	1383	1533	1399	3739	3562	3739	3804	3847	4804	3997	7370	1723	1479	1357	1367	3575	3764	5244	4104	4019	7217	4505	24090	1679	1488	1396	1362	3741	3833	5063	4197	4033	7621	4615	25734	1594	1433	1277	1457	3701	3890	5420	4047	4002	7695	4479	24447	1663	1476	1307	1447	3729	3766	5178	3929	3860	7199	4320	24829	1656	1289	1320	1400
16:29:17	3498	3580	3622	3851	3726	4308	4149	6939	1673	1454	1431	1353	3397	3687	3883	3852	3736	4766	4310	7327	1657	1391	1398	1499	3512	3548	3804	3725	3673	4775	4112	7421	1711	1420	1403	1350	3736	3685	3640	3953	3625	4691	3886	7064	1744	1420	1393	1411	3567	3685	5106	4209	3882	7198	4346	24281	1649	1414	1323	1397	3748	3769	5131	4265	4142	7396	4625	26488	1699	1353	1457	1404	3839	3832	5260	4092	3921	7924	4626	25071	1702	1398	1343	1408	3753	3651	4999	4089	3818	7167	4038	24610	1732	1305	1340	1387
16:39:17	3612	3597	3647	3848	3726	4477	4139	6991	1710	1382	1432	1372	3354	3639	3805	3676	3726	4920	4236	7411	1692	1438	1314	1356	3536	3504	3772	3832	3741	4862	4288	7294	1526	1349	1398	1424	3712	3652	3882	3741	3759	4697	3950	7181	1661	1399	1354	1383	3761	3684	5297	4039	3897	7221	4470	24157	1655	1357	1418	1411	3735	3878	5073	4451	4023	7538	4591	26894	1667	1369	1391	1313	3733	3822	5352	4178	4022	7579	4739	24256	1643	1378	1442	1320	3768	3861	5111	4085	4007	7292	4241	23969	1619	1319	1360	1453
16:49:17	3544	3605	3661	3798	3668	4410	4233	7106	1706	1407	1418	1412	3412	3642	3794	3806	3697	4873	4232	7389	1724	1409	1410	1361	3447	3631	3722	3789	3793	4835	4361	7127	1655	1310	1431	1344	3572	3526	3765	3867	3667	4785	4043	6710	1698	1294	1433	1488	3662	3818	5334	4292	3859	7241	4570	24045	1686	1390	1435	1333	3833	3846	5116	4096	4152	7362	4536	26139	1660	1336	1370	1414	3741	3816	5265	3973	3965	7550	4574	25002	1765	1399	1394	1349	3774	3910	5119	3929	3908	7068	4252	24900	1774	1413	1332	1394
16:59:17	3431	3494	3817	3722	3734	4216	4151	6962	1787	1328	1403	1392	3506	3742	3655	3693	3769	4880	4133	7461	1785	1415	1485	1331	3523	3830	3753	3814	3839	4742	4184	6868	1726	1359	1422	1369	3650	3587	3924	3727	3859	4643	3963	7115	1778	1405	1445	1351	3722	4076	5115	4063	3866	7134	4386	24113	1834	1402	1363	1374	3786	3930	5295	4090	4048	7391	4408	26297	1638	1347	1436	1344	3766	3795	5291	4176	3991	7546	4695	24638	1753	1247	1324	1410	3702	3800	5255	4033	4029	7120	4277	25012	1634	1367	1368	1427
17:09:17	3372	3592	3765	3941	3632	4499	4155	7126	1677	1356	1378	1413	3321	3724	3720	3826	3673	4717	4104	7382	1725	1471	1370	1344	3499	3695	3925	3740	3744	4627	4145	7126	1715	1472	1366	1380	3683	3474	3725	3693	3596	4656	3898	7165	1733	1410	1407	1408	3584	3910	5141	4197	3932	7063	4629	24126	1689	1447	1348	1353	3827	3706	5355	4199	4140	7585	4423	26020	1703	1334	1344	1320	3810	3879	5043	4133	3993	7556	4675	24549	1714	1274	1421	1466	3809	3905	5010	4002	3851	7307	4141	24740	1752	1387	1333	1398
17:19:17	3587	3549	3572	3795	3773	4403	4121	6920	1672	1451	1429	1423	3336	3767	3722	3764	3727	4879	4267	7213	1616	1344	1503	1354	3453	3741	3652	3845	3563	4789	4205	7080	1672	1414	1329	1415	3695	3557	3749	3753	3878	4800	4079	6849	1562	1463	1454	1320	3799	3790	5129	4136	3767	7239	4410	23323	1734	1341	1402	1482	3848	3939	5018	4253	4052	7437	4365	25490	1684	1338	1412	1324	3837	3764	5174	4035	4028	7507	4542	24681	1611	1412	1395	1374	3931	3877	5310	4194	3979	7107	4232	24055	1589	1373	1379	1368
17:29:17	3593	3699	3912	3774	3684	4333	4168	6800	1755	1274	1354	1454	3453	3818	3703	3750	3807	4739	4337	7076	1613	1479	1394	1423	3597	3689	3766	3939	3707	4714	4110	7181	1671	1515	1387	1430	3594	3727	3672	3762	3763	4567	4112	6934	1611	1314	1325	1381	3590	3854	4989	4141	3916	7020	4467	23494	1596	1360	1272	1349	3732	3942	5093	4153	4073	7428	4423	25940	1686	1389	1340	1304	3767	3772	5176	4040	4001	7460	4562	24136	1638	1361	1364	1347	3726	3840	5102	4074	3845	6979	4177	24055	1685	1437	1349	1442
17:39:17	3664	3726	3739	3649	3833	4289	4063	6849	1755	1402	1486	1383	3358	3647	3633	3756	3715	4770	4203	7092	1715	1394	1359	1452	3476	3629	3587	3888	3755	4724	4160	6967	1636	1377	1393	1355	3728	3610	3662	3698	3725	4539	3934	6994	1628	1379	1333	1441	3661	3722	5148	3970	4149	7139	4424	23565	1693	1333	1342	1264	3798	3697	5332	4255	4017	7531	4432	25989	1694	1387	1439	1365	3851	3868	5158	4015	3855	7513	4600	23882	1727	1361	1402	1416	3774	3827	5202	4070	3978	7021	4087	24041	1708	1353	1402	1360
17:49:17	3585	3648	3743	3820	3533	4197	4063	6815	1719	1520	1432	1454	3395	3558	3857	3819	3823	4877	4147	7120	1746	1443	1332	1413	3612	3719	3826	3789	3864	4876	3989	6924	1589	1430	1430	1478	3677	3738	3773	3828	3738	4602	4087	6782	1713	1422	1397	1412	3675	3873	5093	4093	3911	7057	4358	23359	1684	1309	1281	1317	3939	4067	5091	4171	3969	7349	4594	26127	1724	1306	1339	1372	3917	3896	5235	4069	3862	7376	4751	23713	1726	1346	1264	1384	3853	3885	5182	4016	4046	7091	4131	23744	1738	1401	1349	1449
17:59:17	3556	3693	3679	3801	3778	4386	4023	7069	1581	1388	1415	1391	3356	3750	3815	3685	3878	5058	4345	7204	1727	1347	1428	1463	3456	3660	3612	3902	3707	4909	4227	7131	1640	1383	1347	1514	3585	3633	3832	3686	3833	4731	3977	7367	1675	1344	1446	1446	3587	3821	5367	4204	3839	7136	4550	24271	1668	1314	1447	1367	3771	3918	5329	4220	4001	7607	4525	26287	1687	1385	1369	1379	3790	3621	5276	4141	3813	7534	4781	24555	1639	1327	1313	1343	3753	3720	4999	4006	4061	7181	4269	24530	1786	1389	1336	1356
18:09:17	3540	3723	3592	3701	3833	4315	4098	6964	1788	1521	1453	1377	3450	3691	3784	3914	3750	4640	4248	7553	1639	1330	1407	1322	3504	3787	3631	3762	3697	4840	4195	6929	1685	1454	1381	1447	3612	3662	3836	3818	3719	4566	4009	7155	1756	1369	1439	1372	3706	3879	5229	4101	3914	7183	4675	24475	1706	1406	1322	1345	3819	3817	5197	4210	4019	7387	4679	26857	1671	1317	1496	1357	3744	3914	5320	4250	3940	7585	4730	24324	1635	1436	1456	1325	3690	3932	5259	4020	3810	7189	4160	24977	1741	1405	1449	1342
18:19:17	3415	3711	3711	3821	3777	4307	4085	6954	1779	1327	1389	1292	3468	3617	3699	3863	3577	4739	4294	7165	1699	1304	1317	1318	3635	3724	3819	3660	3756	4584	4226	7283	1679	1304	1460	1420	3670	3605	3803	3658	3814	4596	4073	6994	1666	1404	1466	1354	3755	3912	5249	4194	4089	7200	4588	24438	1661	1312	1312	1311	3706	3858	5137	4161	4121	7292	4552	26776	1681	1449	1382	1386	3750	3844	5321	4191	4159	7659	4592	23976	1746	1322	1457	1347	3831	3822	5065	4077	3908	7297	4299	24864	1717	1381	1462	1340
18:29:17	3540	3842	3660	3728	3689	4341	4055	6984	1658	1398	1407	1325	3401	3647	3896	3775	3659	4992	4418	7208	1619	1448	1377	1456	3682	3667	3917	3966	3675	4883	4139	7060	1653	1356	1400	1374	3543	3701	3732	3897	3659	4599	3756	7060	1661	1395	1405	1357	3765	3793	5298	4213	4030	7150	4549	23613	1631	1452	1316	1377	3925	3977	5229	4130	4000	7480	4543	25766	1666	1304	1385	1340	3801	3886	5311	4219	3981	7722	4621	24702	1712	1375	1288	1381	3932	3798	5302	4186	3907	6958	4318	24899	1636	1335	1437	1375
18:39:17	3490	3714	3666	3758	3718	4400	4112	6810	1634	1356	1421	1337	3535	3698	3822	3926	3840	4994	4164	7175	1730	1434	1402	1343	3611	3590	3659	3840	3710	4675	4170	7224	1588	1371	1306	1413	3678	3409	3728	3816	3889	4487	3951	7059	1651	1426	1312	1357	3730	3995	5045	4238	3944	7404	4638	23565	1737	1449	1482	1333	3837	3942	5213	4282	3973	7568	4540	26314	1775	1431	1353	1370	3777	3883	5416	4017	4122	7610	4873	24667	1604	1418	1454	1409	3872	3929	5268	4310	3929	7247	4141	24968	1610	1350	1328	1404
18:49:17	3539	3736	3668	3845	3753	4450	4230	6992	1729	1355	1402	1497	3433	3582	3882	3717	3891	4935	4293	6948	1685	1393	1303	1418	3595	3630	3762	3809	3764	4861	4092	7032	1648	1396	1363	1396	3628	3730	3728	3965	3785	4705	3828	7252	1667	1364	1454	1426	3723	3912	5375	4155	3867	7266	4347	23976	1726	1421	1473	1332	3814	3867	5065	4217	4060	7494	4415	26384	1767	1314	1363	1324	3673	3754	5348	4198	4062	7680	4592	24646	1712	1339	1404	1440	3705	3955	4960	4084	4016	7122	4244	24547	1612	1385	1393	1319
18:59:17	3509	3595	3804	3765	3765	4329	3942	6774	1696	1408	1452	1417	3321	3666	3654	3784	3736	4698	4103	7199	1757	1477	1366	1470	3469	3672	3713	3822	3785	4776	4283	7134	1686	1309	1422	1438	3676	3703	3628	3920	3756	4660	3953	7167	1685	1425	1363	1375	3885	3903	5280	4220	3988	7102	4637	23174	1686	1363	1299	1311	3778	3678	5289	4358	4223	7562	4631	26621	1596	1400	1370	1351	3743	3770	5206	3999	4080	7525	4735	24334	1723	1384	1351	1392	3769	3874	5154	4095	3981	7215	4299	24809	1759	1317	1337	1340
19:09:17	3519	3619	3675	3939	3672	4261	4090	6951	1703	1428	1439	1417	3395	3692	3723	3730	3711	4952	4057	7223	1690	1431	1381	1376	3445	3694	3831	3862	3717	4918	4143	7237	1643	1413	1364	1390	3623	3575	3541	3755	3747	4596	3999	6891	1652	1444	1470	1373	3692	4010	5253	4226	4041	7234	4566	22948	1640	1363	1467	1373	3854	3799	5185	3977	4171	7692	4592	26013	1653	1401	1405	1327	4006	3938	5433	4140	4032	7713	4610	25104	1692	1414	1446	1417	3757	3849	5193	4016	4065	7354	4408	24491	1654	1349	1322	1412
19:19:17	3571	3753	3796	3864	3690	4494	4001	6761	1673	1420	1429	1402	3299	3637	3776	3728	3641	4873	4228	7121	1707	1406	1412	1379	3581	3812	3525	3746	3735	4776	4124	7038	1732	1447	1351	1478	3604	3607	3779	3914	3752	4663	3876	6752	1661	1384	1313	1374	3739	4005	5492	4188	4136	7237	4454	21911	1682	1351	1431	1402	3707	3910	5049	4184	4077	7488	4573	26003	1781	1332	1370	1449	3876	3959	5163	4126	3956	7664	4726	23894	1734	1360	1335	1356	3788	3886	5023	4102	4148	7124	4329	24828	1665	1374	1399	1364
19:29:17	3537	3725	3704	3681	3758	4410	4108	6707	1700	1489	1427	1379	3474	3726	3724	3756	3724	4668	4206	6720	1652	1431	1432	1466	3547	3704	3879	3903	3742	4706	4114	6878	1571	1342	1448	1549	3594	3786	3719	3830	3843	4616	4120	6698	1693	1354	1402	1583	3708	3951	5283	4054	3943	6904	4523	22714	1727	1389	1330	1390	3766	3787	5256	4168	4094	7478	4542	25929	1624	1326	1340	1291	3980	3983	5447	4019	4008	7575	4648	24045	1647	1293	1415	1344	3780	3932	5037	4093	4029	7086	4243	24013	1804	1320	1330	1433
19:39:17	3659	3816	3665	3794	3886	4360	4171	6655	1624	1417	1351	1292	3520	3687	3821	3724	3678	4849	4141	6760	1661	1328	1522	1401	3751	3776	3824	3778	3784	4598	4187	6796	1697	1468	1421	1298	3677	3829	3844	3844	3806	4424	4019	6612	1717	1239	1460	1415	3757	3840	4945	4158	3875	6969	4447	21717	1608	1354	1408	1454	3732	3912	5133	4173	3838	7626	4658	25529	1720	1451	1399	1407	3731	3861	5244	4062	3894	7337	4642	22950	1696	1499	1422	1340	3749	3873	4912	3989	4091	7270	4148	23200	1741	1376	1326	1351
19:49:17	3638	3877	3974	3850	3766	4382	4042	6674	1636	1308	1394	1323	3555	3541	3727	3860	3598	4884	4327	6850	1742	1433	1440	1436	3620	3616	3770	3806	3665	4813	4093	6785	1632	1511	1301	1399	3527	3594	3744	4001	3824	4646	3864	6462	1587	1443	1384	1324	3764	3934	5117	4145	4087	7183	4537	21355	1746	1377	1350	1321	3861	3850	5236	4172	4058	7309	4543	25033	1765	1380	1402	1366	3721	3974	5215	4026	4144	7249	4756	22846	1722	1374	1329	1316	3907	3910	5290	3996	3927	6902	4195	23247	1710	1426	1395	1364
19:59:17	3602	3655	3620	3745	3810	4344	3908	6300	1630	1319	1425	1406	3512	3633	3793	3775	3696	4518	4164	6730	1647	1313	1424	1419	3687	3734	3702	3988	3810	4707	4146	6883	1626	1327	1444	1335	3682	3690	3620	3862	3870	4507	3947	6510	1659	1336	1416	1337	3735	3889	5276	4056	4013	7142	4561	21217	1661	1368	1413	1444	3769	3876	5176	4265	4083	7507	4445	25164	1680	1369	1353	1376	3835	3826	5476	3944	4064	7617	4622	23170	1584	1272	1295	1359	3910	3948	5219	4237	4153	7242	4401	22353	1646	1348	1399	1366
20:09:17	3493	3756	3724	3685	3718	4384	4122	6312	1677	1370	1390	1476	3223	3831	3644	3712	3776	4911	4309	7125	1734	1445	1474	1336	3568	3872	3831	3757	3755	4821	4224	6881	1658	1374	1478	1376	3634	3594	3629	3823	3918	4718	4116	6300	1645	1377	1448	1324	3820	4049	5252	4176	4188	6882	4520	20569	1652	1400	1388	1288	3970	4023	5301	4077	4013	7435	4497	25294	1693	1379	1343	1372	3798	3914	5351	4186	3957	7561	4635	23416	1616	1308	1440	1376	3689	3892	5254	4083	3966	7242	4289	22945	1762	1328	1336	1402
20:19:17	3594	3820	3606	3882	3728	4309	3952	6188	1687	1434	1322	1379	3524	3640	3823	3794	3731	4861	4246	6874	1698	1457	1411	1434	3574	3898	3806	3676	3774	4734	4132	6701	1667	1355	1315	1293	3600	3748	3685	3698	3819	4592	4051	6529	1670	1383	1318	1387	3666	3905	5176	4204	4065	7134	4491	20404	1612	1377	1454	1399	3906	4095	5153	4250	3943	7307	4636	24962	1678	1513	1346	1292	3819	4077	5151	4169	4078	7473	4552	22732	1619	1387	1366	1380	3804	3831	5110	4060	4036	7136	4214	22300	1689	1342	1361	1402
20:29:17	3666	3848	3785	3713	3684	4363	4091	6297	1695	1334	1350	1429	3449	3717	3765	3927	3919	4961	4404	6900	1674	1364	1406	1511	3620	3639	3755	3948	3690	4729	4047	6744	1720	1444	1335	1418	3711	3730	3651	3782	3901	4696	4008	6591	1729	1395	1400	1386	3738	3908	5264	4094	4025	7181	4510	20088	1623	1453	1333	1316	3746	3934	5260	4174	4017	7390	4822	25435	1749	1252	1457	1412	3828	3835	5307	4381	4065	7489	4681	23429	1688	1390	1361	1356	3844	3928	5003	3963	3976	6748	4265	21512	1822	1451	1389	1389
20:39:17	3686	3784	3724	3923	3858	4532	4165	6231	1655	1437	1432	1397	3432	3696	3700	3974	3914	4778	4247	6638	1677	1435	1344	1406	3675	3713	3712	4100	3601	4652	4212	6868	1802	1462	1322	1332	3560	3617	3731	3776	3723	4629	4117	6586	1734	1424	1476	1349	3790	3934	5076	4178	3903	6945	4626	18690	1715	1408	1401	1362	4018	4058	5111	4324	4061	7333	4460	24894	1744	1376	1357	1405	3938	3900	5197	4122	3940	7599	4768	22685	1713	1289	1376	1323	3830	3916	5033	4019	3916	7120	4400	21713	1598	1346	1355	1375
20:49:17	3561	3701	3754	3935	3776	4295	3952	6293	1592	1312	1466	1380	3488	3675	3714	3850	3760	4748	4308	6612	1667	1422	1357	1417	3723	3802	3852	3937	3759	4791	4119	6833	1636	1442	1429	1320	3636	3603	3780	3809	3785	4657	3981	6304	1740	1358	1342	1344	3897	4122	5148	4178	4046	6998	4431	18797	1653	1382	1385	1256	3768	4022	5122	4178	4061	7381	4611	24762	1630	1320	1350	1354	3929	4076	5069	4024	4076	7490	4644	22672	1632	1391	1269	1326	3778	3862	5161	4115	3850	7360	4194	21194	1779	1344	1390	1339
20:59:17	3488	3797	3529	3851	3762	4360	3958	6300	1760	1387	1455	1391	3414	3800	3913	3800	3858	4925	4367	6849	1720	1323	1467	1402	3509	3901	3798	3947	3687	4661	4128	6664	1612	1393	1405	1369	3664	3695	3885	3891	3906	4537	4050	6149	1744	1353	1408	1341	3699	4049	5295	4035	3940	6870	4592	18273	1628	1390	1365	1461	3997	4072	5044	4071	3999	7117	4830	24860	1667	1365	1409	1323	3820	4014	5461	4039	3996	7528	4607	22610	1704	1400	1267	1295	3864	3892	5000	4158	4016	7135	4403	20393	1657	1452	1379	1380
21:09:17	3548	3674	3604	3731	3745	4555	4155	6092	1620	1328	1378	1392	3357	3736	3912	3951	3782	4918	4251	6672	1700	1431	1413	1449	3687	3595	3683	3782	3829	4686	4085	6535	1759	1356	1506	1320	3675	3686	3780	3931	3764	4663	4132	6306	1724	1403	1327	1461	3737	3939	5135	4094	4003	6914	4529	18297	1654	1347	1459	1368	3881	4013	5148	4094	4097	7361	4704	24828	1708	1310	1394	1294	3803	3933	5423	3915	3884	7294	4694	21958	1674	1391	1326	1318	3765	3900	5081	3993	4164	7132	4240	19840	1637	1373	1351	1357
21:19:17	3640	3792	3766	3780	3703	4549	4104	6158	1634	1326	1363	1428	3424	3697	3751	3994	3894	4868	4311	6549	1720	1418	1409	1454	3706	3664	3678	3887	3858	4878	4123	6431	1661	1439	1309	1454	3626	3566	3772	3735	3742	4558	4031	6173	1669	1458	1370	1358	3788	3957	5162	4223	3906	6848	4495	18367	1680	1347	1358	1417	3957	3910	5061	4145	4012	7397	4590	24633	1745	1390	1286	1352	3992	4061	5254	4119	4009	7336	4860	21510	1686	1297	1361	1377	3859	4035	5036	4094	4178	6940	4356	19104	1752	1382	1364	1425
21:29:17	3720	3697	3633	3739	3752	4345	4217	6386	1647	1461	1382	1386	3364	3637	3856	3849	3785	4818	4098	6601	1682	1456	1436	1428	3689	3795	3882	3865	3842	4659	4064	6655	1662	1431	1395	1365	3657	3812	3751	3656	3792	4444	4080	6018	1656	1325	1492	1408	3783	3984	5092	4290	4165	6924	4552	17690	1727	1309	1368	1486	3843	3871	5175	4181	4181	7240	4675	24680	1745	1412	1326	1434	4053	3845	5202	4189	4069	7455	4596	21620	1697	1327	1413	1358	3992	3929	4800	4140	3926	7167	4354	18234	1642	1293	1336	1322
21:39:17	3536	3735	3731	3814	3731	4651	3912	6070	1669	1435	1264	1406	3475	3760	3873	3801	3793	4702	4147	6686	1683	1436	1415	1342	3534	3798	3836	3809	3641	4656	4224	6596	1573	1338	1398	1431	3677	3587	3884	3829	3851	4571	4033	5828	1682	1422	1447	1358	3813	4072	5338	4202	3960	6655	4486	17966	1593	1398	1349	1340	3867	3830	5173	4277	4057	6958	4617	24441	1786	1383	1408	1393	3828	3960	5407	4086	4192	7422	4813	20707	1693	1368	1436	1414	3906	4028	5125	4074	3926	7186	4313	18553	1696	1375	1341	1330
21:49:17	3681	3772	3612	3763	3748	4466	4114	6216	1654	1338	1407	1397	3537	3775	3786	3887	3820	4818	4361	6595	1707	1390	1378	1450	3555	3797	3674	3826	3847	4395	4308	6495	1674	1452	1398	1375	3616	3634	3852	3920	3764	4732	4048	5859	1626	1409	1376	1355	3742	3925	5240	4150	4050	6667	4619	18116	1673	1450	1401	1339	4053	4023	5291	4040	4156	7359	4586	23985	1761	1403	1394	1336	3979	4011	5449	3984	4024	7245	4744	20032	1583	1382	1395	1315	3952	3925	5078	4053	3787	7085	4286	18027	1720	1319	1375	1397
21:59:17	3635	3825	3883	4046	3797	4366	3962	6311	1673	1358	1466	1438	3237	3770	3718	3871	3687	4775	4211	6624	1687	1411	1399	1346	3714	3800	3807	4032	3967	4643	4173	6544	1750	1428	1367	1353	3519	3687	3773	3880	3775	4514	4097	6089	1690	1366	1313	1392	3875	4053	5148	4120	4051	6639	4482	18170	1735	1419	1341	1447	3780	4034	5008	4080	4115	7080	4877	23883	1657	1332	1372	1339	3783	4007	5328	4137	4012	7203	4706	19722	1754	1434	1456	1345	3757	3853	4890	4049	4083	7108	4410	18772	1663	1424	1330	1401
22:09:17	3626	3627	3822	3763	3821	4582	3988	5871	1605	1455	1438	1362	3602	3807	3914	3916	3729	4833	4326	6331	1573	1395	1399	1412	3594	3739	3903	3834	3783	4705	4158	6662	1684	1441	1368	1479	3590	3741	3834	3876	3695	4344	4107	5999	1657	1424	1264	1394	3840	4001	5206	4175	4200	6495	4496	17783	1709	1404	1401	1379	4031	4130	5200	4271	4025	7203	4656	23615	1712	1386	1335	1231	3869	3827	5261	4044	4179	7309	4812	19432	1641	1282	1450	1350	3892	3854	5000	4119	4174	6828	4430	18502	1616	1391	1377	1427
22:19:17	3656	3782	3763	3817	3672	4382	4086	6151	1610	1364	1468	1405	3360	3777	3791	3734	3778	4842	4324	6636	1698	1399	1401	1435	3635	3720	3828	3831	3863	4572	4324	6351	1675	1340	1416	1440	3678	3837	3820	3886	3813	4538	3959	5847	1736	1358	1424	1351	3792	4092	5183	4131	4088	6228	4407	17365	1711	1438	1406	1353	3952	3988	5089	4070	4193	7082	4650	24076	1688	1422	1360	1336	3813	3746	5417	4241	3954	7193	4804	18908	1651	1316	1391	1384	3955	3877	5012	4057	3952	6979	4420	18381	1701	1320	1307	1368
22:29:17	3636	3936	3952	3848	3821	4426	4205	6158	1594	1387	1472	1483	3473	3779	4008	3879	3877	4942	4328	6556	1738	1325	1368	1481	3578	3708	3785	3878	3810	4775	4183	6626	1686	1447	1328	1383	3790	3778	3708	4040	3767	4455	3885	5988	1685	1297	1444	1347	3790	3962	5108	4159	4018	6233	4582	17658	1690	1421	1428	1347	3953	3957	5120	4240	4186	6941	4717	24059	1716	1362	1322	1339	3929	3916	5290	4103	4007	6927	4686	18425	1638	1321	1461	1261	4023	4064	4980	4149	3778	6822	4327	18318	1641	1391	1342	1322
22:39:17	3720	3770	3824	3819	3780	4359	4250	6159	1681	1442	1349	1372	3464	3774	3847	3822	3682	4725	4311	6291	1720	1437	1443	1298	3432	3807	3669	3924	3865	4784	4100	6476	1707	1363	1476	1404	3426	3554	3836	3786	3824	4252	3998	5992	1711	1358	1364	1348	3823	3956	5175	4136	4106	6070	4569	17741	1743	1441	1431	1343	3967	4204	5102	4103	4207	6996	4570	23781	1625	1386	1438	1372	3962	3862	5324	4157	4048	7125	4577	18199	1711	1407	1391	1317	3898	3898	4900	4155	4174	6864	4339	17088	1781	1433	1397	1364
22:49:17	3741	3865	3861	3969	3922	4475	4020	6150	1640	1343	1472	1445	3520	3876	3831	3966	3885	4816	4301	5989	1863	1370	1398	1460	3558	3754	3745	4065	3911	4611	4207	6178	1603	1420	1459	1398	3705	3808	4001	3873	3920	4581	4009	6006	1739	1301	1342	1410	3817	4007	4986	4156	4123	6015	4639	17826	1755	1354	1415	1319	3798	3909	5145	4048	4140	6474	4721	23514	1612	1273	1454	1300	3944	3870	5492	4201	3840	7084	4685	18381	1675	1361	1395	1391	3922	3937	4870	4221	4051	6652	4349	17362	1719	1433	1341	1389
22:59:17	3716	3782	3843	3943	3689	4494	4080	6026	1672	1455	1464	1351	3447	3718	3729	3806	3813	4785	4295	6289	1755	1365	1467	1339	3625	3719	3845	3816	3872	4463	4227	6333	1700	1367	1336	1414	3769	3888	3753	3969	3828	4374	4069	6128	1638	1320	1452	1398	3906	3921	5180	4407	4007	5938	4481	17320	1646	1407	1337	1454	3946	4018	5025	4211	4117	6527	4660	22861	1639	1314	1398	1296	3910	4068	5203	4083	4132	7107	4647	17627	1689	1376	1423	1413	3886	3864	4666	4149	4021	6513	4343	17833	1558	1408	1326	1323
23:09:17	3722	3764	3854	3911	3744	4547	4217	6142	1643	1477	1353	1348	3519	3850	3805	3825	3828	4642	4247	6094	1729	1393	1362	1407	3663	3731	3910	3827	3837	4575	4298	6345	1603	1468	1297	1463	3781	4025	3825	3675	3823	4414	4109	5830	1714	1358	1471	1448	3718	4006	5066	4465	4040	6041	4631	17297	1672	1306	1389	1370	3977	4225	5192	4253	4045	6458	4727	22906	1711	1356	1331	1284	3923	4004	5441	4058	4129	6702	4653	17535	1561	1303	1304	1331	3788	3683	4870	4136	4020	6373	4532	17787	1786	1422	1352	1367
23:19:17	3653	3761	3794	3762	3820	4354	4164	6176	1580	1394	1407	1366	3418	3658	3684	3892	3792	4706	4418	6279	1654	1372	1361	1329	3550	3760	3754	3949	3647	4523	4095	6037	1670	1470	1487	1351	3781	3783	3880	3893	3738	4476	4161	6011	1697	1353	1414	1420	3809	4023	4821	4110	4059	5989	4585	17378	1656	1389	1291	1370	3886	4004	5144	4175	4067	6388	4482	23256	1618	1347	1398	1320	3925	4087	5324	4038	3981	6429	4566	18446	1694	1343	1361	1331	3916	4055	4908	4138	4081	6586	4347	17486	1774	1419	1273	1421
23:29:17	3711	3853	3942	3913	3955	4491	4068	6028	1615	1413	1417	1410	3419	3878	3976	3905	3782	4857	4234	6233	1779	1360	1364	1375	3501	3867	3875	3856	3707	4631	4018	6346	1677	1399	1390	1381	3668	3820	3881	3771	3978	4441	4127	5967	1765	1338	1386	1410	3972	4049	4882	4043	4154	6038	4541	17258	1697	1414	1358	1437	3956	4082	5055	4239	4003	6163	4673	23185	1759	1462	1420	1422	3985	3989	5319	4360	4212	6705	4536	18695	1673	1356	1456	1373	3969	3923	4731	4194	4110	6317	4336	17571	1740	1268	1352	1358
23:39:17	3789	3881	3916	3826	3993	4514	4076	6272	1711	1454	1463	1381	3552	3937	3853	4038	3915	4646	4349	6080	1805	1382	1450	1474	3624	3736	3868	3947	3984	4648	4173	6299	1645	1455	1429	1396	3702	3826	3850	3782	3872	4520	4157	6008	1658	1417	1446	1418	3883	4086	4646	4189	3883	6099	4634	17492	1671	1403	1366	1400	3977	3875	5139	4116	4254	6292	4671	23212	1713	1353	1427	1399	3997	3962	5303	4138	4032	6395	4634	18283	1631	1249	1325	1441	3999	3948	4782	4013	4101	6122	4406	17654	1732	1432	1469	1395
23:49:17	3711	3852	3837	3905	3940	4449	4200	6029	1771	1522	1423	1435	3328	3748	3823	3860	3904	4769	4340	6064	1649	1422	1425	1438	3630	3807	3766	3968	4000	4566	4129	6321	1703	1368	1367	1429	3661	3824	3689	3563	3868	4495	4241	5856	1692	1387	1410	1376	3912	3999	4832	4192	3990	6061	4398	16979	1750	1408	1415	1367	3935	4040	5125	4106	4117	6228	4791	22693	1729	1366	1422	1402	3860	3997	5324	4036	3935	6419	4625	18291	1786	1290	1392	1330	4006	4009	4900	3979	4210	6331	4394	17375	1661	1373	1391	1376
23:59:17	3712	3815	3766	3930	3825	4363	4160	6115	1569	1406	1356	1446	3393	3915	3945	3895	3790	4608	4234	6221	1716	1351	1463	1401	3695	3894	3976	3866	3869	4537	4113	5887	1721	1391	1369	1370	3649	3771	3861	3822	3797	4445	4141	5998	1711	1384	1387	1357	3874	4039	4638	4018	3940	6083	4626	17385	1773	1360	1424	1358	4038	4116	5027	4257	4180	6025	4742	22425	1706	1373	1374	1327	3865	4033	5568	4146	4115	6194	4556	17966	1620	1329	1318	1371	3948	3956	4635	4332	4015	6316	4562	17634	1716	1373	1343	1422
24:09:17	3679	3842	3980	3782	3853	4373	4192	6196	1733	1425	1332	1426	3440	3794	3795	3862	3725	4788	4386	6253	1614	1438	1397	1430	3578	3742	3844	3927	3791	4498	4183	6327	1711	1453	1369	1378	3696	3907	3729	3758	3954	4408	4069	5955	1758	1496	1414	1343	3791	3949	4865	4189	4023	5950	4455	17204	1644	1379	1355	1346	3960	4082	5193	4115	4055	5977	4813	22028	1770	1459	1363	1422	4091	4089	5350	4135	3934	5889	4449	17339	1630	1414	1371	1354	3798	3971	4903	3923	3963	6249	4507	17248	1664	1258	1361	1359
24:19:17	3542	3776	3998	3975	3808	4452	4269	6098	1677	1357	1401	1385	3399	3701	3874	3777	3997	4580	4344	6147	1754	1483	1386	1332	3716	3779	3739	3830	3876	4537	4133	6134	1596	1384	1317	1414	3746	3878	3794	3774	3970	4524	4321	6072	1613	1445	1384	1411	3867	4029	4856	4250	3936	6144	4502	17190	1706	1396	1308	1321	3920	4206	5174	4140	4091	6090	4655	21121	1601	1378	1406	1328	4041	3947	5422	4184	4080	6082	4396	17332	1668	1395	1373	1323	3727	3940	4912	4070	4048	6183	4478	17514	1642	1369	1426	1335
0:00:00																																																																																																
0:00:00																																																																																																
0:00:00																																																																																																
0:00:00																																																																																																
0:00:00																																																																																																
0:00:00																																																																																																
0:00:00																																																																																																
0:00:00																																																																																																

