EGFP:488,507

Kinetic read	A1	A2	A3	A4	A5	A6	A7	A8	A9	A10	A11	A12	B1	B2	B3	B4	B5	B6	B7	B8	B9	B10	B11	B12	C1	C2	C3	C4	C5	C6	C7	C8	C9	C10	C11	C12	D1	D2	D3	D4	D5	D6	D7	D8	D9	D10	D11	D12	E1	E2	E3	E4	E5	E6	E7	E8	E9	E10	E11	E12	F1	F2	F3	F4	F5	F6	F7	F8	F9	F10	F11	F12	G1	G2	G3	G4	G5	G6	G7	G8	G9	G10	G11	G12	H1	H2	H3	H4	H5	H6	H7	H8	H9	H10	H11	H12
0:08:36	106	110	136	109	90	92	103	124	90	78	89	77	131	157	99	98	109	106	117	125	119	46	115	110	106	117	105	130	112	112	108	91	124	120	83	108	117	107	128	107	114	115	136	105	134	94	59	73	90	85	70	115	108	89	107	122	107	100	79	74	94	91	123	111	115	86	116	101	113	75	71	91	130	133	111	99	121	119	103	127	109	58	82	72	126	140	110	106	105	116	149	112	110	59	94	77
0:18:36	123	102	128	109	128	119	112	140	117	89	82	79	101	113	134	108	108	92	113	101	128	80	73	96	133	129	110	102	128	114	131	107	104	71	94	84	100	115	96	97	94	106	120	133	129	103	98	86	118	97	126	113	143	123	137	117	120	100	99	81	104	109	124	119	90	116	97	115	134	96	105	116	123	105	136	90	96	104	139	115	134	78	78	63	137	115	123	130	100	105	89	120	107	74	90	91
0:28:36	114	110	126	114	75	125	110	140	98	70	51	61	102	116	95	91	125	115	113	126	105	98	88	112	109	125	118	112	100	103	128	147	135	80	110	114	81	122	102	109	97	126	135	126	104	98	85	85	90	98	85	99	112	103	101	139	78	67	75	84	130	130	88	115	106	102	90	132	82	86	76	105	91	85	120	125	76	113	126	122	88	63	95	127	90	120	141	83	99	103	77	112	112	74	73	92
0:38:36	108	108	128	81	116	140	106	116	121	100	84	115	117	123	106	117	132	97	126	128	75	93	100	73	97	121	129	118	105	98	85	111	97	59	103	97	95	123	109	96	124	130	98	132	104	76	96	83	89	118	108	116	92	118	99	138	101	107	96	83	109	108	111	138	100	106	103	148	136	84	90	97	97	106	129	106	111	80	113	151	81	84	93	58	146	114	130	86	108	115	84	134	108	100	87	88
0:48:36	129	112	103	111	114	115	105	163	109	77	87	89	111	117	114	106	108	138	113	127	115	70	94	92	104	70	99	102	109	110	117	133	107	90	71	119	111	102	102	103	92	121	139	146	101	74	105	103	129	104	128	113	128	122	100	133	129	113	87	64	96	113	120	105	107	142	125	126	93	83	77	77	102	109	107	88	104	111	103	126	109	88	94	88	120	107	103	133	121	120	83	130	111	57	124	105
0:58:36	100	136	111	135	139	129	100	146	117	84	85	81	112	118	110	149	104	118	113	121	95	82	86	95	111	133	136	111	120	126	145	140	86	95	83	116	125	146	135	103	128	137	103	131	108	85	78	68	105	118	117	121	125	109	105	180	87	58	95	65	107	128	96	99	75	103	101	134	84	94	85	96	99	93	125	81	111	140	137	148	121	87	75	100	115	90	122	96	106	101	120	159	103	90	94	75
1:08:36	93	105	155	105	125	139	126	139	111	65	82	98	95	120	112	85	129	96	128	134	126	75	124	96	95	129	121	87	110	121	111	130	105	89	124	83	127	112	97	147	132	156	116	143	93	68	89	85	104	166	133	122	150	105	82	156	110	72	65	107	116	108	106	106	106	100	101	145	112	105	122	73	116	126	98	127	95	106	129	133	118	99	75	83	120	113	115	133	110	126	109	170	86	90	113	100
1:18:36	73	126	140	110	115	134	110	122	141	72	100	63	123	118	122	130	96	114	115	118	123	89	66	96	106	111	103	90	123	136	102	113	101	63	71	113	101	122	115	133	115	149	129	117	115	101	51	83	102	125	122	128	107	109	122	138	102	105	89	83	134	97	125	106	110	111	101	143	118	85	74	90	127	86	87	148	118	119	107	169	108	105	98	95	124	109	108	139	116	124	101	157	147	99	110	117
1:28:36	119	104	80	112	83	154	113	113	117	96	80	53	132	114	135	97	130	126	78	147	101	111	81	92	100	104	111	156	94	98	113	140	97	75	93	95	130	103	130	136	138	134	107	123	111	90	86	107	121	94	126	112	124	152	129	165	89	93	81	98	122	124	119	106	119	127	113	170	116	91	74	100	127	126	115	106	152	103	131	175	118	98	94	97	122	119	89	118	111	110	125	168	117	90	96	108
1:38:36	126	91	110	116	122	145	128	130	93	78	96	70	112	147	122	123	155	114	92	161	110	102	81	102	109	109	151	121	107	119	95	138	98	66	65	90	91	124	136	137	131	145	92	123	85	64	103	98	89	104	139	132	129	146	158	173	115	88	74	76	89	122	111	136	108	132	123	221	114	106	89	79	131	122	122	117	125	139	125	183	111	90	109	85	135	108	109	125	132	130	106	165	112	79	82	88
1:48:36	105	94	102	111	96	119	121	153	104	104	74	73	109	108	117	79	95	153	135	113	82	83	113	97	95	109	122	130	101	128	132	139	88	109	91	84	125	118	105	122	155	84	126	125	100	78	73	98	124	128	126	113	92	131	112	173	125	51	94	79	125	141	146	115	132	118	124	164	112	71	71	123	95	152	114	136	110	124	105	181	117	94	81	107	99	109	107	135	145	132	118	177	113	71	92	94
1:58:36	130	121	101	140	108	139	119	151	134	71	87	103	102	120	114	128	140	113	99	117	106	90	92	78	109	119	88	125	106	139	137	109	123	76	106	88	102	133	115	136	119	123	78	153	105	105	109	91	129	102	103	139	112	140	115	212	97	78	103	58	114	120	115	84	124	147	119	218	95	73	106	88	116	119	119	95	121	138	111	201	124	114	83	60	118	117	141	115	114	141	119	182	117	116	92	86
2:08:36	110	94	128	113	105	142	110	154	142	84	111	105	111	131	134	114	156	118	123	147	133	106	125	84	97	115	109	107	106	130	122	151	143	84	96	108	142	110	108	128	116	129	118	129	112	78	68	121	87	142	130	114	123	121	122	221	96	89	75	80	119	123	118	103	116	144	89	205	96	67	76	93	131	100	144	115	119	116	124	207	101	68	108	104	125	137	127	92	130	96	132	188	109	72	88	107
2:18:36	135	104	114	135	117	130	107	121	77	120	84	79	136	128	112	146	132	151	135	140	117	106	63	56	134	126	116	122	112	136	101	143	103	91	94	102	144	132	148	145	124	130	125	109	93	65	69	96	124	119	107	112	115	138	115	218	96	93	115	85	124	100	119	135	118	92	144	235	130	97	90	99	106	147	137	149	131	154	113	254	82	104	70	80	118	145	133	133	105	119	132	199	101	108	70	81
2:28:36	106	100	129	110	142	140	84	164	101	92	51	90	98	125	101	109	117	142	134	168	127	71	89	83	119	124	141	152	128	135	123	161	90	72	81	88	114	114	109	125	132	150	132	155	118	80	79	103	116	114	140	151	135	175	118	236	87	87	81	76	116	115	139	126	108	124	127	253	108	103	77	74	156	119	127	150	122	164	135	231	128	96	87	88	142	133	137	126	133	148	118	236	101	95	123	109
2:38:36	104	115	122	104	114	138	114	140	131	91	97	72	120	129	146	95	127	128	115	141	68	94	82	63	111	113	104	119	139	136	118	151	80	83	88	107	131	112	144	114	142	105	124	152	113	108	104	70	136	133	127	115	138	132	160	274	90	97	98	106	144	129	162	119	149	129	132	282	90	86	112	84	125	92	147	124	128	169	107	279	95	74	57	73	98	128	154	116	123	132	145	253	130	41	106	96
2:48:36	88	130	109	112	134	124	113	172	123	79	109	74	106	120	105	131	81	146	125	163	100	96	95	89	123	116	160	119	123	160	149	140	109	110	65	100	129	120	136	160	122	141	129	148	131	109	93	92	117	109	162	157	113	151	120	278	104	93	94	76	119	101	167	115	107	160	135	291	100	45	94	79	115	138	118	145	137	169	117	262	125	73	92	115	127	143	111	114	122	155	123	259	84	80	76	95
2:58:36	98	122	155	114	96	137	120	163	96	83	92	111	136	159	118	130	136	142	139	135	113	75	80	66	99	134	104	116	136	150	112	180	74	103	107	76	122	151	113	143	132	116	121	164	116	75	85	99	105	144	128	134	119	143	109	336	109	104	72	89	114	112	148	140	114	108	134	286	92	83	87	92	115	126	118	125	142	164	133	296	116	78	98	94	121	113	107	105	131	145	123	307	106	113	90	106
3:08:36	93	110	87	115	146	129	97	179	127	81	106	82	126	121	136	118	124	176	155	169	115	75	100	96	102	137	145	125	125	125	121	146	103	109	113	98	142	131	114	111	129	125	109	157	94	80	94	59	131	103	135	103	126	157	119	353	84	100	88	98	109	129	114	138	143	134	155	325	103	110	96	109	123	132	143	116	104	158	111	307	95	121	103	93	110	122	130	102	145	138	100	327	114	93	82	99
3:18:36	121	131	137	121	108	146	128	159	98	76	90	100	126	129	104	129	139	111	128	174	134	107	105	90	110	97	114	142	116	127	127	167	123	97	107	105	130	131	139	133	136	135	155	179	84	95	106	113	119	126	148	124	137	173	141	331	88	82	99	92	138	130	128	148	148	171	126	383	146	117	65	101	118	90	157	138	138	216	140	314	98	91	87	64	144	114	152	116	144	162	148	357	105	69	128	103
3:28:36	129	119	121	106	135	129	131	146	90	85	96	63	108	104	110	113	122	136	116	188	109	99	75	68	118	108	89	108	131	139	109	144	83	60	97	128	135	126	149	131	131	126	111	144	91	74	62	78	150	128	126	122	120	164	135	385	119	79	133	78	145	129	129	125	138	199	154	384	114	84	96	96	116	130	149	125	132	180	136	410	114	89	94	93	149	143	129	134	120	140	106	369	115	81	79	73
3:38:36	133	138	136	123	159	136	123	155	101	76	104	93	106	112	145	136	141	140	109	172	122	91	100	100	135	143	141	116	149	132	120	164	122	51	50	92	127	133	160	129	106	132	96	170	122	79	110	89	134	130	122	134	120	159	118	409	88	74	74	92	155	153	155	123	114	174	143	375	107	90	99	105	145	119	145	120	128	139	120	388	120	64	83	63	128	121	140	137	163	185	125	364	105	96	77	87
3:48:36	104	112	115	109	106	137	121	137	100	98	136	89	119	110	140	111	138	133	153	169	125	104	85	115	109	135	130	137	128	148	127	187	68	71	102	95	111	105	129	126	113	147	113	183	92	110	114	112	106	151	121	148	109	151	130	412	124	79	63	65	135	123	125	125	106	190	134	416	101	58	77	93	100	117	143	143	137	185	144	451	98	102	97	92	143	129	133	132	148	153	118	426	113	95	84	121
3:58:36	118	136	128	148	129	148	110	194	122	102	92	92	104	115	152	120	121	114	140	214	99	77	89	94	150	118	99	130	102	138	116	158	143	96	82	110	123	119	159	101	122	177	106	156	118	67	130	85	115	139	154	152	98	171	139	436	92	75	117	83	151	131	162	117	123	168	167	441	103	47	93	101	135	126	164	146	118	165	120	439	118	51	100	89	139	160	144	101	126	189	115	434	104	83	82	69
4:08:36	140	149	116	105	138	147	102	169	104	86	112	90	138	131	125	124	123	147	78	158	127	71	103	102	105	125	146	119	117	108	123	194	128	95	88	91	164	125	108	131	137	130	124	200	122	105	94	80	124	134	132	155	112	173	144	490	98	59	109	80	134	146	128	120	152	176	127	479	126	95	85	90	132	126	152	125	139	170	100	476	95	78	103	92	139	140	156	124	146	213	141	458	117	105	73	114
4:18:36	119	137	146	159	157	141	122	204	130	79	86	72	111	119	104	143	135	152	147	189	116	106	96	84	88	154	153	158	141	154	124	213	102	62	64	98	133	136	129	132	130	140	126	195	147	96	71	110	110	115	137	147	129	206	138	531	91	95	78	107	133	119	183	153	99	190	125	474	100	80	81	90	132	135	149	157	121	185	138	529	106	71	83	72	131	115	152	155	156	188	142	477	108	71	101	76
4:28:36	146	116	124	157	132	112	119	210	115	97	86	67	117	140	135	112	142	177	136	201	132	111	89	116	125	139	131	143	112	176	106	194	109	109	99	80	119	127	116	122	141	140	121	207	73	64	71	80	142	143	155	146	126	199	120	560	125	63	101	80	141	141	159	139	158	198	151	570	123	87	89	95	140	153	156	138	120	184	146	533	105	92	77	79	113	114	155	138	143	172	109	543	119	72	90	103
4:38:36	122	114	127	148	149	165	122	180	108	67	92	88	133	130	143	146	139	174	111	207	139	47	76	95	98	147	120	130	121	153	133	198	101	82	77	85	121	125	111	137	111	160	135	221	118	102	82	64	143	144	185	115	158	202	142	573	98	96	79	95	112	156	140	150	170	168	125	578	104	82	56	79	120	140	178	102	125	192	141	513	136	68	72	88	156	130	166	139	152	216	151	547	127	81	110	109
4:48:36	101	137	128	145	159	149	131	215	107	68	91	81	121	136	119	166	119	184	126	192	89	69	78	84	112	163	109	159	151	139	106	228	90	100	89	94	151	131	147	117	116	135	136	184	117	76	108	92	136	159	167	135	133	180	122	597	105	92	97	60	156	153	189	152	162	195	137	634	132	92	98	74	142	143	179	131	134	202	124	616	90	112	69	89	124	133	161	157	119	209	128	578	117	81	64	84
4:58:36	120	130	126	184	158	161	148	202	118	68	85	70	141	137	146	129	172	186	140	239	102	77	92	100	146	128	151	112	144	159	164	205	112	88	120	85	94	150	122	167	122	160	144	205	100	81	94	69	128	163	145	163	147	228	140	644	100	97	80	86	151	138	186	160	145	222	127	675	127	123	74	94	139	154	174	145	140	194	133	642	115	58	43	106	113	155	164	177	140	208	151	603	112	83	69	81
5:08:36	122	188	115	165	150	189	151	225	88	98	79	77	115	163	119	153	127	170	131	237	123	91	132	82	155	145	124	175	140	175	134	223	114	104	77	63	166	138	133	136	169	158	127	218	115	62	91	77	144	161	167	173	116	227	142	706	105	55	101	50	145	153	148	144	138	242	140	726	89	100	94	110	135	108	203	150	143	225	152	635	112	85	69	81	115	139	152	151	160	204	113	637	113	82	82	81
5:18:36	122	142	147	165	120	162	135	236	109	114	101	72	127	157	117	159	117	179	112	244	93	91	82	97	122	165	147	160	115	164	153	248	118	108	105	60	115	158	164	150	134	175	145	255	90	116	80	82	145	161	180	164	132	223	134	703	84	94	104	91	154	153	199	165	156	224	143	785	133	91	69	88	118	125	190	150	143	230	181	699	122	97	88	71	117	154	147	148	167	198	171	686	132	94	80	105
5:28:36	138	139	114	149	158	170	144	256	95	75	105	58	144	162	171	144	169	165	155	247	95	72	108	112	143	156	152	127	115	184	151	276	95	83	95	92	133	143	146	132	113	174	152	211	104	58	105	29	176	135	172	165	152	229	155	739	110	85	93	82	154	147	168	146	176	248	156	831	97	108	68	101	152	156	205	175	120	213	135	741	108	76	47	69	143	158	146	156	165	225	155	640	110	91	71	67
5:38:36	138	133	110	184	159	184	134	250	101	79	85	78	150	135	143	153	133	194	164	261	95	88	135	100	111	164	161	166	164	178	160	290	71	126	83	93	112	119	126	131	119	166	140	295	119	92	77	108	158	138	196	155	184	225	175	779	99	81	80	62	157	164	195	187	170	242	152	909	119	70	103	71	136	155	182	149	133	257	172	786	134	98	86	99	158	161	174	170	142	245	136	760	77	79	89	110
5:48:36	138	139	134	158	153	162	146	238	109	86	101	89	147	118	200	154	148	197	190	299	72	94	94	70	142	139	126	175	173	188	148	308	91	96	111	80	160	158	133	185	134	193	151	276	87	108	82	105	146	159	182	170	153	222	170	906	108	95	93	81	153	186	181	170	168	287	174	1069	99	75	68	112	141	159	201	191	151	231	153	844	116	68	120	81	150	131	165	164	174	213	152	812	116	89	77	68
5:58:36	166	123	126	160	168	162	142	303	110	79	97	87	158	151	174	165	152	215	161	284	110	98	84	119	144	150	157	171	128	198	161	314	138	105	66	90	164	124	166	159	146	201	154	323	88	84	96	94	183	144	176	163	128	258	163	1032	79	102	96	102	148	159	236	168	141	289	146	1167	104	126	118	100	130	170	208	163	152	255	152	1016	127	60	75	107	136	167	216	132	123	240	162	871	97	95	87	92
6:08:36	130	146	187	131	146	195	117	310	113	64	97	108	159	165	157	164	158	179	153	361	118	106	80	84	134	148	187	147	154	243	152	331	132	103	90	93	162	146	156	197	150	202	142	316	141	72	119	99	156	191	215	179	149	321	183	1124	119	100	83	103	155	184	216	173	171	319	153	1258	127	63	61	75	157	144	241	178	154	289	156	1115	116	108	99	63	132	166	226	184	143	259	170	1007	71	93	76	107
6:18:36	136	160	149	144	175	179	134	337	121	86	94	103	156	169	168	117	152	217	153	348	117	86	75	89	138	159	178	148	106	225	150	318	147	101	74	81	138	121	125	179	152	216	163	359	98	89	71	104	137	177	234	141	163	323	180	1274	77	89	75	117	179	175	231	177	166	330	206	1380	110	92	103	100	146	154	241	179	150	301	148	1263	109	118	83	94	160	159	222	163	143	287	177	1090	122	48	109	112
6:28:36	140	183	135	162	167	191	168	376	122	97	71	55	132	197	174	134	146	250	155	319	122	92	104	77	143	154	173	184	132	191	150	378	104	64	93	105	156	154	165	153	179	236	169	356	111	92	95	101	164	179	237	182	185	331	181	1392	85	88	105	101	174	141	208	181	126	297	155	1400	133	88	116	106	143	155	251	193	167	324	122	1305	102	103	93	80	142	133	220	183	162	289	192	1164	104	76	72	107
6:38:36	140	125	181	171	138	230	170	339	118	59	78	72	146	168	137	169	162	227	165	388	103	74	78	84	153	167	124	170	147	242	143	392	109	100	89	101	165	143	172	138	126	176	163	355	129	123	82	59	119	185	231	177	188	324	170	1496	109	93	88	54	194	170	241	173	193	346	156	1543	114	76	102	97	177	162	251	145	182	338	157	1510	68	89	91	73	147	175	209	187	177	330	180	1236	82	120	92	108
6:48:36	147	120	167	137	176	176	196	417	112	79	86	80	133	149	138	153	174	246	182	394	93	97	65	111	186	155	184	179	147	224	180	417	116	88	97	114	127	146	164	140	159	205	176	365	115	82	105	110	142	190	236	208	184	356	176	1467	133	78	88	88	176	167	239	242	181	345	134	1605	109	95	67	108	191	172	235	165	169	330	170	1560	111	80	76	75	204	151	247	130	206	360	148	1321	121	92	70	105
6:58:36	161	153	148	176	162	194	133	404	110	94	118	94	148	168	158	157	168	216	191	406	74	107	67	102	171	149	170	186	159	242	137	412	113	100	101	72	151	188	150	195	173	211	178	431	137	83	67	71	129	194	284	207	188	337	219	1630	122	92	67	108	196	182	244	207	164	355	198	1700	127	91	114	73	164	205	255	167	177	364	168	1652	118	86	68	105	157	146	244	170	156	364	181	1542	108	89	94	76
7:08:36	177	142	159	183	163	219	201	369	93	89	95	79	135	192	174	170	198	229	166	411	86	91	81	90	163	151	163	194	175	212	168	439	113	103	86	70	167	176	168	191	148	222	149	453	121	94	57	77	148	146	249	197	168	382	182	1661	122	102	75	58	172	176	250	205	189	395	199	1832	93	99	95	103	147	212	262	191	200	397	201	1683	111	76	66	84	143	183	250	215	172	366	201	1571	104	89	51	87
7:18:36	163	164	148	172	155	207	169	409	108	111	108	74	126	155	141	184	190	246	178	451	74	78	99	96	149	179	189	199	181	258	209	462	78	111	90	84	151	169	197	185	163	229	159	450	98	99	80	102	184	141	255	201	185	391	206	1790	128	99	71	95	200	182	243	229	168	417	196	1928	115	85	88	85	171	214	275	212	146	401	183	1728	117	100	110	72	184	178	228	229	183	388	205	1676	86	94	95	91
7:28:36	151	176	131	183	181	204	179	449	98	61	109	77	153	149	171	179	139	236	193	474	83	67	77	99	128	198	215	163	204	281	216	497	100	122	92	87	155	184	154	190	186	228	214	489	97	100	73	121	193	184	270	238	169	446	237	1825	110	92	73	83	170	175	260	201	196	448	214	2043	117	72	107	78	161	198	287	167	182	411	234	1823	117	116	97	102	135	147	262	190	169	408	188	1747	139	60	106	79
7:38:36	143	175	183	165	128	255	167	469	113	84	91	70	140	192	175	208	182	287	196	497	108	91	54	100	160	177	183	148	197	275	187	482	118	70	99	86	172	188	150	195	176	269	179	490	131	82	118	86	201	182	273	234	215	416	217	1792	118	68	71	99	193	180	283	219	218	446	222	1978	125	84	79	105	182	173	256	198	202	435	207	1820	90	99	46	51	171	202	258	223	212	411	200	1833	108	63	81	76
7:48:36	135	160	184	175	166	231	158	457	112	92	69	97	140	219	209	192	198	265	193	529	132	108	120	87	151	178	142	166	201	266	229	504	109	89	86	102	203	177	145	215	172	263	180	498	111	75	79	74	158	209	316	259	204	430	245	1841	87	75	86	100	168	180	254	217	200	478	237	2078	118	77	68	43	159	175	315	219	187	455	258	1889	125	72	96	99	191	180	275	189	181	428	250	1937	80	88	109	81
7:58:36	167	208	171	199	183	288	208	499	104	107	88	86	161	205	201	196	225	296	197	490	131	91	80	102	167	189	176	205	190	294	206	465	120	72	112	46	155	192	191	233	181	274	188	522	111	79	117	93	175	194	297	241	202	442	223	1885	148	110	98	60	162	208	317	242	224	473	248	2140	87	74	73	76	174	210	324	227	255	474	221	1948	128	74	91	127	185	175	283	242	238	439	228	1948	102	110	76	66
8:08:36	156	167	176	219	147	257	174	505	93	70	61	71	181	190	211	196	196	259	229	510	105	89	77	72	170	196	177	204	204	253	230	489	151	79	100	41	157	188	207	191	185	269	180	505	122	112	100	97	157	202	314	235	195	463	260	1886	118	98	80	77	178	188	282	233	205	489	227	2113	104	96	93	52	198	201	305	242	199	484	266	1981	116	70	106	81	188	208	250	223	227	458	244	2000	98	85	85	109
8:18:36	146	198	145	210	203	237	211	469	106	103	87	44	141	193	206	189	209	309	252	534	112	97	119	106	170	215	211	234	177	283	210	535	56	71	79	84	182	208	215	205	179	295	215	526	153	78	92	88	216	210	301	273	217	482	251	1889	119	72	88	101	193	198	317	236	215	510	249	2135	104	72	91	87	210	153	326	251	240	477	248	2039	106	101	87	101	197	235	292	238	240	460	221	2009	131	112	72	70
8:28:36	169	205	163	202	192	271	202	507	84	91	113	81	184	190	188	218	195	277	210	541	117	80	58	92	169	196	211	194	207	294	210	490	88	90	94	69	193	190	229	230	221	273	187	549	108	97	59	58	195	226	324	223	188	493	247	1951	114	119	125	80	221	227	305	270	247	495	278	2220	129	108	111	84	188	203	326	247	242	485	265	2084	121	42	86	83	162	206	298	250	206	467	223	2062	101	101	101	82
8:38:36	173	198	209	180	210	280	203	506	112	90	96	96	198	205	175	182	193	347	231	496	93	79	114	119	183	221	197	232	220	298	209	523	90	68	89	93	194	200	211	196	222	298	217	572	115	88	86	108	150	235	347	242	210	511	295	2038	90	111	39	79	207	210	299	261	250	514	279	2240	98	98	69	111	205	206	344	257	240	506	260	2120	105	67	71	94	194	235	289	246	238	470	261	2073	104	85	98	80
8:48:36	154	203	190	217	210	241	238	509	117	112	71	111	205	191	225	209	155	318	247	574	98	128	97	114	179	238	177	219	190	285	263	552	116	95	124	93	160	218	188	248	238	303	257	584	101	88	92	95	182	251	316	255	228	540	277	1988	125	75	84	113	198	230	310	288	243	571	252	2272	101	112	110	84	197	203	339	260	227	497	281	2171	134	85	103	57	210	221	315	242	215	507	250	2118	95	89	88	123
8:58:36	185	173	203	208	218	250	221	553	108	84	97	86	173	232	191	199	241	338	260	540	97	86	81	120	168	219	223	208	221	304	246	591	91	96	87	94	187	214	199	263	210	270	215	560	93	95	81	105	187	214	343	288	245	523	281	2080	133	55	91	92	225	216	328	254	265	552	250	2375	86	83	89	88	210	228	337	195	265	530	265	2116	119	93	94	99	177	243	335	256	272	532	279	2155	121	82	119	68
9:08:36	189	195	241	227	202	274	244	540	97	100	98	88	176	222	234	195	208	333	269	575	119	91	83	118	189	207	213	202	231	317	236	521	98	73	57	79	187	235	232	237	216	297	174	586	131	85	76	81	196	236	343	212	244	522	286	2107	99	110	65	78	235	247	336	223	238	546	261	2351	75	73	58	95	186	191	367	261	263	517	307	2237	120	84	90	84	154	193	370	243	269	502	237	2167	109	119	91	94
9:18:36	161	213	184	241	200	279	255	553	64	80	115	66	174	190	236	220	211	296	239	566	110	92	68	64	166	195	229	234	184	339	236	570	72	69	103	107	210	233	233	240	229	318	220	568	100	106	63	88	216	196	365	249	234	499	285	2104	97	79	105	91	230	224	356	268	231	578	274	2364	112	105	92	92	184	204	344	266	255	537	271	2242	112	96	116	92	189	258	376	241	248	535	244	2222	122	98	83	78
9:28:36	211	205	199	195	183	279	206	532	76	94	131	92	186	182	243	224	237	317	268	597	97	92	73	101	209	237	232	223	227	317	246	567	111	94	122	88	218	233	179	258	230	293	270	570	90	103	58	112	188	242	374	267	269	523	290	2157	104	100	83	71	273	207	354	251	235	583	306	2408	118	83	100	98	219	223	365	254	239	556	299	2299	85	78	81	87	199	241	356	264	290	543	268	2255	90	78	86	85
9:38:36	190	202	196	218	206	287	275	559	122	75	99	92	223	223	196	221	215	326	267	619	98	89	96	76	210	225	221	260	263	334	273	584	127	76	101	83	195	199	223	240	264	319	207	585	114	92	107	94	216	246	406	258	234	544	300	2195	87	84	95	89	265	254	365	275	252	596	279	2496	115	116	113	77	243	222	372	271	232	571	331	2304	80	97	99	107	190	249	356	236	256	577	297	2246	105	82	65	88
9:48:36	195	188	203	252	233	265	264	599	106	111	97	66	186	223	242	187	234	315	282	577	119	74	54	84	198	186	221	211	247	347	291	567	110	111	85	70	212	207	214	237	213	317	244	604	100	64	54	112	209	230	356	274	266	519	291	2192	122	101	110	95	250	231	372	277	246	599	329	2432	104	90	71	94	234	231	358	265	273	615	296	2337	69	91	99	107	227	269	350	226	272	551	271	2257	104	69	104	108
9:58:36	236	197	225	237	200	276	251	560	90	77	51	72	162	243	249	213	227	373	281	616	92	90	86	104	189	216	246	230	239	360	223	557	97	89	88	102	186	240	199	213	234	326	228	619	105	91	106	86	206	258	373	286	250	565	290	2164	117	56	75	87	230	225	362	283	263	610	318	2468	86	116	61	79	238	277	372	307	245	587	289	2315	100	75	122	47	204	218	381	255	275	542	243	2256	144	60	64	80
10:08:36	195	228	228	223	234	289	255	566	129	111	63	61	210	229	211	222	194	365	290	604	133	87	104	90	240	218	232	235	216	355	276	578	94	87	93	80	213	239	208	190	248	318	249	636	91	87	78	89	233	268	384	279	230	572	298	2100	130	96	77	136	262	255	385	287	249	608	305	2511	122	97	79	67	202	255	379	293	264	612	319	2381	121	89	70	72	223	239	357	270	266	548	263	2291	77	85	100	85
10:18:36	206	188	224	232	216	302	254	589	113	89	80	73	168	199	238	218	230	311	280	581	111	107	86	73	169	245	244	252	203	316	274	593	79	84	105	89	201	213	236	239	214	354	248	607	110	81	92	116	248	214	337	273	283	550	305	2247	95	74	85	111	258	244	379	306	244	637	329	2556	112	91	93	76	206	213	378	255	287	615	316	2414	105	96	60	59	251	261	359	255	219	545	279	2305	90	108	68	68
10:28:36	175	209	239	224	230	304	261	566	124	75	108	64	190	236	216	232	236	365	287	598	110	80	127	57	165	213	196	246	230	334	288	598	115	108	107	97	232	212	227	257	240	312	252	595	114	64	92	60	230	220	356	295	275	587	321	2177	116	81	124	74	273	260	350	295	276	609	278	2538	105	79	57	102	234	254	384	285	291	617	319	2383	66	90	107	87	230	216	362	286	269	572	271	2305	109	95	106	94
10:38:36	229	182	215	233	244	329	262	599	79	76	100	82	222	243	207	259	214	363	274	632	114	110	109	110	234	215	239	232	218	363	275	563	132	77	88	97	193	253	238	216	254	333	248	592	121	94	59	75	222	265	381	283	278	601	296	2219	96	67	89	67	271	217	391	289	269	628	329	2576	131	81	96	70	227	220	413	271	239	606	349	2483	109	72	58	101	221	269	361	262	282	551	281	2362	109	125	60	75
10:48:36	216	221	209	254	198	284	265	581	99	86	67	77	206	247	226	244	225	367	249	624	129	98	107	96	195	235	226	233	237	379	256	623	99	86	94	89	214	228	248	255	250	304	266	624	125	69	98	86	233	276	371	292	261	584	284	2331	126	79	55	67	242	261	375	271	277	594	316	2594	102	103	91	104	254	197	402	247	277	620	342	2483	104	98	75	72	214	245	382	285	261	601	314	2417	92	54	80	77
10:58:36	211	229	214	224	201	315	306	580	104	78	95	84	216	231	219	239	253	365	272	634	98	114	101	107	209	192	255	258	238	356	275	619	104	115	82	84	249	217	239	252	240	352	226	631	113	110	85	107	211	255	372	261	273	584	264	2280	132	128	76	82	250	248	369	283	283	652	326	2613	109	80	93	92	240	269	381	273	302	645	336	2497	113	102	124	79	242	271	394	282	267	574	262	2383	124	74	98	76
11:08:36	197	230	242	242	218	307	274	573	122	93	96	84	202	216	270	236	234	381	296	627	98	83	87	109	203	199	238	225	260	368	288	618	116	112	112	99	263	234	253	271	265	344	255	645	111	95	78	67	250	249	382	286	250	612	330	2281	115	83	100	81	271	256	350	294	272	624	296	2643	108	81	102	73	251	263	342	294	250	604	328	2550	109	95	132	94	251	260	374	274	264	597	265	2444	134	72	108	86
11:18:36	196	240	222	234	246	318	271	579	114	70	79	93	195	229	247	227	222	327	294	634	102	79	85	92	198	240	255	252	224	357	283	595	85	94	65	88	226	230	242	272	258	356	209	631	96	59	64	110	235	277	409	308	248	582	317	2330	111	107	97	84	243	307	357	296	288	652	343	2583	111	88	80	80	225	237	385	295	287	619	332	2480	105	94	99	81	239	277	398	279	292	576	279	2394	97	95	94	97
11:28:36	208	226	235	229	228	306	264	620	97	91	102	81	237	227	243	262	258	311	313	642	97	92	98	85	207	238	246	257	259	387	284	644	100	86	75	102	183	256	253	276	244	328	233	658	135	97	86	95	237	281	362	295	281	612	294	2217	56	81	109	92	283	283	393	309	288	655	330	2683	93	79	110	96	261	229	386	284	269	631	371	2483	103	121	77	97	220	282	371	290	233	585	307	2456	132	71	97	74
11:38:36	217	259	230	224	263	294	281	581	96	52	98	92	212	237	236	267	204	355	318	650	105	99	82	79	205	238	265	255	256	376	265	613	94	69	83	87	245	213	248	275	233	355	276	645	131	98	90	95	241	242	394	261	251	597	314	2224	118	108	127	81	224	251	395	300	281	647	314	2630	117	71	103	76	240	260	432	296	285	658	334	2586	96	102	89	89	252	266	436	286	277	593	308	2457	106	99	85	91
11:48:36	228	225	206	226	254	274	264	553	111	111	67	120	226	260	241	236	258	379	293	613	108	92	83	103	230	226	242	277	246	352	275	632	110	99	106	115	239	253	256	286	247	353	248	615	110	105	117	109	250	252	407	284	248	620	305	2196	130	72	78	100	266	272	385	325	289	621	316	2649	106	99	94	92	213	246	397	284	264	651	330	2557	103	92	90	87	207	256	418	300	262	569	299	2545	117	69	83	88
11:58:36	226	180	236	245	258	307	285	602	125	79	62	77	231	245	239	244	223	365	309	642	122	99	83	52	227	230	248	267	265	356	315	579	106	89	93	95	220	244	257	259	209	365	253	666	96	81	121	94	231	275	385	308	267	623	301	2296	107	75	69	92	257	236	429	276	315	638	343	2550	129	79	85	74	269	244	402	298	235	637	353	2575	102	76	68	78	207	247	389	272	285	565	275	2502	135	115	108	103
12:08:36	227	252	262	241	250	290	286	569	144	49	74	64	238	224	257	224	222	356	280	645	129	125	87	51	264	230	250	269	238	354	297	603	113	72	74	89	229	227	258	250	222	362	269	626	113	98	101	118	247	242	401	279	269	588	320	2282	94	64	48	95	273	290	384	265	279	690	337	2607	96	95	39	63	246	247	417	297	288	660	344	2557	117	89	108	95	238	270	394	279	266	614	279	2540	102	83	93	68
12:18:36	227	238	208	257	252	304	292	594	126	115	107	97	202	216	229	245	249	365	293	630	147	110	59	97	208	212	259	239	275	353	299	614	98	80	89	66	211	238	242	240	259	332	272	622	101	99	118	95	223	271	392	309	258	618	338	2252	99	85	106	70	256	305	406	318	268	653	319	2609	112	91	110	86	251	272	393	284	300	633	358	2606	127	77	63	118	224	255	374	301	264	604	310	2459	105	69	82	98
12:28:36	215	249	223	237	237	286	259	562	84	117	112	108	225	245	234	229	255	355	302	632	127	109	92	88	224	240	275	255	265	350	316	582	114	87	89	81	229	225	240	265	270	363	246	624	116	83	81	75	257	302	397	293	268	588	303	2216	125	106	84	88	268	266	420	289	298	640	329	2537	89	84	107	78	237	268	422	292	275	659	354	2495	99	114	114	107	220	276	381	305	257	604	289	2459	89	74	117	98
12:38:36	247	218	208	248	239	284	250	591	89	123	112	107	233	273	227	243	233	352	285	626	133	78	125	78	214	230	248	241	247	355	296	591	88	77	105	104	252	254	231	269	251	351	275	612	98	101	93	120	268	251	417	256	291	610	329	2162	95	78	85	69	295	284	417	323	312	647	352	2559	104	80	76	87	257	249	411	289	289	636	341	2478	104	82	105	97	243	265	442	290	287	621	290	2447	82	48	107	81
12:48:36	208	225	224	247	231	354	294	564	108	86	94	83	245	229	227	244	259	409	307	597	111	87	67	105	232	243	220	225	283	342	278	578	103	82	89	62	225	223	269	247	245	347	237	611	126	66	99	78	260	281	397	300	271	590	345	2072	111	64	99	69	246	289	418	305	254	609	348	2507	102	62	87	43	245	247	406	273	274	655	329	2448	86	85	90	63	248	291	388	282	262	590	307	2292	99	117	89	51
12:58:36	223	252	233	252	217	274	266	548	91	109	95	129	218	268	250	256	243	346	281	615	96	84	93	76	209	223	244	246	260	344	302	555	123	80	76	85	227	214	227	255	285	338	245	583	74	79	71	88	238	262	391	278	281	580	349	2067	105	79	66	98	278	269	386	258	279	664	354	2460	97	77	85	93	215	233	402	288	286	651	327	2326	88	60	84	78	234	253	379	315	250	585	298	2273	97	101	100	90
13:08:36	235	231	236	283	243	304	287	537	116	109	81	74	237	234	221	246	263	358	289	587	98	110	109	59	247	236	266	231	242	349	287	565	100	108	93	88	229	217	255	253	232	341	269	562	97	108	78	92	269	240	376	263	278	543	328	1975	84	124	102	76	266	270	413	268	260	629	332	2411	87	96	57	66	272	282	403	308	299	635	345	2265	123	88	82	81	256	277	387	301	287	574	299	2285	93	85	119	79
13:18:36	242	223	222	246	235	295	267	540	114	99	90	107	211	261	259	266	251	348	291	584	132	96	91	79	251	210	264	227	263	346	257	557	99	62	99	96	257	248	248	234	242	325	269	566	112	88	97	79	248	273	387	265	261	540	292	1949	109	84	98	90	274	312	382	326	294	646	323	2344	86	102	95	86	272	235	388	266	274	618	332	2175	85	91	62	72	227	259	396	273	262	563	318	2160	94	80	130	55
13:28:36	242	227	245	234	220	238	273	525	99	124	98	100	231	258	225	205	231	369	270	559	97	63	81	86	242	244	272	240	281	302	291	550	105	82	74	96	244	266	232	247	283	334	258	520	139	88	65	92	243	253	380	288	266	564	312	1878	89	91	69	89	237	265	377	274	275	613	320	2273	101	94	72	97	268	267	376	276	285	599	304	2101	86	77	88	85	245	274	409	270	260	563	283	2164	95	95	66	78
13:38:36	219	224	209	233	238	271	264	492	105	71	104	86	225	256	234	259	240	322	280	519	99	81	85	101	207	229	226	250	250	312	271	542	118	91	94	65	228	224	258	245	243	326	264	524	117	91	96	96	235	268	351	280	272	554	328	1810	125	89	99	72	276	275	372	274	292	564	305	2158	109	94	109	102	252	269	393	313	297	609	314	2065	131	78	83	100	256	264	376	255	285	562	308	2011	88	56	85	76
13:48:36	209	232	230	242	241	281	272	485	70	98	109	74	206	249	233	234	259	354	276	506	98	92	83	81	199	204	244	238	257	338	285	516	127	109	101	99	230	250	252	274	247	323	246	478	121	71	95	85	251	285	379	290	228	533	328	1755	107	78	83	96	262	257	376	265	288	559	331	2087	93	87	82	70	251	236	387	229	268	575	364	1965	112	116	81	56	231	273	353	261	255	563	295	1920	113	91	100	90
13:58:36	247	231	235	204	230	299	287	482	93	74	87	94	208	261	252	250	242	325	292	508	115	122	101	82	230	221	234	226	257	361	274	490	99	104	81	92	254	245	228	244	265	314	242	484	114	130	108	61	251	223	388	257	254	509	304	1724	106	109	58	90	241	261	355	262	294	573	313	2086	134	80	84	80	245	255	345	271	289	570	354	1929	110	102	98	98	232	244	344	269	285	509	299	1821	82	74	87	87
14:08:36	207	232	256	245	210	286	271	451	116	60	80	99	226	241	241	245	242	343	289	492	94	89	77	79	228	213	234	245	263	317	264	492	138	76	80	49	229	246	218	230	235	328	282	516	98	83	103	91	262	257	364	244	232	523	286	1642	112	80	69	85	263	252	379	276	269	526	313	2000	100	82	102	85	242	217	382	271	268	548	324	1787	107	97	94	68	252	256	347	278	249	521	271	1805	123	76	98	91
14:18:36	234	230	230	251	224	299	278	492	100	100	93	61	195	219	268	254	239	314	265	487	108	91	86	75	214	229	231	242	233	336	242	471	117	96	117	92	219	212	229	230	261	325	239	444	111	110	101	91	233	264	339	248	267	494	319	1561	121	85	77	87	251	246	352	274	250	518	327	1919	106	84	75	87	235	239	363	279	260	547	332	1767	105	111	94	121	250	265	373	273	266	503	285	1756	109	85	85	103
14:28:36	206	215	234	241	282	298	247	453	129	71	105	87	190	247	256	230	250	342	291	503	101	114	93	83	234	225	233	264	217	325	264	495	113	64	78	74	229	236	250	241	273	289	263	456	105	95	87	78	234	257	332	250	258	486	280	1623	119	89	83	98	258	248	348	265	265	547	288	1948	126	79	92	74	230	239	386	248	249	553	330	1775	128	80	92	85	229	271	367	266	274	487	270	1760	97	85	79	65
14:38:36	228	184	235	264	246	292	262	469	142	93	101	103	222	243	223	253	217	306	270	474	99	99	78	109	212	239	260	233	251	316	294	502	124	69	81	105	282	231	276	226	240	300	268	475	116	104	80	62	240	261	308	247	225	488	275	1638	101	121	98	107	271	250	369	284	251	508	319	1889	109	91	80	82	250	256	353	258	285	530	301	1684	103	70	103	86	231	235	356	262	256	490	267	1710	107	75	115	96
14:48:36	211	248	226	234	256	267	281	469	93	112	103	89	245	231	238	220	224	323	290	480	94	75	120	84	233	246	233	243	283	302	277	461	101	78	92	77	220	261	215	247	268	292	247	493	109	72	71	65	243	235	353	275	228	443	292	1619	135	92	91	107	244	248	327	246	293	504	276	1804	86	84	86	110	258	276	350	266	270	524	298	1669	113	74	101	99	230	240	333	245	247	492	274	1640	120	85	110	111
14:58:36	243	259	256	250	250	290	292	453	129	78	82	73	210	231	232	250	220	303	293	487	110	118	103	103	258	226	228	270	225	327	289	455	114	104	116	81	227	235	242	254	235	314	266	440	92	81	89	110	219	248	327	241	255	500	295	1579	92	77	90	109	232	269	326	268	266	482	292	1795	94	85	52	73	221	280	348	240	233	471	306	1642	124	74	79	70	252	219	337	246	256	492	288	1674	122	103	76	120
15:08:36	252	226	243	247	249	297	253	439	104	101	93	86	229	225	214	219	239	308	259	463	118	121	90	67	227	234	256	201	239	322	257	485	113	81	86	98	216	206	255	251	251	334	269	471	109	75	112	110	227	253	359	280	252	470	316	1497	87	69	94	87	261	245	328	238	256	468	297	1699	88	69	104	53	241	255	374	267	247	510	294	1604	111	79	71	65	244	270	326	282	224	474	291	1546	98	83	75	82
15:18:36	208	238	207	252	258	260	261	438	87	92	87	81	256	245	216	233	214	307	264	458	111	77	97	85	224	250	258	229	233	316	249	476	124	85	79	70	203	236	223	239	222	318	227	480	80	90	100	84	259	256	331	242	251	449	268	1516	96	74	80	117	249	230	334	272	280	516	290	1656	81	71	57	80	210	194	340	240	257	460	291	1599	105	88	95	87	257	243	331	271	213	463	279	1553	98	78	82	69
15:28:36	190	243	258	228	259	314	275	433	117	116	91	79	200	206	224	276	264	309	259	447	90	91	54	71	242	250	264	218	262	292	257	445	95	88	94	104	255	226	243	247	227	274	237	425	143	99	79	90	213	247	287	272	253	438	268	1451	103	74	102	78	230	252	336	257	262	496	283	1638	98	93	84	102	253	217	350	251	248	468	314	1582	97	84	97	114	207	248	290	221	228	460	283	1517	110	81	100	91
15:38:36	219	228	215	218	251	284	215	476	94	103	88	96	222	218	245	205	225	339	253	442	117	64	57	91	222	246	245	236	221	269	270	436	107	98	81	63	243	247	245	215	246	286	229	443	118	100	86	75	230	235	361	247	232	486	310	1475	97	93	90	94	216	248	343	301	258	481	280	1623	104	99	109	58	218	234	323	281	246	485	309	1611	110	80	81	90	240	268	297	270	228	461	281	1552	121	69	89	95
15:48:36	218	205	239	256	239	242	264	415	120	98	135	109	213	242	254	251	246	297	250	470	95	112	98	89	236	251	200	182	247	287	278	448	115	93	131	87	187	232	230	270	241	308	268	439	118	80	60	79	229	213	332	260	246	451	299	1489	120	127	59	96	238	234	305	257	263	440	300	1585	77	118	97	79	230	265	328	216	248	460	283	1514	127	78	83	95	219	226	355	217	260	427	250	1544	104	87	100	73
15:58:36	227	250	229	245	215	258	253	425	110	84	116	99	234	226	242	247	213	298	239	473	98	78	99	108	247	250	208	238	270	309	293	440	130	98	72	64	235	201	250	262	215	303	247	480	126	95	70	81	251	236	291	260	236	443	271	1490	123	55	103	64	243	236	306	261	235	490	292	1639	103	97	96	72	234	208	344	270	250	452	263	1558	119	94	103	109	239	202	299	218	242	426	273	1526	100	75	56	79
16:08:36	250	203	204	237	230	244	263	462	64	111	70	66	220	231	259	268	236	299	250	454	74	99	83	85	235	225	227	220	228	278	246	423	108	76	78	83	240	229	214	231	229	283	253	414	111	95	84	76	213	257	320	277	247	472	287	1477	78	112	85	71	261	221	342	246	279	464	310	1570	100	103	83	104	245	217	319	250	266	438	312	1536	112	73	63	72	263	239	309	258	268	433	269	1492	106	85	83	78
16:18:36	244	227	255	250	231	306	261	448	97	86	114	86	202	195	246	211	247	306	244	442	95	109	80	88	237	240	249	222	243	299	247	476	115	103	99	88	213	236	231	239	219	276	243	390	106	81	91	101	207	258	282	245	255	405	268	1463	93	101	114	82	222	246	310	290	232	478	278	1517	125	102	55	83	230	232	321	247	240	470	279	1454	105	71	71	115	249	279	301	292	254	454	265	1500	99	81	109	89
16:28:36	191	243	208	226	226	254	254	409	101	97	80	98	223	235	237	270	194	322	271	447	105	67	73	104	245	236	246	260	221	261	254	461	113	98	84	102	210	224	264	209	248	306	234	434	94	99	104	115	227	233	306	257	258	424	294	1467	99	92	77	93	221	222	322	242	248	490	250	1565	122	60	74	95	232	230	324	262	273	481	291	1459	74	91	78	94	232	239	314	243	244	437	235	1484	105	119	72	79
16:38:36	240	256	234	231	223	255	259	404	111	77	107	98	222	228	246	234	218	306	280	446	128	113	115	82	242	210	235	252	254	296	276	442	102	90	82	82	245	219	229	212	245	301	232	436	96	95	49	72	236	231	294	233	247	446	285	1441	57	56	84	84	233	233	340	280	245	420	290	1551	134	85	63	97	233	249	318	262	206	468	285	1503	120	92	102	98	233	238	304	233	226	402	252	1459	106	59	101	86
16:48:36	236	252	249	244	246	260	282	421	73	85	90	87	198	227	207	228	245	331	263	432	97	83	107	97	213	225	232	251	204	286	270	470	107	73	101	110	216	214	248	246	239	282	257	407	104	96	109	62	232	250	317	241	248	415	268	1396	122	87	74	74	235	286	310	296	273	425	276	1534	103	73	83	89	247	234	313	241	249	492	302	1468	98	47	102	57	218	212	311	257	245	416	293	1477	124	92	94	77
16:58:36	176	224	234	245	271	274	262	397	135	80	79	94	219	266	226	244	258	287	302	452	80	70	97	50	208	212	202	240	248	327	266	468	83	104	125	108	223	209	250	229	215	291	258	444	96	90	104	84	235	216	311	294	227	419	299	1431	136	99	99	106	261	260	330	254	272	405	273	1561	99	70	81	90	252	230	366	198	253	464	271	1448	141	92	105	64	239	240	330	222	240	472	286	1458	97	107	105	75
17:08:36	226	229	252	242	228	270	256	428	110	106	93	82	236	216	233	222	210	307	249	426	103	92	93	87	254	224	214	225	232	302	226	416	118	89	66	83	228	229	194	232	232	280	227	430	118	105	75	90	267	250	330	250	235	407	298	1450	93	78	75	109	239	261	330	281	229	468	272	1538	98	85	68	71	245	248	320	251	242	467	333	1433	102	85	117	73	262	234	336	240	243	438	284	1454	114	90	84	96
17:18:36	237	248	221	221	208	261	232	431	118	80	82	66	191	242	277	250	222	300	255	411	118	101	121	102	209	230	230	234	213	281	258	416	115	93	110	110	209	279	226	261	264	295	245	437	109	110	77	84	243	226	336	260	242	436	286	1401	101	92	94	85	246	252	317	262	254	443	290	1554	131	87	59	51	225	233	312	262	234	453	258	1438	83	90	80	46	269	246	290	286	246	413	267	1384	131	76	116	67
17:28:36	248	210	226	207	249	265	255	437	75	105	86	65	181	226	233	263	212	273	245	429	100	93	111	86	196	219	239	215	215	297	251	437	113	86	112	61	238	219	217	260	270	278	264	395	103	95	85	77	210	246	300	239	241	427	284	1378	112	93	78	81	233	255	321	249	217	466	283	1564	81	70	85	99	235	223	326	286	237	462	292	1428	111	100	81	73	231	231	321	255	253	426	264	1420	102	113	105	118
17:38:36	206	194	208	236	229	274	231	447	86	104	121	86	217	250	257	220	234	305	247	443	125	79	104	78	212	231	231	217	251	289	279	453	126	100	72	82	227	195	251	227	238	283	270	397	139	110	81	112	215	244	309	287	263	422	270	1387	102	83	135	102	234	227	333	293	282	434	275	1510	105	85	102	113	228	221	332	247	248	460	265	1405	127	72	62	99	252	248	285	238	243	456	234	1436	99	109	64	111
17:48:36	213	216	203	228	256	299	254	412	109	78	114	101	213	246	247	251	222	297	284	418	90	103	55	81	279	193	219	226	236	310	266	452	118	111	91	81	207	246	226	231	235	288	278	419	106	83	95	109	256	226	296	242	225	443	283	1432	144	75	79	63	224	268	302	287	259	463	264	1512	103	96	110	92	234	260	332	267	232	416	296	1403	103	93	83	79	241	243	313	239	268	455	263	1393	111	85	85	99
17:58:36	230	234	209	241	214	286	243	393	93	89	110	74	221	231	204	220	220	326	249	442	99	105	88	99	223	254	258	253	197	311	220	447	115	87	94	96	242	249	198	229	238	277	245	442	105	82	122	85	224	237	308	283	232	468	267	1414	102	102	76	98	231	258	306	230	302	469	296	1559	92	84	98	94	241	255	343	259	236	473	282	1483	101	62	61	77	257	238	288	277	249	465	256	1454	106	111	85	70
18:08:36	212	228	269	214	265	260	269	392	105	95	108	113	211	256	221	242	230	320	262	447	119	82	91	107	238	228	244	235	214	292	293	436	118	104	71	100	229	227	234	218	205	273	300	406	74	75	60	92	264	258	324	259	263	423	292	1423	139	106	78	76	262	231	319	242	266	467	260	1510	104	89	104	95	238	268	295	226	227	428	297	1448	105	94	85	125	255	237	319	261	219	430	290	1445	122	98	81	84
18:18:36	211	244	234	243	252	304	255	441	128	92	108	76	220	212	216	234	260	296	277	421	131	62	61	126	233	248	263	203	254	305	238	440	122	81	90	70	232	229	230	241	235	276	254	438	111	84	74	72	264	267	324	276	259	423	266	1407	121	79	80	61	249	268	336	273	244	452	279	1537	89	103	79	91	224	260	313	230	260	461	286	1433	104	98	72	83	243	203	281	237	240	433	254	1458	69	66	67	45
18:28:36	241	233	238	248	214	284	224	435	126	75	77	106	234	222	250	253	265	303	256	424	103	77	94	106	237	225	221	246	223	280	275	452	100	56	85	98	213	241	243	237	255	297	294	421	131	117	79	51	246	245	330	253	246	454	272	1390	135	84	94	104	232	214	320	250	252	427	280	1567	112	90	109	73	211	224	341	229	266	457	273	1473	98	67	120	105	236	223	314	241	254	423	289	1467	126	139	91	76
18:38:36	216	247	248	231	216	250	246	428	103	113	57	86	219	258	246	264	234	330	258	466	96	94	91	63	237	231	249	269	245	292	227	440	121	85	112	110	239	201	219	243	243	305	220	417	119	108	72	71	238	247	318	251	259	430	276	1413	64	83	88	101	221	255	302	288	257	440	257	1582	107	85	88	85	266	259	313	279	262	476	280	1447	79	87	90	107	234	234	324	269	243	466	273	1469	116	88	65	86
18:48:36	238	230	223	227	216	294	214	431	102	75	80	92	234	252	238	228	255	287	259	431	99	68	78	78	216	228	256	227	228	312	256	449	158	75	66	104	252	226	256	253	246	293	235	407	120	89	62	87	228	237	299	257	221	429	299	1427	88	84	77	97	267	262	328	233	238	466	278	1572	119	60	82	86	248	275	343	270	261	456	270	1488	90	54	80	76	216	265	327	266	261	448	292	1477	106	60	81	57
18:58:36	204	240	230	249	226	278	233	415	109	86	91	85	222	210	278	218	252	295	266	447	98	103	84	105	224	243	253	225	266	273	222	447	104	97	85	69	231	238	233	211	249	253	245	439	103	104	89	91	227	249	329	254	236	449	318	1384	106	88	77	116	227	263	350	268	259	446	268	1570	117	72	79	48	243	235	345	260	222	461	272	1448	130	99	64	89	260	229	292	271	245	439	256	1441	115	61	76	72
19:08:36	272	246	224	252	249	305	232	413	108	70	88	83	213	214	237	256	239	295	263	474	81	104	97	89	245	235	238	239	236	301	259	439	108	83	80	91	250	223	238	223	236	302	275	415	129	96	109	56	222	286	301	262	271	443	284	1354	91	90	104	116	209	257	335	276	262	454	299	1569	131	43	88	69	228	267	326	264	284	449	310	1451	103	115	108	87	227	252	310	246	282	419	241	1463	114	82	73	99
19:18:36	224	223	232	236	232	276	267	436	142	67	76	82	248	230	221	253	231	319	234	432	125	90	89	104	209	224	228	225	249	296	255	431	96	100	65	107	191	227	254	250	228	304	254	404	133	74	85	77	246	244	298	272	255	466	273	1332	126	87	91	95	243	250	328	274	239	459	304	1601	107	84	70	82	260	260	325	293	247	467	304	1439	113	96	73	66	229	251	329	276	252	411	249	1460	77	68	97	84
19:28:36	222	225	229	242	247	282	242	389	145	79	96	54	219	221	233	237	202	280	264	422	114	74	113	81	227	266	241	244	222	277	234	417	107	92	78	84	234	245	226	243	271	269	234	417	140	117	54	74	262	257	282	249	287	430	282	1327	60	110	81	96	251	253	336	240	262	444	298	1544	77	78	81	68	223	231	351	260	281	466	295	1426	103	112	87	95	230	263	318	238	253	414	259	1383	100	105	90	92
19:38:36	209	267	238	242	224	292	231	412	107	95	84	79	207	260	260	245	217	299	278	447	135	98	92	87	212	229	251	249	253	264	248	398	109	105	106	88	229	231	257	273	226	296	249	372	101	88	76	88	226	247	303	275	223	398	274	1330	98	88	100	73	271	238	305	294	233	446	274	1464	109	64	107	113	223	235	327	260	249	447	282	1351	80	88	80	72	252	235	291	248	277	428	242	1358	121	98	97	100
19:48:36	219	248	245	228	224	271	262	384	120	89	88	71	196	236	246	220	252	260	225	401	81	100	54	92	214	240	221	269	225	290	245	407	116	47	81	107	248	243	230	234	207	263	272	395	91	107	108	77	248	263	317	257	260	423	270	1283	104	72	107	80	244	252	302	292	265	431	293	1492	119	63	86	73	236	224	319	237	241	469	260	1367	84	84	87	74	183	221	320	296	276	434	279	1395	112	86	112	94
19:58:36	228	255	217	247	241	268	234	397	113	71	59	59	243	247	222	247	257	308	251	442	138	96	100	81	237	234	252	212	297	316	230	417	131	85	94	73	254	218	227	219	234	258	249	401	117	49	111	100	217	228	322	272	273	443	280	1273	104	84	115	74	262	252	297	273	273	458	285	1505	100	74	66	65	262	242	342	270	263	472	254	1361	109	75	100	62	239	199	338	260	241	446	286	1400	109	75	88	80
20:08:36	195	247	234	224	248	276	277	369	122	99	80	75	200	221	258	269	251	323	296	423	107	74	73	73	206	229	253	260	253	298	233	407	98	86	107	95	215	232	229	248	254	284	256	414	105	102	101	60	240	249	311	235	245	433	239	1239	102	91	63	95	276	263	340	257	285	462	271	1510	73	101	80	108	216	224	333	239	267	448	281	1321	101	118	44	65	238	254	290	261	248	428	245	1345	131	82	86	73
20:18:36	217	206	236	201	244	285	246	410	117	78	78	84	227	205	254	225	234	250	285	409	94	96	70	87	208	265	220	231	220	298	248	440	101	100	57	82	243	252	241	219	244	301	219	360	135	105	83	109	220	263	309	279	230	408	276	1225	99	103	68	61	234	227	311	256	249	435	295	1454	122	97	76	85	232	266	319	273	261	431	296	1382	114	94	76	120	238	221	304	275	232	439	303	1276	98	96	91	86
20:28:36	237	266	214	212	260	245	268	405	96	84	82	106	226	222	238	261	242	265	241	407	98	96	62	90	220	220	213	236	260	291	268	433	115	90	105	105	224	252	271	224	238	294	251	411	92	107	67	103	247	258	337	272	266	463	295	1152	83	86	125	88	274	222	335	258	265	456	278	1506	101	67	70	104	254	250	341	269	246	474	305	1354	87	74	62	86	242	224	314	246	216	444	253	1315	97	98	84	80
20:38:36	235	235	224	238	258	286	244	385	134	89	97	96	224	257	209	233	257	308	256	405	132	81	96	85	227	229	242	258	243	305	256	404	113	111	78	90	229	269	270	244	252	302	253	401	121	96	87	95	264	282	299	276	222	434	286	1138	96	83	83	97	215	228	330	247	269	467	265	1467	102	80	93	95	246	246	297	241	234	450	310	1356	111	81	81	62	232	252	300	233	225	446	250	1254	107	93	59	52
20:48:36	239	249	238	268	258	293	272	419	108	80	113	97	237	270	242	254	240	295	254	424	118	70	88	115	203	212	227	241	245	264	251	415	119	96	102	82	226	236	206	248	228	297	229	401	96	82	71	83	222	220	354	260	287	441	292	1125	117	93	90	72	263	244	328	238	256	471	286	1532	114	93	78	65	201	253	322	292	254	482	321	1398	119	70	129	70	225	255	292	216	260	436	301	1239	110	98	113	63
20:58:36	249	211	221	206	225	290	224	365	87	80	108	95	217	225	252	240	252	311	292	424	108	76	89	112	229	241	228	261	252	287	246	403	116	99	79	112	213	213	207	238	245	261	266	365	127	69	89	89	237	268	329	247	270	418	289	1145	149	95	90	94	242	254	366	236	261	431	293	1450	84	103	99	76	237	230	369	237	251	420	297	1309	84	77	94	103	249	252	318	254	257	448	322	1218	103	81	95	83
21:08:36	261	228	239	237	247	251	269	371	82	98	78	74	227	240	193	243	221	327	275	412	108	57	71	97	194	257	251	233	250	273	215	392	113	102	60	73	216	188	258	241	235	298	251	400	120	100	107	68	218	196	327	246	259	441	282	1090	87	75	105	93	241	241	315	268	269	448	293	1448	85	93	83	78	262	249	327	267	267	456	283	1346	107	60	75	90	262	259	324	277	253	449	263	1215	82	101	65	60
21:18:36	200	264	264	235	209	282	229	409	130	89	96	79	190	235	247	252	228	308	263	411	138	83	82	98	200	228	232	262	236	303	280	414	125	122	87	99	232	227	229	238	245	285	258	399	95	96	92	86	259	278	324	258	233	429	270	1098	97	83	98	78	259	273	322	253	254	442	274	1471	84	83	78	79	215	236	315	246	262	463	293	1317	116	106	83	93	216	247	309	233	240	456	247	1143	102	85	94	83
21:28:36	221	247	268	225	248	268	288	386	85	64	70	95	207	187	244	225	254	295	273	400	95	72	78	65	244	213	253	234	249	282	279	408	139	56	71	68	224	244	228	241	218	299	297	394	106	93	72	91	250	268	312	258	255	467	249	1076	83	67	83	67	239	264	303	266	254	438	279	1463	113	72	52	94	283	235	333	226	244	468	277	1254	129	83	99	82	228	253	314	240	279	408	274	1100	108	84	75	117
21:38:37	227	248	242	254	279	291	269	371	120	92	95	108	210	247	236	249	261	304	263	394	84	109	67	103	222	228	227	242	279	263	264	413	70	69	121	72	221	234	209	232	220	281	270	373	124	69	83	99	221	249	322	243	266	405	271	1095	103	80	72	47	245	238	337	242	269	399	304	1427	109	106	74	80	256	236	329	253	248	431	324	1255	104	81	77	98	252	274	302	265	248	435	291	1093	84	89	80	77
21:48:36	232	197	234	270	241	293	263	414	115	79	118	107	222	240	241	240	233	294	260	394	118	81	88	114	217	249	270	234	235	283	249	407	111	60	82	92	254	233	205	237	210	306	230	340	105	102	51	81	257	222	329	274	271	406	331	1074	73	91	98	99	261	252	313	248	272	432	269	1423	88	91	94	121	248	235	326	277	258	442	257	1205	117	78	93	89	262	235	333	263	249	425	262	1093	115	99	113	84
21:58:36	236	240	255	257	255	288	275	388	111	105	83	89	215	237	243	230	223	333	255	425	88	106	84	79	185	240	222	274	243	314	281	415	149	102	107	100	237	226	233	263	252	307	251	373	94	95	95	111	260	233	338	267	271	371	281	1095	123	70	79	73	257	263	289	251	270	388	293	1457	90	67	80	78	216	279	361	225	252	434	310	1157	115	100	101	87	246	271	315	271	258	424	260	1117	118	84	100	83
22:08:36	190	243	214	225	229	281	248	377	104	100	93	90	226	247	241	241	231	269	282	380	115	76	80	76	211	250	249	251	256	287	313	406	115	72	96	116	219	237	274	272	218	283	249	380	98	70	53	79	238	261	298	255	241	383	287	1056	124	93	61	102	258	265	328	276	248	428	289	1403	93	77	94	103	244	267	332	249	274	406	322	1122	119	87	92	73	242	226	297	267	266	427	252	1113	83	85	94	69
22:18:36	230	249	244	269	241	265	254	387	112	78	91	102	176	222	245	215	223	286	283	379	98	86	85	88	203	261	228	236	241	310	271	397	98	67	117	74	256	223	239	266	243	302	222	380	118	91	71	98	211	283	304	295	261	379	312	1073	98	125	81	73	235	273	348	275	250	423	307	1462	107	114	90	54	258	229	331	260	253	455	301	1149	123	89	95	73	234	245	312	255	230	388	268	1134	116	108	83	113
22:28:36	224	241	240	243	241	286	236	407	122	81	92	89	238	242	239	241	243	302	288	404	111	85	77	85	201	266	222	251	232	285	248	385	111	73	89	82	252	247	253	250	252	290	252	343	118	71	69	93	255	266	356	249	278	402	298	1063	143	56	55	110	264	251	323	241	280	426	309	1405	121	85	68	89	249	248	323	277	271	447	303	1122	115	91	96	110	270	228	306	291	236	438	233	1123	99	91	101	126
22:38:36	239	251	234	225	232	274	256	365	72	91	94	67	201	254	247	226	244	297	263	397	112	45	86	71	232	237	218	269	210	289	265	420	113	96	103	71	269	227	244	250	212	275	262	377	89	73	85	70	259	228	322	248	257	380	277	1041	90	65	74	67	238	225	282	249	253	456	288	1398	132	83	112	76	242	245	309	272	241	451	271	1120	117	99	91	83	246	254	303	255	256	403	280	1070	129	88	108	59
22:48:36	266	227	250	246	248	268	244	366	91	81	106	84	228	239	257	234	252	283	254	392	132	125	94	78	211	255	246	237	249	292	238	388	98	88	112	68	205	248	241	248	230	296	273	368	99	91	87	83	235	267	327	291	274	361	277	1067	151	66	113	95	269	257	328	241	239	429	269	1369	113	73	102	106	243	265	339	242	292	435	276	1121	98	81	79	86	274	242	290	248	254	405	275	1103	110	125	78	77
22:58:36	258	242	254	241	222	270	282	374	87	116	97	110	214	271	261	256	239	297	268	381	101	88	100	44	239	252	298	256	245	273	234	367	129	114	99	78	250	243	230	249	230	275	244	363	95	91	69	75	224	245	327	234	229	384	278	1030	87	92	86	67	245	276	320	271	259	410	297	1364	110	129	92	73	251	267	307	288	273	428	295	1082	80	77	95	73	187	254	304	255	254	384	258	1124	134	70	82	58
23:08:36	240	230	231	263	249	264	263	335	105	105	74	90	218	227	268	240	268	284	254	368	101	82	107	88	221	224	236	236	246	312	272	371	109	116	93	86	255	253	241	253	239	305	280	400	97	86	89	85	233	238	301	243	256	325	296	1028	95	89	112	76	246	267	315	257	281	378	333	1354	96	69	89	96	264	247	326	240	231	411	301	1067	78	64	56	68	238	269	287	252	250	394	288	1022	125	89	91	86
23:18:36	245	240	267	255	244	302	266	354	119	92	56	89	209	233	251	238	242	262	257	413	121	67	95	87	192	266	254	265	250	275	248	379	113	80	83	104	254	257	241	265	256	289	269	381	125	90	121	95	252	259	304	275	272	339	260	1035	102	100	100	91	250	255	297	283	271	366	283	1356	113	90	71	89	226	262	329	286	266	420	269	1109	121	78	96	97	251	289	320	282	249	385	288	1007	98	96	90	81
23:28:36	204	236	247	229	231	281	237	376	116	105	96	64	217	216	267	265	234	308	297	395	105	76	92	81	207	224	238	231	228	268	257	390	123	111	75	120	243	247	224	258	271	302	265	358	97	93	68	91	250	240	289	256	267	371	277	1002	109	117	91	111	258	242	310	249	269	397	279	1358	105	70	110	80	238	248	339	284	213	388	301	1111	119	96	57	102	232	259	319	260	283	385	306	1022	97	80	74	57
23:38:36	241	237	247	254	245	296	267	380	96	92	86	69	214	237	239	263	239	296	242	381	125	97	78	68	226	235	253	226	274	270	241	370	112	89	90	91	253	230	278	229	216	292	275	369	109	107	70	93	244	251	305	258	275	370	279	1044	86	72	75	89	252	226	334	277	265	418	302	1390	94	84	81	71	276	248	353	251	244	418	276	1085	102	123	73	80	254	259	305	285	214	394	275	1040	117	76	56	90
23:48:36	232	212	231	231	260	264	262	374	101	63	87	84	189	223	230	246	240	290	278	390	123	65	92	60	202	245	244	249	235	320	238	381	104	108	81	86	226	230	228	245	241	267	281	358	111	80	89	99	245	261	311	272	238	352	304	1017	106	76	102	117	237	246	308	270	238	404	283	1347	118	104	78	85	259	229	327	265	252	404	277	1086	80	76	87	84	244	241	283	264	249	368	262	1014	115	100	55	73
23:58:36	219	222	241	207	245	311	248	347	101	119	73	81	228	239	230	252	261	296	266	383	111	100	97	95	211	239	249	242	216	271	228	394	78	87	91	102	210	243	246	203	222	271	243	399	78	91	95	89	266	265	330	264	263	362	281	1039	61	108	65	49	236	264	323	252	287	364	291	1351	106	54	86	84	258	248	338	238	279	396	288	1084	95	83	39	121	256	233	286	259	249	367	300	1010	99	109	88	95
24:08:36	241	241	270	246	256	267	245	402	102	92	83	77	226	246	244	259	225	300	255	391	99	95	91	90	218	255	198	262	231	296	250	388	133	93	117	108	252	290	247	232	219	269	273	349	101	86	102	59	240	237	307	287	257	387	252	1007	98	97	114	80	233	233	314	270	256	400	286	1291	108	60	78	80	283	253	314	228	249	380	243	1039	102	93	96	106	249	255	336	250	242	363	296	1096	121	102	95	84
24:18:36	236	253	254	246	260	285	239	383	92	78	98	97	231	270	247	240	230	278	280	338	115	80	60	85	239	268	203	270	249	266	262	354	90	107	67	90	190	273	214	267	245	266	233	378	98	86	113	96	279	262	271	247	292	376	289	1052	98	94	91	93	282	266	345	268	272	362	292	1244	93	115	58	81	235	264	329	247	251	359	292	1037	121	113	57	101	254	268	328	241	222	363	274	1042	103	83	69	78
0:00:00																																																																																																
0:00:00																																																																																																
0:00:00																																																																																																
0:00:00																																																																																																
0:00:00																																																																																																
0:00:00																																																																																																
0:00:00																																																																																																
0:00:00																																																																																																

