mScarlet-i:570,593[2]

Kinetic read	A1	A2	A3	A4	A5	A6	A7	A8	A9	A10	A11	A12	B1	B2	B3	B4	B5	B6	B7	B8	B9	B10	B11	B12	C1	C2	C3	C4	C5	C6	C7	C8	C9	C10	C11	C12	D1	D2	D3	D4	D5	D6	D7	D8	D9	D10	D11	D12	E1	E2	E3	E4	E5	E6	E7	E8	E9	E10	E11	E12	F1	F2	F3	F4	F5	F6	F7	F8	F9	F10	F11	F12	G1	G2	G3	G4	G5	G6	G7	G8	G9	G10	G11	G12	H1	H2	H3	H4	H5	H6	H7	H8	H9	H10	H11	H12
0:07:56	110	96	105	124	109	85	120	102	142	77	76	70	80	124	103	156	91	124	107	119	125	110	89	121	138	138	99	106	103	93	115	141	128	105	96	93	109	76	121	112	116	120	138	96	94	108	108	113	93	95	138	109	123	141	108	124	130	88	147	80	118	91	100	111	105	133	129	142	108	86	91	104	127	80	95	86	140	125	107	124	122	138	91	108	149	106	97	109	112	126	100	89	124	130	65	107
0:17:56	114	106	131	71	101	145	106	140	122	109	96	120	117	129	101	108	100	98	95	114	135	122	97	94	126	104	101	107	89	99	107	134	109	120	121	101	140	161	123	159	115	135	97	109	113	111	147	118	146	131	142	142	124	128	116	113	116	88	112	131	120	139	107	110	128	119	139	134	105	92	109	102	102	129	138	114	144	121	100	130	122	100	109	97	110	130	119	133	119	126	112	124	86	80	106	98
0:27:56	111	105	121	112	92	149	122	113	94	107	112	105	100	132	78	106	138	128	151	114	102	73	89	126	130	129	131	125	132	131	130	125	85	112	103	122	93	103	150	85	97	111	94	104	116	114	102	96	110	130	115	124	103	99	125	116	118	80	106	136	95	127	113	95	130	115	123	112	100	128	104	104	124	124	123	140	119	133	123	125	101	120	150	92	107	112	149	120	98	120	107	119	117	94	92	68
0:37:56	95	164	97	80	105	140	102	117	102	78	61	100	126	117	111	96	87	111	141	129	131	112	130	101	92	102	135	132	124	159	114	120	98	119	174	97	89	103	155	116	114	124	145	145	131	97	161	86	95	132	100	119	93	140	121	138	138	112	101	116	117	78	96	125	139	131	141	121	110	135	106	143	126	151	91	125	128	133	135	142	106	102	100	117	127	76	111	122	134	124	133	114	112	96	85	115
0:47:56	113	100	81	138	79	136	90	141	91	92	99	99	112	142	131	106	98	124	123	93	88	149	110	127	94	93	127	137	105	122	112	140	131	122	119	129	117	120	176	107	136	69	134	110	117	97	122	113	95	95	116	107	140	96	137	110	99	97	110	109	87	130	95	98	119	114	152	132	125	75	88	138	137	111	114	133	148	77	79	128	110	93	113	91	131	156	124	126	108	130	80	128	105	112	111	92
0:57:56	93	142	120	106	108	120	123	102	113	112	103	85	99	135	123	72	114	120	135	119	133	87	110	154	120	128	135	139	103	104	125	119	119	174	110	108	115	126	115	119	84	96	140	133	87	93	111	116	108	113	126	166	118	146	159	112	156	114	89	80	132	130	116	120	134	80	118	161	116	84	124	139	130	109	117	152	122	107	110	103	116	79	96	97	115	161	77	112	79	93	85	132	107	139	118	75
1:07:56	146	125	152	100	174	108	142	97	119	92	83	102	117	140	112	128	117	145	110	95	117	92	142	90	123	122	136	95	145	112	116	167	135	146	105	79	123	81	123	133	132	120	110	127	114	79	108	106	130	112	130	132	108	121	118	126	116	101	111	106	105	145	154	142	156	79	114	131	91	123	117	121	117	92	154	107	123	111	101	127	114	88	103	110	121	123	100	135	106	102	174	136	118	114	86	131
1:17:56	100	101	134	81	142	154	103	148	99	93	115	85	80	141	110	146	92	116	113	92	114	118	107	110	125	97	99	136	107	117	117	110	124	113	139	131	120	110	87	121	103	128	122	82	101	128	78	123	118	151	143	154	110	159	125	135	133	68	85	77	152	170	121	141	163	154	121	125	153	78	140	105	110	127	115	138	109	144	171	125	103	133	110	97	124	144	144	109	139	132	109	120	73	88	133	88
1:27:56	80	118	146	102	102	116	78	128	115	95	91	90	121	132	149	112	163	135	143	111	116	127	85	104	119	148	124	106	123	93	140	123	119	100	132	91	132	104	117	96	96	95	147	112	98	82	117	121	140	177	157	168	164	148	163	147	106	107	134	90	149	176	152	142	126	150	129	150	149	103	125	97	164	146	110	118	142	144	153	140	123	103	82	152	116	142	124	170	173	161	134	111	115	115	130	126
1:37:56	93	116	120	106	115	122	132	100	122	101	92	124	132	85	117	121	93	114	113	121	93	77	97	128	112	88	128	121	112	96	109	67	96	140	134	90	128	120	100	141	100	150	145	101	119	70	98	116	159	178	159	171	165	149	148	187	94	107	135	96	160	165	194	180	172	177	150	178	88	98	101	86	181	207	161	199	153	178	149	148	114	133	100	92	161	168	181	148	170	165	120	169	110	73	106	66
1:47:56	99	124	105	134	126	121	93	115	157	98	137	100	113	130	108	118	116	119	104	134	110	106	108	89	141	105	144	123	116	110	153	147	113	115	73	131	141	108	133	83	131	132	114	133	119	62	115	94	239	226	171	199	239	185	164	168	121	122	101	106	183	206	199	253	158	188	213	193	145	144	109	95	219	198	273	195	228	191	188	205	112	115	92	130	188	210	200	221	171	237	161	203	125	123	127	98
1:57:56	99	128	68	107	95	88	153	118	129	96	58	103	158	131	135	149	128	107	137	111	117	125	118	138	93	107	114	120	142	101	132	146	149	104	137	124	147	159	111	152	111	88	95	131	86	78	107	115	213	237	227	297	219	291	207	187	112	87	133	109	234	233	229	317	213	220	242	243	89	78	130	119	191	236	221	204	226	183	214	244	101	115	102	112	195	248	260	256	207	187	208	207	104	88	102	117
2:07:56	114	115	151	91	84	153	107	110	124	102	127	116	106	93	92	118	140	143	85	122	118	139	130	92	123	105	141	122	108	127	118	124	103	85	99	90	124	111	126	99	138	117	113	131	134	115	78	96	274	336	311	310	254	295	252	289	130	108	122	89	262	286	281	313	271	269	286	316	125	110	122	108	276	282	305	322	210	264	246	280	121	113	123	112	222	299	303	310	256	280	275	319	156	117	123	117
2:17:56	132	134	126	99	151	102	137	124	150	112	116	114	148	123	124	116	112	130	105	136	102	109	118	143	125	125	102	140	93	112	107	75	70	116	108	110	132	127	148	95	158	139	85	111	141	80	115	120	307	364	354	358	321	308	288	351	100	126	98	95	328	363	326	381	350	366	319	372	122	90	105	98	285	387	323	371	323	305	327	363	109	90	145	114	280	328	336	436	290	332	298	293	164	121	100	131
2:27:56	117	127	125	62	110	133	120	124	151	134	152	141	108	150	101	113	123	96	49	144	109	93	114	109	76	158	115	141	129	129	116	129	110	115	100	96	139	137	108	123	112	127	152	96	119	124	88	115	340	449	389	508	391	437	383	432	144	105	79	84	383	411	411	439	393	401	380	436	115	142	84	111	360	458	338	490	372	388	335	397	87	98	90	125	332	391	436	436	384	383	346	405	77	116	88	110
2:37:56	102	116	150	108	134	134	124	124	119	125	93	128	120	143	117	106	128	119	114	144	145	85	136	100	144	103	125	123	101	120	124	126	122	120	123	117	107	167	144	124	91	100	107	84	115	80	73	129	423	559	502	565	524	534	461	509	113	99	121	98	500	528	436	513	440	533	385	522	149	117	118	114	415	545	472	540	432	513	422	511	86	74	104	114	385	432	484	502	407	494	423	437	132	123	105	119
2:47:56	141	84	110	159	140	126	113	141	116	87	119	88	164	104	120	87	137	126	96	119	98	120	100	92	129	123	111	169	97	140	121	135	137	81	99	144	136	156	118	112	133	107	127	107	98	152	120	108	462	622	525	641	605	601	463	613	122	106	93	105	556	630	564	679	567	616	477	611	89	90	105	83	480	574	598	587	501	564	483	633	124	59	62	153	497	540	554	596	485	597	501	517	114	93	136	109
2:57:56	57	103	108	114	127	96	125	121	131	108	140	102	164	91	117	108	128	154	112	99	117	92	112	127	93	145	130	85	111	128	106	118	133	98	66	118	108	134	123	155	136	134	116	152	142	105	117	109	543	698	701	787	682	663	597	720	116	122	88	64	589	743	633	744	634	634	615	762	100	115	144	67	617	669	635	692	697	595	596	724	102	124	82	82	494	724	651	723	599	583	553	646	98	110	155	103
3:07:56	122	120	132	125	95	117	123	112	98	110	136	100	118	123	104	128	139	106	129	167	72	115	122	130	119	112	148	127	112	104	93	99	100	131	137	67	139	145	162	101	124	121	116	98	106	104	92	145	605	925	749	892	769	821	704	858	127	112	78	78	738	885	794	868	814	818	690	800	119	116	109	132	709	815	699	856	679	763	643	763	108	134	94	97	638	782	722	797	799	726	647	738	113	94	169	103
3:17:56	131	102	115	130	131	113	104	95	111	122	137	109	167	84	159	112	87	172	125	105	97	150	104	126	100	84	101	127	110	111	100	123	158	110	74	85	154	127	163	131	113	136	109	82	92	137	84	128	734	959	948	953	852	993	811	976	111	111	75	95	730	977	852	1029	882	892	774	1022	105	112	86	119	816	868	950	1040	763	785	739	895	100	82	145	104	720	908	820	885	816	904	715	932	115	104	101	80
3:27:56	134	66	111	135	81	132	113	104	96	98	90	121	132	127	124	126	132	116	101	146	120	119	79	126	122	125	140	115	159	141	136	117	81	112	121	121	137	145	116	107	57	116	94	137	119	126	128	99	804	1097	1020	1135	960	967	1122	1104	96	97	114	103	932	1035	931	1144	999	1094	909	1110	105	99	121	119	794	997	1022	1144	962	947	818	1024	126	104	98	159	715	1014	928	1054	937	1005	889	1031	80	90	133	117
3:37:56	128	134	142	154	149	132	110	127	124	96	101	88	121	121	140	84	135	135	140	97	121	123	120	114	145	75	143	126	112	124	104	117	140	76	93	80	116	113	141	104	117	111	124	110	86	102	88	113	945	1223	1171	1315	1097	1200	987	1260	71	100	147	128	1144	1219	1101	1288	1083	1228	1046	1189	57	125	117	126	996	1214	1057	1265	1006	1175	1008	1205	147	104	53	98	896	1044	1198	1207	1093	1139	944	1188	64	125	85	93
3:47:56	110	110	128	115	92	123	95	98	119	122	102	126	99	140	93	127	80	121	133	91	144	104	147	81	126	102	80	141	150	129	92	99	138	142	81	75	169	77	101	121	142	144	114	75	120	104	137	94	1114	1375	1256	1585	1279	1320	1266	1373	131	93	114	54	1212	1292	1237	1492	1266	1393	1181	1427	70	99	86	126	1060	1286	1358	1445	1192	1311	1069	1442	115	132	114	120	985	1212	1260	1307	1205	1293	987	1254	87	92	92	102
3:57:56	141	99	122	82	118	139	141	74	123	103	113	114	100	118	138	112	123	124	131	101	122	119	86	109	122	134	85	97	128	95	93	101	89	108	109	113	117	138	137	121	103	139	85	118	99	93	129	109	1157	1612	1420	1695	1428	1493	1186	1631	108	136	73	95	1274	1628	1441	1655	1400	1525	1316	1557	129	106	90	83	1304	1428	1442	1611	1313	1435	1277	1597	65	132	165	117	1095	1343	1339	1524	1373	1313	1254	1473	156	96	98	79
4:07:56	94	143	129	95	119	126	100	117	129	93	113	150	126	126	88	150	144	104	75	135	97	122	101	74	103	103	103	86	108	123	89	117	143	89	93	123	139	115	83	148	123	127	168	116	110	92	102	128	1315	1632	1649	1764	1580	1662	1391	1713	127	101	87	105	1441	1742	1561	1848	1505	1687	1295	1679	115	137	115	117	1246	1561	1568	1773	1582	1575	1363	1594	120	84	128	108	1138	1523	1489	1617	1391	1542	1313	1606	93	102	101	97
4:17:56	135	133	137	103	141	89	126	80	103	138	122	141	120	149	123	101	114	130	117	111	125	96	117	125	95	102	122	137	101	98	124	95	122	140	115	103	115	108	130	119	127	96	155	101	98	102	147	102	1466	1825	1805	2018	1774	1826	1460	1849	114	146	116	124	1573	1823	1678	1949	1626	1847	1613	1829	81	65	105	110	1474	1681	1755	1933	1646	1790	1504	1949	154	127	92	107	1343	1715	1663	1789	1621	1813	1450	1705	104	132	111	130
4:27:56	111	136	98	109	114	119	109	109	137	104	109	98	154	134	127	136	101	130	111	148	148	83	90	95	117	100	132	122	141	98	99	75	102	110	87	92	102	142	107	109	140	124	120	90	90	110	103	125	1552	1961	1868	2306	1948	1984	1781	2057	113	100	93	116	1734	2118	1871	2043	1870	2004	1718	2100	130	85	65	102	1529	1996	1851	2125	1744	1884	1634	2086	128	118	120	115	1400	1955	1884	1990	1783	1881	1664	2081	128	98	131	110
4:37:56	143	116	137	138	152	95	115	90	151	77	118	108	109	124	150	112	164	102	91	118	123	124	111	110	106	87	123	121	120	98	83	151	95	85	94	135	130	136	95	133	125	115	165	113	135	109	95	128	1756	2170	2024	2374	2023	2196	1900	2242	124	124	80	110	1952	2093	1974	2253	1947	2107	1945	2162	121	112	99	91	1747	1983	1979	2273	1894	1981	1866	2224	109	148	76	73	1486	2046	1941	2246	1995	2143	1790	2204	107	127	123	121
4:47:56	98	85	84	93	102	122	87	106	128	130	124	82	120	103	109	120	123	140	135	101	106	79	117	117	103	134	87	108	117	118	81	137	126	132	132	96	118	134	91	146	96	138	115	129	149	142	126	115	1888	2246	2337	2657	2307	2399	2031	2472	122	59	105	103	2113	2423	2150	2435	2173	2349	1994	2362	109	102	125	93	1975	2257	2143	2672	2208	2358	1993	2471	141	97	100	123	1599	2142	2111	2371	2086	2328	1968	2270	116	97	92	108
4:57:56	141	118	93	131	98	105	74	144	131	87	101	126	101	123	66	114	100	82	116	136	99	120	128	85	146	139	99	93	76	116	115	119	114	106	116	145	111	108	114	107	118	115	161	133	98	117	96	81	2114	2509	2369	2777	2439	2630	2245	2741	114	115	104	98	2213	2594	2382	2615	2404	2428	2140	2666	110	92	112	119	2016	2358	2427	2778	2346	2393	2161	2610	128	95	153	79	1626	2375	2281	2667	2228	2324	2037	2411	143	84	131	112
5:07:56	90	97	124	88	116	101	82	122	151	113	87	110	113	126	103	104	138	118	109	127	113	150	118	87	85	94	93	130	135	70	100	136	126	104	103	105	115	108	106	108	113	112	181	102	98	111	101	97	2136	2778	2403	2941	2679	2679	2489	2854	80	122	115	106	2348	2917	2728	3000	2513	2742	2349	3021	153	77	124	105	2157	2879	2584	3168	2332	2663	2304	2573	103	125	83	90	1915	2656	2413	2834	2482	2669	2312	2577	128	103	90	132
5:17:56	137	106	83	112	120	139	125	99	115	88	106	123	129	105	110	99	135	130	107	127	135	101	102	106	119	139	122	92	105	121	80	77	137	123	108	125	106	83	116	97	101	91	131	132	115	104	114	93	2454	2989	2620	3536	2877	2963	2487	2997	120	91	97	151	2574	3383	2994	3394	2836	2846	2551	3306	123	104	100	107	2356	2794	2823	3417	2683	2825	2483	2975	132	111	133	117	2054	2755	2679	2946	2624	2733	2460	2759	88	95	118	102
5:27:56	100	97	124	101	87	101	88	116	115	103	92	92	114	87	125	100	97	117	155	95	94	150	100	100	127	75	96	152	128	134	99	111	131	100	115	126	88	93	97	117	121	153	122	135	117	101	122	96	2585	3316	2809	3950	3012	3157	2743	3176	118	110	113	111	2812	3723	3190	3852	2731	3144	2676	3653	135	94	125	97	2602	3172	3120	3936	2833	3069	2692	3005	124	113	79	51	2223	3218	2879	3441	2878	3112	2455	2942	136	106	124	109
5:37:56	153	74	90	128	124	111	110	108	90	90	105	125	102	127	118	121	121	103	121	81	155	96	143	122	74	95	87	121	108	92	95	97	116	143	112	105	115	145	128	117	115	118	105	93	124	95	112	88	2763	3677	3090	4360	3005	3338	2997	3459	138	109	87	119	2943	4156	3587	4437	3055	3889	2822	4139	124	101	80	88	2858	3299	3592	4456	3015	3379	2795	3554	99	109	109	127	2399	3577	3208	3929	3143	3469	2747	3285	107	112	142	111
5:47:56	84	120	100	97	128	125	109	60	99	86	84	161	128	100	111	98	117	100	108	87	126	115	109	138	121	102	86	92	102	111	104	87	130	97	120	43	111	104	87	103	113	115	173	139	127	106	101	75	3036	4043	3276	5005	3358	3909	3142	4117	101	72	104	115	2999	4383	3799	5068	3583	4010	3106	4551	101	122	113	125	2811	3462	3759	4899	3405	4030	2907	3945	98	98	96	139	2705	4060	3433	4274	3397	3727	2955	3484	93	98	109	110
5:57:56	108	145	102	89	93	82	146	109	131	158	100	125	63	150	130	91	86	107	126	112	114	120	119	87	86	103	96	120	120	102	126	114	117	82	100	123	133	122	116	138	101	118	144	127	118	101	100	147	2939	4828	3529	5525	3647	4545	3559	4669	127	123	86	109	3455	4899	4214	5550	4295	4692	3266	5273	131	122	92	61	3221	4065	4226	5471	3832	4608	3416	4417	80	105	130	123	3381	4159	3816	4691	3560	4267	3158	3869	116	126	83	116
6:07:56	116	126	109	131	90	118	81	124	120	105	101	93	95	123	84	103	109	61	98	109	102	124	107	126	97	138	78	137	104	104	133	86	135	82	98	104	109	119	107	119	85	118	116	116	151	101	118	77	3248	4906	4233	6021	4035	5103	3981	5169	111	50	101	136	3826	5304	4800	5711	4308	5091	3412	5508	142	67	95	75	3446	4090	4686	5949	4267	4710	4025	5038	135	98	79	82	2964	4586	4238	4999	3832	4822	3391	4315	112	140	98	91
6:17:56	105	140	118	123	110	112	124	62	134	68	128	107	102	91	132	111	110	111	142	146	139	96	112	126	95	97	111	113	118	104	68	114	119	126	97	132	136	135	119	115	92	116	120	89	131	89	108	98	3340	5464	5162	6762	4623	5582	4527	5853	139	128	91	110	4015	6000	5214	6156	4776	5589	3763	5871	100	104	127	96	3368	4175	5119	6450	4571	5465	4279	5580	113	105	109	120	3217	5037	4634	5771	4324	5248	3399	5000	142	91	131	133
6:27:56	50	101	89	118	122	124	101	105	114	138	116	77	121	95	113	99	108	135	113	75	90	133	87	97	100	138	110	97	112	125	110	125	96	80	120	129	101	75	95	104	143	126	114	117	122	102	139	115	3590	6034	5345	7168	5311	6230	5100	6436	87	107	100	85	4497	6377	5385	6766	5469	6306	3825	6546	119	98	86	99	3660	4718	5601	6845	4957	5950	4611	6238	129	108	134	119	3445	5443	5148	6199	5007	5723	3818	5334	156	69	105	134
6:37:56	122	83	122	119	131	99	100	130	113	137	80	69	122	105	111	131	98	101	148	127	113	93	126	125	88	167	123	100	102	88	131	125	120	94	127	115	118	116	69	70	137	85	129	118	111	122	103	113	3719	6446	5840	7508	5904	6477	5368	6819	96	121	92	119	5048	6746	5787	7200	6030	6567	4115	6901	136	103	127	81	3946	4894	6124	7265	5618	6513	5228	6568	117	92	112	123	3786	5918	5387	6573	5275	6152	4045	5616	156	101	102	137
6:47:56	112	128	106	119	84	124	116	115	139	94	153	100	72	127	138	104	71	99	137	114	69	128	143	145	88	101	111	106	135	106	141	114	121	98	128	121	125	152	158	116	111	80	119	79	144	108	113	138	3918	6766	6369	8517	6565	6910	6098	6751	107	119	101	94	5699	7380	6181	7940	6452	7079	4598	7667	113	80	124	94	4009	5403	6584	7683	6164	6994	5959	7237	102	86	94	83	3799	6583	5964	7099	5670	6779	4301	6083	129	101	110	104
6:57:56	95	138	156	85	95	108	110	107	147	112	106	112	146	126	157	107	95	78	96	71	121	123	97	119	64	136	95	120	81	90	129	103	131	112	99	115	71	120	113	85	86	112	101	92	87	98	97	115	4147	7390	6814	9120	7175	7551	6360	7770	131	68	105	105	6167	7942	6926	8688	7382	7688	4775	8272	123	124	106	105	4475	5404	7122	8219	6505	7531	6186	7666	124	112	126	103	4111	7152	6291	7822	6187	7057	4506	7111	95	100	110	102
7:07:56	85	145	88	126	120	105	69	82	105	101	85	114	96	107	130	139	114	116	120	95	101	79	101	89	94	91	92	74	110	97	79	125	133	86	111	123	156	117	77	110	83	107	129	99	101	112	90	131	4494	7917	7346	9870	7476	8235	6524	8178	83	96	99	89	6570	8410	7611	9385	7957	8357	6068	8648	113	76	95	108	4613	5908	7697	8883	7186	8242	6905	8500	134	116	131	95	4403	7519	6785	8504	6703	7615	5706	7644	98	151	109	99
7:17:56	97	75	94	94	143	123	136	124	117	101	97	99	79	104	101	85	113	78	117	114	107	118	84	95	120	113	106	116	111	106	118	131	132	106	120	102	125	101	105	120	122	108	73	104	107	109	127	89	4771	8533	7693	10405	7984	8852	7364	9141	127	93	127	111	7023	8778	8031	10134	8313	8841	6632	9644	135	95	106	132	4771	6363	8014	9550	7602	8643	6933	8867	104	114	115	88	4615	8117	7372	8987	7168	8300	5695	8324	110	117	89	85
7:27:56	96	59	86	89	88	123	106	84	159	107	111	96	136	122	117	120	94	74	95	100	114	150	152	88	141	108	86	107	98	91	113	112	117	117	86	142	102	124	113	114	125	104	111	121	108	92	86	115	4997	9027	8693	10992	8498	9497	7741	9652	121	85	125	100	7668	9373	8599	10897	9267	9902	7858	10478	115	73	61	94	5082	7245	8740	10346	8600	9559	7866	9414	113	111	131	102	4993	8571	7884	9476	8358	8755	6644	8807	118	78	87	128
7:37:56	128	97	76	109	124	135	115	112	161	84	124	105	115	103	96	145	89	105	103	88	86	120	101	118	140	105	101	84	68	96	152	125	115	76	107	95	88	74	126	141	95	100	133	159	128	97	109	117	5379	9670	9162	11835	9268	9708	8415	10175	105	130	138	102	8310	9753	9270	11579	9796	10513	8243	10876	113	84	117	124	5347	7659	9532	10767	9251	10286	8592	9949	145	88	85	116	5170	9210	8362	10149	8795	9291	7030	9778	129	129	101	71
7:47:56	133	99	128	108	105	72	99	93	108	139	130	109	93	97	99	80	109	132	102	148	101	115	100	138	95	133	127	63	91	114	105	77	106	79	138	111	87	146	99	108	127	113	124	125	138	89	108	128	5395	10219	9898	12554	10031	10355	8703	10889	87	109	135	71	8971	10349	9523	12374	10597	11572	8987	11514	102	110	76	112	5796	8008	10345	11464	9862	10918	9323	10942	125	126	129	105	5501	9959	9222	11046	9362	10204	7374	10504	130	128	99	141
7:57:56	69	95	103	154	118	96	112	110	110	136	102	93	97	77	128	98	92	127	115	112	113	82	114	108	64	119	111	118	88	127	126	135	166	99	133	149	132	89	81	146	92	100	132	81	142	124	122	99	5904	10537	10407	13355	10180	11175	9382	11456	83	125	92	132	9367	10794	10129	13007	11367	12238	9445	12387	94	96	118	104	5750	8547	11161	12038	10465	11670	10138	11316	115	73	116	76	5534	10357	9966	11884	10214	11103	7970	11215	117	85	134	76
8:07:56	139	126	106	107	109	120	104	97	87	111	106	85	118	123	83	173	109	121	121	102	99	62	88	122	133	78	113	110	97	165	103	121	106	91	125	142	118	118	154	125	132	103	87	94	90	72	97	88	6119	11459	11043	13462	10933	11828	9733	11380	111	118	109	94	10002	11302	10718	13920	11795	12613	10174	12564	136	105	132	118	6092	8723	11660	12423	11091	12439	10834	11973	130	91	92	76	5954	11049	10709	12188	10731	11179	8380	11560	111	94	112	94
8:17:56	107	92	108	123	115	115	125	83	95	122	115	116	93	114	96	128	142	107	108	135	102	118	144	117	95	110	118	121	110	85	139	124	145	96	98	110	100	107	125	90	123	121	122	102	92	87	88	101	6750	11694	11526	14131	11311	12259	10139	11856	114	78	88	70	10392	11743	11356	14521	12614	13136	10701	13285	131	115	101	107	6215	9224	12225	13221	11658	12976	11385	12253	109	101	102	146	6217	11502	11135	12863	11581	12012	9149	12101	112	116	93	84
8:27:56	111	108	94	144	115	88	107	109	139	116	81	132	146	156	108	139	109	70	110	130	85	91	101	66	96	134	109	112	105	86	85	131	103	90	117	72	108	144	136	132	113	106	159	82	99	96	106	108	7333	12705	12051	14866	11647	13017	10862	12502	113	119	124	44	10833	12157	12055	15748	13304	13846	11025	13728	126	132	83	124	6707	9575	12842	13759	12009	13639	11837	12998	124	104	92	114	6525	11747	11694	13325	12247	12611	9920	12337	87	117	114	111
8:37:56	117	117	120	89	120	127	133	131	104	107	132	143	162	105	133	121	106	121	97	90	120	87	84	123	59	104	100	113	116	112	88	133	135	159	126	113	96	121	89	115	105	131	112	98	107	143	74	96	7708	13157	12426	15638	12312	13547	11146	12706	110	109	115	148	11051	12677	12444	16055	14056	14435	11367	14219	105	117	114	109	6881	9905	13664	13759	12726	14273	12620	13291	104	137	92	86	7214	12174	12297	14268	12995	13080	10165	12991	133	91	143	113
8:47:56	103	96	100	66	108	116	113	88	156	117	142	103	126	113	90	99	107	121	97	127	108	101	116	103	105	145	104	138	160	99	131	93	131	85	98	157	129	109	124	86	65	82	156	95	137	124	73	133	7734	13055	13028	15937	12630	13957	11607	12976	100	137	117	108	11243	12677	12869	16638	14490	15164	12093	14537	95	92	80	141	7171	10103	13717	14404	13250	14505	13241	13669	137	130	107	65	7882	12667	12732	14672	13155	13429	10384	13384	117	83	80	117
8:57:56	103	98	92	140	127	90	116	109	91	126	91	116	114	106	100	74	101	130	140	134	148	116	126	83	85	106	116	136	92	137	121	110	105	100	111	92	138	138	112	114	91	130	138	128	93	116	141	136	8224	13386	13474	16806	13433	14172	11986	13531	151	100	97	76	12070	13594	13201	17687	14736	15584	12498	14816	107	166	90	119	7393	10724	14661	15006	14089	15250	13455	13890	102	132	86	122	8472	12714	13126	15109	14031	13965	10955	13781	87	133	122	104
9:07:56	118	93	140	99	119	158	159	78	114	76	121	108	134	134	118	118	124	123	116	113	86	109	104	84	130	96	127	100	102	119	104	129	121	105	113	108	103	98	137	83	78	124	126	133	130	89	70	86	8402	13957	14099	17324	14019	15116	12214	13905	73	101	105	101	12491	13951	14104	17965	15419	15891	12947	15640	154	117	76	100	7488	10276	14777	15488	14378	15493	14188	14642	103	120	137	92	8881	13193	13461	15649	14048	14734	11293	13941	101	98	127	111
9:17:56	89	110	98	93	111	129	95	100	81	106	113	85	131	102	117	93	98	106	134	97	99	64	136	103	103	123	105	109	126	110	99	121	112	51	90	122	110	128	111	107	131	129	115	153	145	128	127	95	9005	13585	14575	17263	14429	14612	12815	13888	128	97	117	86	12753	14127	14621	18732	15714	16363	13383	15428	143	98	87	106	7506	10742	15569	15911	14477	15865	14791	14836	136	136	100	147	9434	13713	14007	16067	13994	14756	11479	14365	125	104	112	111
9:27:56	106	104	125	129	109	120	138	74	151	95	114	101	105	145	91	94	93	98	123	88	115	121	93	114	86	103	130	145	122	86	121	122	94	86	107	139	81	127	107	134	113	136	136	100	75	122	94	105	9389	14339	14487	17727	14500	15247	13093	14904	127	118	122	91	12917	13864	14762	18891	16366	16571	13735	15846	135	127	124	128	7727	11852	15655	16407	15230	16256	14920	15233	132	124	99	90	9416	14355	14255	16043	14796	14833	12012	15122	132	112	92	77
9:37:56	91	127	123	137	116	126	116	118	86	128	108	92	100	141	125	117	79	95	135	120	144	107	107	83	88	127	132	108	109	135	83	89	102	133	99	75	112	112	149	119	126	103	129	102	126	95	123	114	9617	14161	15095	18152	14549	15441	13016	14659	99	94	108	92	13452	14337	15055	19289	16324	17236	13988	16235	159	101	109	96	7775	11592	15782	16391	15194	16974	15374	15350	133	132	103	89	10040	13815	14839	16391	15013	15259	11829	14942	82	120	123	92
9:47:56	108	142	134	124	137	97	107	91	111	119	111	111	123	128	93	111	106	149	87	110	124	117	104	121	114	94	125	111	113	109	105	144	86	118	120	101	114	132	126	109	101	132	117	109	111	104	105	69	9578	14364	15180	18408	15527	15927	13425	14692	98	111	83	73	13619	14812	15025	19271	16489	17206	14292	16338	132	97	133	136	7911	12033	15908	16639	15732	16955	15440	15519	73	116	102	102	10578	14083	14838	16713	15188	15633	12318	15461	90	106	116	111
9:57:56	117	108	95	96	95	136	143	122	109	116	112	128	79	97	114	126	91	97	79	107	115	90	78	144	117	144	102	100	76	95	125	99	99	110	126	85	82	140	132	106	108	116	108	127	74	122	136	144	10388	14780	15355	19146	15673	15961	13538	14587	140	92	98	114	14024	15093	15328	19700	16724	17468	14241	16632	122	147	137	48	8038	12116	16484	16746	16264	17264	15940	15514	135	97	126	103	11446	14265	14799	16798	15293	15874	12415	15521	134	78	89	100
10:07:56	73	110	105	113	73	104	144	142	156	119	77	87	105	129	136	105	129	97	115	142	107	109	135	96	105	71	119	133	125	162	151	125	127	141	136	121	115	140	155	86	133	125	131	109	111	135	49	71	10647	14389	15309	18885	15582	16116	13456	14555	121	90	112	94	14196	14927	15230	20275	17368	17492	14510	17163	122	101	105	125	8028	12520	16977	17255	16270	17265	16234	16083	115	96	103	81	11896	14364	15635	17084	15594	15941	12378	15424	90	103	90	106
10:17:56	74	111	112	100	157	59	122	101	89	106	107	103	108	123	140	96	128	122	128	117	97	113	106	121	93	97	118	145	100	122	83	91	115	76	111	131	114	135	110	154	139	112	91	117	64	96	92	89	10865	14714	15490	18961	15589	16529	13346	14586	125	90	170	117	14254	15522	15718	20374	17600	17616	14865	17148	158	89	111	84	7941	12571	16460	17029	16493	17448	16940	16256	111	123	114	139	12165	14543	15523	17742	15622	16010	12476	15601	145	98	110	109
10:27:56	97	101	101	88	136	119	107	98	125	83	152	118	115	108	96	124	94	120	92	138	156	126	92	117	123	144	123	147	79	82	111	63	136	100	139	112	63	132	150	134	127	161	92	127	93	58	140	126	11390	14521	15646	19221	15275	16358	13431	15251	99	92	104	107	14967	15293	15921	20841	17988	17903	15141	17070	74	90	116	140	8110	12583	17189	17325	17085	17318	16836	16121	113	114	75	105	11925	14833	15452	17628	15672	16226	12534	15897	78	105	153	92
10:37:56	99	112	145	122	118	100	126	104	121	99	90	130	104	88	99	99	101	105	118	126	125	100	131	136	110	93	99	114	148	135	132	108	129	118	117	91	128	112	126	142	102	91	188	143	105	85	87	100	11564	15529	15922	19646	15840	16786	13810	15355	98	63	114	109	14781	15410	15940	21018	18004	18181	15240	17435	112	93	165	111	8091	12357	16975	17142	17283	17444	17094	16054	95	76	136	123	12079	15010	15834	17849	15673	16225	12456	16318	106	102	95	97
10:47:56	134	88	74	106	124	103	139	85	106	106	102	95	85	112	107	127	97	100	148	143	108	100	105	69	126	105	132	138	112	119	129	126	112	102	100	121	91	130	123	121	112	115	139	149	97	123	119	138	11750	15718	15602	19433	15933	16565	13951	15646	77	110	121	127	15308	15796	15635	21146	17811	18218	15196	17844	128	82	105	118	8117	12765	17373	17743	17259	17817	17550	16582	110	107	72	107	11511	15323	16139	18027	16439	16439	12612	16356	111	141	91	82
10:57:56	112	100	114	109	124	96	90	129	140	83	110	115	92	132	95	85	119	92	147	85	142	139	152	159	128	88	115	132	137	150	131	118	130	68	82	83	117	139	107	151	136	104	102	157	122	98	92	94	12404	15684	15909	19885	15816	16788	13974	15603	100	85	102	93	15548	15653	16321	21113	18914	18500	15182	17739	125	125	121	134	7990	12040	17345	17449	17243	17892	17150	16751	111	116	113	87	11233	15812	16026	18332	16227	16803	12931	16500	139	60	120	111
11:07:56	119	91	122	145	127	104	83	112	138	139	83	89	106	113	77	126	107	135	81	80	109	138	78	96	102	134	115	107	106	134	96	130	128	105	115	118	106	135	131	160	144	121	138	109	128	133	81	104	12394	15917	15920	19803	16072	17315	13991	15656	95	127	100	106	16086	15951	16412	21699	18578	18414	15799	18108	102	103	105	122	7990	12663	17390	17737	17758	18466	17555	17510	77	110	112	98	10620	15847	16379	18956	16423	16652	12929	16812	136	117	111	97
11:17:56	117	126	136	142	106	126	114	103	89	106	115	109	104	110	82	105	136	147	121	131	111	84	89	97	103	146	117	83	138	109	130	152	78	113	104	121	124	79	150	109	133	142	127	119	112	95	101	100	12472	16068	16071	19419	15955	17408	14340	16137	114	76	107	138	16299	15808	16823	21693	18787	18972	15530	17964	122	113	115	132	8087	12664	17524	18080	17783	18346	17829	16966	70	110	114	108	11116	15920	16396	18979	16542	16705	12910	16697	107	106	85	97
11:27:56	105	83	124	135	149	130	106	113	144	110	115	159	148	88	91	122	107	121	135	149	97	81	98	120	102	100	135	141	125	88	93	98	103	142	77	104	92	139	110	131	133	131	140	108	107	110	83	88	12462	15981	16132	19952	16260	17219	14073	15365	114	92	73	121	16034	16137	16491	21564	19033	19117	15392	17499	125	118	92	72	8184	12726	16979	18213	17782	18988	17440	17113	106	124	120	120	10679	15769	16313	18951	16381	17171	12916	16583	83	118	102	107
11:37:56	129	124	167	92	133	130	68	134	97	108	92	121	110	103	106	102	136	94	133	111	107	92	128	115	80	94	141	131	131	124	139	114	141	129	108	126	131	119	127	146	156	131	215	130	117	123	124	99	12654	16400	16061	20063	16567	17297	14200	15237	123	91	116	85	16335	16372	16870	21787	18811	18793	15687	18559	91	91	86	144	8147	13878	17522	17919	18373	18926	17626	17371	109	133	102	107	10157	16546	16943	18964	16572	17076	12931	16784	94	100	126	130
11:47:56	112	141	92	107	130	92	99	105	114	120	106	108	83	119	135	116	138	131	134	128	114	99	85	97	117	129	166	115	138	122	98	99	134	116	113	140	137	169	106	133	115	130	104	117	125	114	122	76	12471	16013	16419	19872	16399	17413	14547	15343	98	75	71	93	16500	16278	17076	21598	18925	19052	16040	17830	108	96	113	127	8260	13148	17548	18298	18169	19569	18416	18121	98	110	133	65	10285	16470	16521	18933	16535	17114	13003	17124	126	122	132	110
11:57:56	136	91	113	99	136	132	130	141	104	153	117	79	114	137	98	138	90	104	116	133	93	102	92	107	99	126	136	124	117	135	150	78	127	86	103	120	151	146	164	134	125	115	89	138	146	102	106	129	12781	15925	16243	20100	16686	17426	14662	15324	123	126	105	108	16414	16025	16976	22158	19175	18850	15712	17779	122	131	146	93	8262	13408	17783	18161	17925	19109	18564	17069	139	107	111	105	9968	16443	16484	19032	16444	17064	12742	17093	125	116	109	91
12:07:56	152	79	98	108	110	106	140	126	145	110	132	98	105	107	125	104	122	100	139	134	128	80	113	120	130	136	116	111	146	144	122	132	152	90	103	110	132	156	147	157	133	161	118	136	143	120	94	123	12691	16277	16507	20261	17111	17395	14937	15357	115	81	105	128	16277	15934	16935	22108	18604	19295	16009	18621	57	86	77	130	8211	12907	17820	17981	18405	18816	18140	17463	95	99	127	83	9266	16666	16893	19160	16623	16966	12356	17282	140	106	90	120
12:17:56	98	113	96	94	126	80	105	90	81	110	122	94	89	149	114	140	111	125	128	139	151	91	158	164	152	81	92	192	107	128	101	165	113	123	91	102	135	130	164	115	138	148	140	135	78	81	121	117	12762	16231	16648	19896	16872	17904	14914	15884	122	76	86	123	16380	16024	16700	21942	18900	19320	16187	18142	93	117	113	102	8241	13456	17548	18302	18219	19208	18207	17510	102	109	72	82	9048	17084	16843	19023	16552	17264	13157	17177	101	122	71	114
12:27:56	119	99	120	130	134	134	96	131	143	127	108	110	125	139	93	125	122	114	68	152	112	119	119	138	82	131	144	129	144	103	137	106	168	126	152	118	124	125	146	116	139	138	129	102	90	119	82	127	12780	16283	16696	19851	16676	17653	14782	15657	98	97	97	68	16345	16277	16987	21954	18965	18906	15913	17603	78	90	106	154	8136	13881	17911	18159	18285	19190	18498	17322	150	142	136	81	8651	16474	16489	19144	16499	17268	12945	16810	129	112	124	111
12:37:56	107	133	110	108	101	108	139	136	115	78	100	91	137	155	99	95	120	132	149	136	135	135	117	128	85	134	100	125	109	128	120	90	157	98	113	165	152	141	117	149	163	138	179	126	72	109	104	95	12451	16002	16344	19492	16634	17133	14598	15353	111	99	120	114	16118	15626	16670	22072	18760	18876	16156	17678	117	120	85	130	8295	14220	17900	18189	18327	19304	18460	17265	90	99	102	107	8757	16931	16462	19429	16249	17509	12652	16802	70	88	102	129
12:47:56	133	126	103	113	118	96	84	116	120	137	113	95	83	107	99	92	130	94	147	127	126	120	114	77	122	124	131	115	161	105	150	101	74	132	111	108	126	141	151	149	106	142	132	129	99	136	85	91	12133	15527	16362	19645	16923	17428	14669	15153	120	89	92	108	16356	15965	17058	22067	19218	18904	16063	17880	113	120	136	67	8457	13990	18234	18473	18660	19255	18355	17239	120	118	106	101	8369	16541	16171	19471	16163	17095	12439	16206	116	121	84	70
12:57:56	75	85	143	108	119	98	90	122	108	95	94	117	116	97	120	126	108	108	100	112	148	105	91	153	102	153	106	119	128	88	122	116	99	129	81	116	132	101	123	116	134	136	110	137	111	117	105	151	12209	15719	16201	19286	16798	16982	14492	14928	111	119	141	134	16447	15418	17028	21543	19058	18651	16227	17502	118	70	114	80	8393	14362	17933	18081	18185	19114	18146	16830	110	84	83	106	8788	16462	16622	18704	16280	17155	12698	16059	80	118	125	96
13:07:56	98	144	110	134	87	136	124	117	126	103	118	86	109	108	117	103	114	141	100	113	109	79	128	140	103	117	117	154	121	176	113	124	126	108	59	82	129	105	180	189	149	127	154	124	109	107	115	105	12752	15679	16073	19107	16712	17346	14873	15203	129	142	83	113	16246	15849	16927	21055	19332	18669	16626	17860	130	95	104	113	8189	14564	18112	17823	18205	18968	17875	16738	88	112	137	85	8664	16817	16613	19176	16628	17396	12605	16419	97	68	105	140
13:17:56	137	124	118	145	85	111	102	132	103	110	170	92	129	162	129	153	134	138	129	121	133	90	117	75	97	121	111	134	118	152	129	99	114	119	103	99	110	105	158	141	81	165	122	111	112	83	106	115	12584	15459	16399	19238	16974	17297	15169	15140	146	108	104	119	16328	15738	16714	21293	19170	18967	16629	17408	126	96	103	129	8493	14618	18339	17599	18227	18811	18675	16545	93	83	145	111	8720	16853	16533	18800	16464	17286	12732	16019	137	139	126	109
13:27:56	107	103	85	101	114	149	129	88	146	103	140	105	166	116	101	143	143	80	128	148	125	108	109	92	121	113	120	141	135	102	107	147	137	113	93	131	171	128	160	129	164	154	117	140	109	80	95	132	12840	15637	16169	18563	16842	16530	15279	14501	132	131	77	125	16476	15426	16736	20864	19129	18581	16403	17400	87	87	130	107	8165	14094	17484	17428	18326	18973	18252	16036	104	113	65	115	8476	16862	16375	18032	16764	17101	12974	16070	81	109	129	85
13:37:56	128	128	59	117	118	111	111	107	150	112	76	154	111	108	120	124	126	115	111	69	136	120	96	119	112	99	136	132	136	81	136	114	111	92	78	87	141	125	104	114	127	165	158	134	102	98	88	111	12668	15117	16117	18057	16338	16821	14957	14211	115	100	123	101	16372	15120	16707	20675	18337	18132	16668	17303	130	83	116	135	8311	14008	18155	17195	18119	18832	18202	16026	124	85	101	115	8573	16347	16388	18358	15848	16981	12549	15986	80	104	107	99
13:47:56	126	118	114	98	114	102	106	128	112	72	124	103	102	136	115	102	94	120	148	110	141	118	75	132	150	130	118	105	139	108	160	109	100	95	148	109	132	132	138	121	115	119	147	148	104	112	107	98	12379	15362	15946	18271	16204	16821	14978	14247	149	117	107	133	15946	15441	16347	20087	18962	17639	16465	16832	131	98	110	124	8277	13806	17584	17120	18141	18284	18110	15792	133	94	144	103	8626	16174	16546	17746	15897	16496	12906	15030	96	114	106	117
13:57:56	78	121	94	114	136	143	117	133	85	102	129	77	127	100	89	126	95	149	129	139	97	107	154	98	86	156	102	96	128	128	119	130	116	79	93	104	125	96	135	122	145	133	155	83	109	84	98	96	12075	14758	15695	17759	15871	15674	14798	13667	118	81	125	70	15573	15140	16145	19864	18659	17175	16125	16616	113	75	72	98	8029	13642	16922	16326	17750	18205	18238	15118	92	124	104	94	8418	15898	16151	17857	15617	16384	12570	14715	125	92	62	100
14:07:56	103	127	104	138	120	95	132	115	153	103	111	98	114	92	102	132	65	131	112	108	119	138	113	85	107	114	112	93	128	147	156	135	81	107	105	135	164	146	109	140	146	129	150	142	127	86	68	122	11955	14535	15519	17536	14929	15441	14124	13622	125	122	90	130	15090	14319	16139	19244	17973	17230	15788	15859	118	109	113	92	8378	12935	17089	16031	17416	17376	17764	14373	109	94	108	111	8483	15101	15728	16891	14772	15788	12297	14293	119	123	128	129
14:17:56	99	106	116	95	120	97	99	108	106	122	98	129	107	86	100	124	138	116	134	151	77	90	111	80	124	125	143	160	106	130	122	152	130	112	84	123	130	91	102	158	125	123	146	106	108	113	101	86	11449	14092	15269	17204	14879	15141	13760	13101	122	119	102	100	14576	14738	16150	18776	17934	16960	15340	15666	122	103	103	95	8146	13054	16521	16098	16663	17073	17208	13993	104	124	105	137	8303	14865	15083	16465	14418	15490	12104	13905	114	89	114	104
14:27:56	99	107	104	111	103	96	149	77	116	101	105	118	98	105	119	156	107	110	133	81	140	105	86	78	113	121	146	117	135	138	84	129	129	91	151	114	141	126	125	120	172	154	126	85	83	81	121	85	11336	14009	14772	16833	14887	14900	13884	13523	98	138	113	87	14580	14964	15906	18649	17232	16905	15090	15655	106	124	118	126	8143	12596	16397	15961	17331	16946	17685	14323	66	113	104	142	8783	14392	15197	16288	14854	15457	11565	14652	120	76	123	147
14:37:56	122	103	134	118	130	116	120	112	139	111	60	103	74	110	134	141	109	148	114	130	120	106	135	126	111	125	149	150	132	118	109	76	123	81	101	93	92	122	141	168	127	159	143	117	91	117	110	101	11175	13880	14703	16530	14813	14422	13658	13521	154	110	132	82	14413	14810	15855	18346	17300	16549	14990	15149	125	115	110	124	8072	12643	16194	15864	16895	16843	17288	13825	122	100	119	104	8758	14458	14656	16134	14276	15272	11486	13970	116	123	126	93
14:47:56	84	140	123	116	132	146	111	117	145	103	94	90	107	123	104	120	136	118	106	109	99	107	79	109	119	130	139	123	134	136	116	124	116	114	124	114	102	124	99	139	162	122	134	108	103	95	90	100	10921	13809	13786	16721	14249	14641	13452	13219	103	143	104	127	14312	14068	15192	18548	17323	16088	14766	15470	70	106	75	95	7959	12469	15590	15507	16340	16273	16620	13635	120	96	159	118	8303	14216	14272	15708	14297	14891	11708	13598	110	126	82	101
14:57:56	86	95	132	112	112	116	136	137	124	79	94	90	94	134	117	110	106	136	143	97	127	103	74	85	109	112	136	94	140	142	128	113	84	164	105	113	110	145	134	116	124	135	134	115	116	128	132	136	10218	13627	13632	16349	14081	14128	12992	13026	132	144	42	112	14012	14155	14978	18106	16678	15765	14522	14691	137	139	125	85	8116	12194	15527	15591	15894	16366	16087	13758	133	125	126	110	8018	13504	14108	15342	13896	14782	11073	13489	88	106	109	122
15:07:56	115	106	140	115	130	140	118	141	101	103	111	86	102	113	127	134	141	122	105	145	150	83	117	127	122	121	168	127	117	159	102	129	109	127	99	127	123	141	140	149	126	131	155	163	103	91	150	120	9635	13559	13634	16537	13924	13708	12823	12619	129	79	128	141	13437	14032	14503	17486	16620	15055	13768	14118	93	121	119	127	7672	11895	15207	14509	15498	15698	15698	13287	110	101	90	113	8203	13352	13623	14790	13690	14139	10745	13069	108	100	102	69
15:17:56	99	99	95	148	157	138	96	122	115	91	90	101	112	149	127	107	106	111	103	106	113	116	97	105	116	122	93	107	106	132	62	138	118	149	96	83	131	131	171	144	140	139	123	134	112	105	93	130	9319	13431	13497	15883	13409	13622	12848	12364	117	100	124	122	13531	13552	14250	17522	16449	14986	13447	13746	137	105	124	105	7781	10974	14542	14328	14938	15268	15200	13170	103	100	91	119	8017	13202	13172	14568	13398	14107	10246	12776	98	112	103	80
15:27:56	132	138	127	102	124	163	126	103	126	100	100	115	108	98	105	160	164	102	122	118	119	147	102	106	110	135	143	126	117	166	108	135	88	112	92	103	138	123	127	132	102	136	126	144	143	99	78	80	9111	13215	13687	15511	13752	13682	12468	12147	144	91	111	95	13073	13171	13663	17083	16170	14134	13417	13457	125	128	131	115	7755	9744	14453	14490	14645	14903	15130	12983	95	104	92	90	8110	12830	13055	14284	13257	13700	10185	12553	85	122	125	127
15:37:56	88	146	132	113	128	175	121	97	109	161	78	93	127	136	118	153	70	125	121	123	113	110	128	111	124	104	113	117	127	154	101	120	118	82	78	105	109	136	112	151	95	145	98	112	110	103	99	89	8954	13255	13276	15604	13626	13286	12619	12412	111	105	99	120	13117	13366	13860	17473	15880	14658	13468	13539	93	102	135	107	7714	9044	14668	14659	14690	15019	15073	13181	100	105	113	123	7805	12725	13315	14658	13592	13740	10053	12975	93	110	130	99
15:47:56	125	130	127	97	102	122	134	130	106	120	108	94	112	138	74	169	148	111	98	140	128	117	107	90	68	144	127	119	109	135	130	114	121	76	155	119	120	130	129	110	128	153	139	144	98	123	104	122	8445	13097	13370	15463	13455	13419	12401	12472	100	109	84	118	12870	13223	13557	17180	16119	14384	12827	13429	114	97	106	107	7943	8862	14178	14437	14374	14678	14644	13117	113	74	80	85	7936	12692	12971	14387	13104	13813	9754	12808	102	111	142	81
15:57:56	117	114	128	117	119	98	104	94	94	155	117	98	115	151	117	193	98	126	131	120	123	106	111	97	120	128	132	150	127	107	119	105	158	121	151	66	115	139	111	172	141	117	113	122	127	94	114	109	8540	13174	13205	15537	13663	13248	12445	12304	87	109	113	92	12723	13233	13350	17279	16275	14493	13121	13315	94	103	101	87	7626	8973	14354	14124	14425	14334	14679	13367	119	114	115	95	8048	12529	13128	14209	13084	13667	9286	12645	77	66	112	120
16:07:56	122	161	129	131	102	87	151	118	120	79	131	101	145	128	110	141	142	131	144	136	114	114	121	101	127	136	105	146	139	165	145	79	116	105	118	109	127	179	131	169	122	144	124	149	127	122	125	74	8301	13049	12840	15089	13082	12879	12544	12229	93	78	126	103	12406	12643	13022	16931	15384	13873	12684	13354	76	89	118	113	7579	8709	13682	14245	14239	14114	14249	12580	112	97	105	42	7854	12217	12526	13831	12963	13574	8812	12366	118	118	122	122
16:17:56	128	121	96	123	76	117	134	149	104	86	125	86	136	145	128	86	140	140	147	167	92	118	120	89	127	140	164	159	129	125	115	157	122	111	84	100	167	141	101	115	163	106	137	155	116	88	122	115	8227	12426	13145	15179	12900	12907	12192	11719	129	90	112	128	12059	12476	12865	16629	15365	13899	12299	13039	113	124	86	102	7554	8572	13584	13974	13483	13900	13932	12420	105	87	103	131	7723	12184	12502	13805	12739	13285	8763	12400	122	101	116	117
16:27:56	125	114	100	95	101	119	114	120	94	73	103	119	114	119	94	146	118	135	123	140	74	120	89	103	144	138	143	136	149	134	95	126	121	86	139	99	144	150	124	128	142	110	152	111	98	125	86	89	7992	12532	12871	14684	13018	12909	12143	12056	126	110	95	116	12149	12591	13198	16697	15119	13712	12628	13100	145	80	95	118	7884	8731	13754	14228	13834	14177	13881	12381	108	104	110	90	8091	12272	12552	13758	12328	13064	8381	12010	110	86	92	127
16:37:56	103	95	128	88	109	95	115	134	117	84	128	109	110	133	97	136	102	109	115	96	101	113	54	119	83	99	97	121	125	93	128	109	112	89	98	104	122	114	122	147	102	144	115	128	125	112	95	112	8172	12451	12437	14511	12883	12369	12063	11687	112	87	97	94	12011	12562	12783	16671	14846	13612	12243	12942	108	121	92	100	7730	8475	13567	14170	13722	14017	13543	12143	125	87	128	78	7715	11988	12323	13451	12452	12849	8175	12165	118	140	115	119
16:47:56	82	123	107	74	144	112	95	108	110	100	158	108	129	123	137	128	90	108	145	152	98	95	89	126	113	112	158	124	133	94	120	126	106	128	107	115	155	152	136	133	126	149	129	98	97	135	125	110	8054	12140	12233	14370	12609	12851	11881	11913	90	81	106	86	11741	12242	13052	16404	14652	13514	12623	12904	131	106	104	125	7718	8414	13850	14101	13355	14119	13718	12356	107	114	81	103	7854	12260	12320	13661	12376	12925	8076	12154	68	84	138	145
16:57:56	120	103	100	98	181	120	123	131	103	120	110	115	137	122	147	151	140	137	120	152	105	103	129	107	96	98	98	118	101	150	97	120	111	121	100	74	114	115	147	149	121	142	152	146	120	91	131	71	7365	12484	12381	14606	12207	12404	12443	11873	107	148	89	142	12217	12510	12742	16291	14625	13682	12516	12783	92	124	93	144	7555	8490	13652	13879	13580	14097	13606	12321	110	109	120	108	8318	12228	12223	13574	12356	12892	7884	12401	103	117	100	95
17:07:56	116	149	71	171	124	132	79	139	80	105	105	89	94	108	107	78	111	126	144	108	98	126	116	124	117	142	119	149	129	114	89	149	128	90	94	116	136	111	106	116	126	106	107	139	138	121	98	83	7595	12348	12491	14557	12537	12925	11996	11773	123	132	104	72	12115	12352	13034	16323	14723	13632	12498	12973	94	107	107	146	7659	8542	13676	14055	13554	13975	13792	12361	103	108	133	102	7863	11990	12429	13681	12455	13372	7845	12247	77	88	108	119
17:17:56	145	118	96	130	104	146	168	99	86	107	116	133	88	143	110	145	149	147	89	84	138	130	89	115	100	127	107	127	118	120	148	97	100	92	123	102	143	123	88	137	101	117	139	117	108	83	110	136	7585	12272	11974	14361	11992	12365	12176	11270	136	110	116	122	11477	12376	12591	15807	14679	13272	12282	12743	114	100	109	142	7615	8196	13344	14078	13194	13918	13452	11744	106	91	69	106	7574	11605	12357	13325	12133	12551	7693	11979	142	150	112	92
17:27:56	141	109	110	129	108	107	66	132	142	135	104	100	106	141	132	131	65	119	141	152	113	110	104	72	116	96	122	111	142	170	123	117	77	93	137	89	100	133	127	98	149	136	131	141	126	77	80	104	7790	12094	12005	14789	12452	12481	11863	11450	100	104	101	108	11569	11954	12797	15812	14713	13527	12175	12519	133	127	83	96	7621	8178	13245	13816	12673	13435	13098	12123	102	104	118	91	7708	11967	11925	13526	12268	12453	8003	12034	124	110	114	108
17:37:56	90	116	110	107	112	94	126	137	80	129	103	121	133	117	113	68	118	164	140	90	136	124	106	97	116	110	103	139	127	118	124	120	113	131	118	112	131	159	172	128	140	107	196	112	85	106	113	131	7293	12002	12268	14418	12429	12278	11692	11452	128	127	123	129	11609	12106	12630	15983	14485	13415	12296	12544	128	130	105	116	7529	8141	12999	13442	12705	13573	13203	11622	111	90	100	150	7758	11625	12250	13424	12386	12227	7788	11701	70	92	106	99
17:47:56	110	118	136	162	94	120	87	81	134	134	119	110	64	113	122	166	137	119	83	112	126	130	149	140	88	139	93	115	153	102	141	107	99	116	94	108	172	141	128	141	106	119	173	186	117	141	141	124	7631	11947	12334	14543	12320	12337	11764	11453	106	117	103	87	11738	11883	12648	15467	14403	13597	12271	12471	129	116	82	113	7514	7828	12975	13711	12853	13737	13306	11802	146	132	99	94	8080	11889	11855	12826	12174	12357	7922	11494	115	108	82	109
17:57:56	103	109	129	122	154	132	152	142	111	97	119	99	134	105	146	126	161	144	100	117	124	130	72	108	115	97	143	111	91	110	109	136	103	134	126	161	142	96	147	143	119	98	154	119	88	135	45	87	7459	11957	12374	14253	12228	12775	12096	11899	104	73	92	106	11540	12120	12415	15414	14213	13373	12417	12927	118	127	91	101	7485	8343	13214	13579	12649	13518	13394	12002	152	61	136	104	8298	11593	12317	13328	12402	12470	7860	11783	98	122	111	130
18:07:56	126	150	157	123	103	117	119	115	109	111	105	83	140	134	107	96	100	134	89	129	93	130	107	114	135	84	136	112	160	132	137	87	124	98	89	108	134	119	116	122	142	110	120	133	138	124	95	93	7456	12283	12489	14290	12363	12563	12206	11635	116	87	90	113	11870	12260	12789	15601	14018	13321	12533	13151	106	89	104	88	7594	8182	13295	13771	13221	13484	13490	11916	113	93	85	94	8636	11753	12285	13058	12506	12574	7774	11968	120	118	100	114
18:17:56	95	96	97	113	123	112	125	111	108	91	91	102	91	163	156	133	129	133	143	124	131	101	125	107	148	92	120	134	144	119	120	126	94	107	113	118	119	110	103	172	98	131	159	158	120	144	118	156	7657	12046	12713	14222	12292	12552	12060	11772	150	67	96	95	11394	12140	12674	15697	14411	13208	12287	13048	100	84	111	123	7715	8280	13693	13501	12916	13995	13305	11911	116	104	84	114	8481	11703	11908	12898	12338	12417	7971	12368	123	84	122	87
18:27:56	150	91	101	153	138	115	106	110	137	77	111	71	154	101	123	95	99	103	110	106	82	115	117	43	114	129	122	89	154	125	83	99	110	105	99	105	135	150	101	136	131	139	184	115	137	124	109	109	7706	12335	12704	14257	12301	12800	11893	11436	138	154	119	85	11648	12166	12517	15272	14176	13277	12468	12632	111	91	139	96	7529	9087	13553	13440	12659	13860	13616	12106	112	92	117	133	8418	11591	12126	13177	12279	12489	7882	12239	112	105	91	128
18:37:56	139	102	98	137	97	106	134	123	81	119	114	80	115	129	107	128	112	141	106	129	81	132	88	122	95	82	138	110	110	90	94	84	103	97	63	109	155	144	176	128	129	128	132	124	84	100	135	105	7419	12387	12315	14047	12421	12656	12002	11508	96	103	121	75	11826	12030	12924	15420	14057	13612	12528	12502	117	94	98	109	7698	8407	13208	13568	13141	13908	13512	11655	93	94	130	86	8453	12121	12237	12640	12233	12845	7883	11979	111	114	97	129
18:47:56	110	105	142	125	160	144	106	131	108	122	78	98	79	122	125	127	130	121	91	108	110	128	112	112	112	144	141	155	95	126	105	130	116	96	76	124	123	95	119	129	129	162	139	130	89	119	78	109	7593	12016	12352	14629	12376	12618	12150	11618	137	116	109	95	11559	12231	12568	15295	14073	13277	12576	13119	113	122	118	83	7690	8592	13311	13440	12757	13627	13501	12052	140	94	121	121	8795	11817	12100	12952	12458	12451	7930	12108	118	123	110	122
18:57:56	109	62	87	144	107	119	114	93	124	105	95	119	120	135	129	133	117	105	98	91	111	134	103	139	79	120	84	128	139	91	144	151	140	109	97	107	140	146	111	113	152	128	114	123	107	120	127	143	7515	11935	12463	14297	12186	12489	11865	11550	112	73	102	95	11592	12050	12796	14888	14153	13771	12156	12779	148	91	100	100	7625	7988	12945	13355	12560	13642	13235	11917	93	95	90	105	8588	11758	11862	12958	12196	12476	8139	11940	126	103	92	108
19:07:56	97	144	142	111	132	94	125	118	131	106	99	89	86	143	118	130	123	121	77	119	138	144	111	93	104	113	119	82	109	137	118	136	103	128	111	113	140	123	126	119	129	144	147	137	103	130	117	61	7542	12189	12431	14281	12167	12353	11814	11022	121	112	104	62	11561	11937	12638	15633	13784	13558	12547	13078	104	105	59	70	7537	9181	13577	13292	12706	14003	13330	12511	134	94	114	90	8701	11849	12158	12805	11953	12908	8029	11868	97	79	102	77
19:17:56	106	142	132	137	103	63	133	137	79	94	134	106	137	118	159	131	174	114	129	121	117	88	83	73	97	121	112	98	141	148	121	130	89	112	111	67	106	112	101	123	151	153	129	125	118	82	142	102	7371	12237	12464	14014	12049	12617	11523	10929	129	105	77	109	11451	11907	12171	15040	13681	13409	12295	12968	115	119	96	121	7508	8006	13254	12913	12493	13772	13149	12096	117	105	78	98	8753	11754	11968	12892	12070	12599	8006	12075	118	101	142	78
19:27:56	121	106	161	91	142	108	150	150	121	104	102	123	98	140	100	117	117	106	104	127	105	83	147	112	73	110	140	121	111	91	113	90	91	90	85	83	151	131	99	142	164	116	167	138	98	113	72	102	7515	11849	12417	14324	12147	12339	11518	11237	114	120	135	124	11379	12010	12494	14674	13362	13242	12092	12490	129	101	122	85	7739	8827	13053	13190	12911	13290	13127	11884	89	109	73	106	8693	11551	11666	12715	12214	12574	7977	11972	139	99	97	104
19:37:56	155	112	112	111	145	138	134	114	80	128	93	121	128	142	119	129	137	126	107	136	127	95	104	109	111	111	122	91	115	99	126	105	116	102	132	148	98	141	129	109	98	107	147	122	98	106	83	91	7492	12186	12039	13813	11679	12165	10712	10432	133	115	114	133	11285	11942	12372	15117	13537	13232	11991	12121	126	114	72	111	7601	7999	13007	12992	12366	13555	12966	10971	144	89	75	102	8516	11826	11574	12234	12147	12360	8032	11453	97	85	73	122
19:47:56	102	147	111	160	155	107	108	139	102	132	92	114	93	121	122	127	110	83	134	123	139	123	80	112	117	155	162	117	118	137	133	101	147	88	80	141	154	91	140	153	162	90	137	137	110	113	135	119	7570	12058	12349	13409	11918	12177	11052	10460	116	116	93	127	11225	11859	12139	14929	12986	12918	12191	12024	117	117	98	87	7804	8526	13143	13176	12560	13285	12657	11090	94	111	79	127	8849	11457	11524	12188	11629	12262	7973	11197	120	98	119	88
19:57:56	94	119	86	157	116	97	102	111	109	117	134	68	115	134	112	150	147	137	155	137	93	87	119	84	137	148	115	139	121	157	105	124	116	86	96	119	172	119	141	152	141	85	181	121	112	94	126	82	7429	11943	12259	13968	11853	12281	11441	10191	95	90	124	113	11543	11669	11973	14422	13440	13031	12310	12352	111	90	144	92	7671	7952	12735	12814	12394	13500	12796	10936	105	103	80	92	8754	11593	11813	12250	11691	12441	8083	11130	136	97	120	82
20:07:56	117	136	155	141	121	79	114	86	94	137	141	102	119	105	124	126	156	137	141	125	112	83	91	90	135	151	148	108	126	155	129	96	104	104	108	65	141	93	117	130	121	151	132	141	117	118	84	106	7399	12082	12007	13844	11901	12165	11201	9836	110	102	109	148	11526	11694	12404	14525	13005	13065	11944	12534	106	123	89	135	7689	8335	12856	13105	12397	13597	12861	11615	142	128	77	87	8684	11596	11490	12364	11476	12456	8107	11057	121	106	77	124
20:17:56	103	101	129	107	103	138	144	130	96	91	83	93	96	133	121	92	135	127	113	109	121	127	112	114	126	105	118	121	146	126	127	133	112	120	93	117	166	164	97	121	121	118	163	87	118	110	125	120	7695	11796	12161	13716	11632	12047	11021	9623	86	124	110	99	11306	11558	12055	14511	12837	12693	12160	12307	101	93	122	117	7891	8004	12649	12789	12478	13342	12717	11245	108	96	101	97	8795	11483	11431	12033	11542	12318	8056	10692	108	109	112	95
20:27:56	110	95	123	146	143	130	138	145	124	114	124	77	119	153	110	120	121	127	97	134	113	141	105	106	101	92	131	109	121	148	107	123	84	108	104	123	96	95	110	105	164	135	162	141	117	74	121	92	7712	12010	12103	13644	12202	12265	11249	9568	134	92	104	113	11416	11610	11939	14639	12767	12857	12613	12537	131	92	123	97	7695	7914	12903	12806	12708	13394	13340	11319	143	101	140	118	8689	11551	11390	11822	11469	12531	8306	10952	102	87	115	107
20:37:56	112	94	121	116	104	120	113	129	155	129	128	123	154	142	147	133	124	131	163	149	128	128	114	87	145	171	138	152	137	134	94	133	108	103	80	101	97	125	149	145	170	164	114	122	70	92	107	83	7722	12096	12179	13972	11934	12110	10902	9201	101	143	122	95	11241	11278	11812	14752	13126	12869	12291	11903	115	102	100	102	7682	8062	12692	12836	12310	13427	12859	10936	113	93	93	98	8839	11487	10956	11605	11173	12334	8116	10323	124	56	81	124
20:47:56	138	114	121	98	122	83	123	132	107	155	72	73	115	132	89	121	105	138	118	130	111	88	95	124	106	104	124	98	128	116	117	97	120	97	125	61	90	131	127	133	141	112	140	130	95	85	137	114	7596	11786	12124	13757	11697	11780	10978	8980	106	126	100	123	11438	11676	11907	14447	13198	12824	11993	12300	95	101	115	114	7759	8211	12989	12413	12469	13259	12840	10974	72	125	92	111	8846	11859	11346	11649	10990	12497	7920	10156	108	94	139	123
20:57:56	101	140	74	134	110	115	139	142	129	112	101	119	121	106	95	117	123	155	102	127	86	113	129	108	100	128	117	120	127	126	103	112	80	92	122	137	133	118	108	110	178	91	120	125	125	113	105	83	7731	11735	12110	13481	11531	11552	10556	9134	113	125	100	108	11203	11599	11763	14270	13099	12812	12054	12055	126	124	129	103	7721	8366	12570	12498	12487	13084	12555	10650	121	102	108	129	8872	11301	11055	11435	10707	12015	7996	10044	113	114	108	114
21:07:56	99	116	111	139	104	104	126	110	144	119	98	75	104	145	113	113	118	91	89	111	120	145	119	128	114	113	103	107	118	105	123	131	135	92	132	89	156	125	111	150	120	125	124	86	99	111	79	123	7561	11552	11961	13422	11532	11739	10982	9014	105	118	117	81	11424	11700	11927	13953	13047	13117	12188	12138	123	119	91	136	7662	8695	12593	12480	12473	13387	12954	10856	86	118	106	119	9178	11599	10929	11148	10523	12365	8151	9594	83	107	109	134
21:17:56	113	125	97	124	88	105	127	117	146	94	126	100	102	130	98	139	112	119	134	157	93	124	77	79	92	129	97	109	154	104	128	123	98	122	130	81	149	118	162	101	115	122	127	133	144	82	95	112	7657	11603	12236	13158	12118	11721	10725	9075	149	79	123	142	11623	11715	11776	14505	13385	12613	12134	12086	103	90	117	117	7661	8052	12960	12991	12431	12979	12904	10833	100	117	105	115	9043	11634	10942	11138	10436	12387	8133	9251	107	60	105	104
21:27:56	67	133	77	107	101	112	101	119	140	85	150	74	115	114	124	109	115	136	91	142	135	122	100	87	88	128	99	134	133	119	143	85	116	82	119	83	166	105	143	108	84	134	141	140	117	91	126	111	7753	11554	11569	12787	11728	11186	10659	8885	98	102	99	117	11367	12006	12172	14139	13216	12701	11871	12196	125	103	100	108	7893	8032	13226	12642	12257	12925	12619	10511	127	129	103	107	8903	11665	10884	11239	10138	12520	8061	9184	116	104	143	75
21:37:56	77	113	117	130	98	104	121	103	128	98	129	83	99	143	131	132	139	101	129	127	107	128	103	119	99	125	103	137	110	126	127	109	108	132	94	90	111	104	161	153	139	131	133	101	114	119	128	127	7655	11785	11803	12507	11690	10665	10436	9006	113	119	119	103	11415	12087	11904	13967	13083	12265	12098	11866	133	141	115	93	7820	8221	12804	12632	12263	12976	12392	10048	82	89	125	105	9534	11414	10560	11426	9559	12250	7997	9107	113	126	113	145
21:47:56	124	121	97	139	118	107	123	137	125	109	120	95	128	143	170	130	113	121	124	98	128	126	114	101	88	116	104	136	130	126	96	84	110	116	109	101	175	139	79	139	120	100	148	128	98	110	165	94	7743	11631	11935	12901	11137	10615	10188	8912	127	121	147	89	11644	11901	12076	13715	12949	12380	12398	11732	159	124	113	107	7833	8212	13043	12593	12326	12877	12540	9899	160	86	104	120	9264	11012	10681	11116	9566	11922	8165	9152	81	134	91	68
21:57:56	138	130	127	104	121	86	130	82	123	132	141	59	112	116	101	143	108	108	82	97	121	140	85	106	123	161	135	140	108	160	62	121	110	130	119	81	152	117	94	129	141	101	77	127	105	108	105	87	7950	11375	11903	12789	11412	10629	10648	9030	113	93	125	72	11593	12160	11841	13315	12929	12083	12252	11656	107	119	116	74	7916	8200	12856	12499	11917	12517	12626	9671	111	87	79	109	9532	11269	10716	10914	9195	12027	8192	9228	123	119	77	131
22:07:56	104	104	109	115	118	101	91	153	100	80	111	77	138	128	125	109	102	101	112	134	113	103	90	115	124	104	108	115	98	147	114	145	79	129	87	127	127	105	133	115	126	135	106	142	111	137	92	80	7735	11361	11852	12691	11425	10117	10476	8857	124	102	105	91	11554	12193	11864	12864	12955	12091	12079	11885	105	74	98	136	7895	8430	12595	12379	12209	12172	12680	9307	100	89	107	93	9414	11098	10278	10691	8660	11595	8277	9136	78	100	117	123
22:17:56	93	130	136	112	116	150	105	93	89	102	122	93	152	132	133	140	165	145	124	125	128	97	136	110	90	141	141	93	109	132	114	152	90	131	111	99	115	118	115	131	145	125	119	141	142	121	125	100	7859	11619	11650	12440	11288	9963	10378	8678	136	139	123	64	11268	12170	11778	12924	13101	12107	12308	12229	121	127	110	113	7784	8218	12724	12539	12305	12195	12500	9130	106	104	123	155	9392	11126	10214	10630	9325	11928	8214	9004	131	120	170	116
22:27:56	122	110	98	121	114	144	168	124	111	99	101	77	115	137	148	134	125	125	130	153	114	162	127	102	100	121	130	125	66	128	96	135	74	95	104	120	119	164	123	147	110	112	128	113	72	94	116	117	7943	11743	11877	12078	10669	9294	10654	8602	105	133	125	125	11518	12126	11938	13014	12868	12002	12376	11789	107	156	121	93	7822	8203	12831	12409	12152	12196	12422	9077	135	116	97	125	9269	11001	9970	10322	8730	11699	8222	8947	103	100	77	102
22:37:56	138	139	131	158	148	120	89	124	83	125	97	84	129	101	122	142	139	105	103	91	75	122	150	121	109	141	104	111	131	116	106	113	155	121	121	131	160	121	92	119	153	87	181	120	128	84	100	112	7729	11819	11584	11975	10321	9079	10481	8730	100	107	117	96	11238	12058	12010	13010	13057	11676	12079	11731	125	76	131	91	7753	8237	13053	12293	12218	12175	12197	9080	117	131	108	67	9527	11069	9599	10154	9178	11424	8288	8864	130	95	86	93
22:47:56	115	104	123	132	120	112	125	118	129	86	120	143	50	139	120	147	124	142	120	129	103	107	103	93	104	102	115	129	124	113	100	102	106	71	114	86	156	134	98	98	104	112	135	140	117	125	115	88	7793	11380	10752	11796	10092	8978	10110	8682	141	95	93	118	11388	12016	11701	12708	12962	11651	12092	11488	116	119	112	114	8093	8200	12702	11777	11892	12113	11891	8991	124	147	79	112	9562	10560	9516	9607	9000	10988	8335	8788	114	90	125	85
22:57:56	119	103	129	120	124	89	137	124	117	117	127	130	116	113	139	125	151	116	69	113	106	125	101	141	116	120	92	137	116	132	146	126	105	112	62	100	146	109	110	139	101	124	148	122	97	103	103	118	7806	11255	10810	11347	9475	8453	10045	8424	91	47	113	142	11061	12105	11484	12347	12705	10307	12104	11553	83	95	85	113	7860	8084	12704	11395	11777	11849	12009	8989	111	110	86	126	9343	10374	9302	9712	9033	10190	8119	8920	93	95	63	115
23:07:56	129	131	88	127	171	149	110	106	100	113	126	119	125	141	117	147	146	142	89	149	111	81	110	100	125	137	110	125	107	135	112	109	117	74	116	98	97	136	140	158	168	123	150	116	123	156	102	90	7820	10949	10566	11071	8995	8521	9902	8309	93	104	101	105	10641	11978	11595	12388	12478	10006	11668	11488	129	128	135	103	8091	8219	12467	11142	11206	11211	11438	8949	177	126	104	73	9474	10091	9023	9114	8671	10020	8362	8575	105	112	127	86
23:17:56	132	113	100	139	146	103	130	132	119	97	82	100	112	71	109	126	108	102	136	144	116	123	117	105	111	83	74	143	115	83	105	128	100	68	108	119	150	131	126	117	112	129	143	132	125	118	109	84	8079	10973	10002	10525	9154	8471	9887	8674	111	110	109	117	10623	12108	11671	12669	12620	9559	12053	11562	120	110	89	73	8060	8435	12641	10623	11152	10790	11270	8991	90	103	111	94	9588	9971	9010	9312	8603	9662	8236	8785	73	95	91	134
23:27:56	150	133	100	142	124	92	122	143	99	113	73	103	135	129	153	130	135	118	107	118	108	131	82	152	112	115	92	99	104	127	90	120	135	125	104	127	125	89	118	112	107	97	142	126	89	112	97	101	8089	10730	9865	10674	9447	8677	9861	8319	109	129	107	138	10734	12006	11492	13111	13092	9555	12021	11658	99	101	85	92	8002	8356	12989	10501	11303	10467	11165	9250	90	102	107	104	9867	9631	9200	9245	8802	9716	8383	8605	164	126	87	79
23:37:56	140	124	108	170	119	97	121	121	115	132	106	151	126	113	128	125	106	121	110	122	121	132	107	110	142	138	173	121	128	152	101	95	108	110	128	74	133	131	121	122	104	133	154	100	88	108	113	124	7952	10397	9123	10217	8796	8190	9946	8250	99	111	92	140	10824	11993	11445	13186	13070	9538	12062	11481	133	108	109	149	7893	8403	12796	10104	11227	10267	10759	8928	61	119	105	115	9680	9246	9224	9223	8861	9200	8593	8606	145	99	115	101
23:47:56	134	147	97	101	129	124	86	109	138	135	75	115	129	132	112	139	119	132	88	122	105	114	126	102	101	113	90	135	115	75	126	155	121	93	128	107	102	133	134	145	125	102	129	103	165	97	113	106	8083	9988	9042	9642	8888	8411	10159	8085	123	129	138	113	10708	12031	11736	12634	13045	9293	12434	11617	145	71	95	109	8060	8607	12739	9928	11024	9579	10235	9040	133	83	80	92	10145	9020	9021	8875	9037	9290	8460	8697	107	133	131	88
23:57:56	115	101	146	120	136	114	130	114	119	111	103	123	138	79	94	141	147	119	102	117	84	129	128	112	97	139	125	111	109	112	88	119	120	87	145	94	123	104	131	106	140	91	139	102	77	138	97	122	7772	9266	8700	9676	8632	8482	10158	8399	101	133	95	98	10443	12237	11807	12734	12912	9135	12163	10996	99	150	72	88	7728	8451	13071	9515	10580	9422	9967	8899	80	133	130	100	9779	9001	9155	8932	8978	9410	8405	8472	157	128	114	112
24:07:56	85	120	131	136	130	139	110	119	71	136	85	64	152	132	100	132	142	98	105	127	95	104	112	116	85	99	104	106	59	137	149	122	105	115	120	79	126	132	158	135	124	120	151	84	112	107	67	68	7861	8899	8569	9297	8224	8433	9852	8176	144	108	126	116	10101	11902	11175	12621	12980	8758	12066	10781	115	113	125	99	7849	8317	12716	9664	9834	8769	9506	8762	128	59	108	107	9892	8938	8742	8753	8703	9473	8525	8625	96	85	117	142
24:17:56	135	77	119	144	98	124	150	128	120	122	120	114	89	132	117	132	131	117	128	136	110	126	92	88	78	115	136	84	136	92	138	135	133	82	88	83	146	121	119	131	141	164	119	94	134	128	129	130	8047	8192	8481	8981	8360	8284	9631	8182	105	93	89	70	9781	11950	10939	12491	12681	8552	11738	10416	126	121	97	113	8220	8507	12460	9382	9335	8761	9232	8324	139	125	89	120	9761	8858	8960	8829	8282	9223	8519	8290	89	104	103	111
0:00:00																																																																																																
0:00:00																																																																																																
0:00:00																																																																																																
0:00:00																																																																																																
0:00:00																																																																																																
0:00:00																																																																																																
0:00:00																																																																																																
0:00:00																																																																																																

