mScarlet-i:570,593[2]

Kinetic read	A1	A2	A3	A4	A5	A6	A7	A8	A9	A10	A11	A12	B1	B2	B3	B4	B5	B6	B7	B8	B9	B10	B11	B12	C1	C2	C3	C4	C5	C6	C7	C8	C9	C10	C11	C12	D1	D2	D3	D4	D5	D6	D7	D8	D9	D10	D11	D12	E1	E2	E3	E4	E5	E6	E7	E8	E9	E10	E11	E12	F1	F2	F3	F4	F5	F6	F7	F8	F9	F10	F11	F12	G1	G2	G3	G4	G5	G6	G7	G8	G9	G10	G11	G12	H1	H2	H3	H4	H5	H6	H7	H8	H9	H10	H11	H12
0:07:56	151	129	117	87	121	141	120	125	103	96	116	119	84	110	125	91	97	125	105	111	138	127	117	94	114	127	118	95	83	60	124	138	82	79	113	125	144	125	134	111	137	140	93	115	91	105	111	120	116	127	101	136	98	111	127	111	121	100	94	104	114	150	116	129	134	99	137	118	144	91	119	116	102	118	150	99	99	109	70	120	107	112	89	116	111	154	122	79	86	118	111	96	110	111	110	86
0:17:56	111	156	106	138	144	100	141	86	83	111	67	136	121	125	129	122	136	98	144	96	115	108	103	99	93	108	147	88	122	113	117	135	130	107	110	117	118	86	86	83	99	109	107	89	145	143	89	127	127	117	78	114	77	89	87	151	124	64	97	105	136	120	135	125	129	134	110	106	109	93	124	100	106	105	105	96	93	114	106	143	113	109	81	118	119	120	104	123	120	124	115	110	114	107	132	139
0:27:56	148	110	78	123	119	118	125	123	104	88	88	80	119	122	101	116	98	141	121	110	101	134	90	131	128	52	121	86	113	139	145	87	105	92	77	135	99	102	117	112	117	142	123	91	106	105	142	107	98	127	157	150	84	120	149	106	142	119	119	107	103	110	119	141	128	105	107	100	95	99	131	109	111	140	174	136	105	151	151	125	134	122	129	128	104	147	165	142	125	125	122	102	91	150	123	117
0:37:56	100	144	100	129	139	121	126	133	120	106	92	100	65	108	134	114	107	119	129	106	121	98	130	101	100	91	139	134	112	134	137	123	105	133	113	85	80	132	122	132	115	113	93	115	109	95	108	100	137	122	122	137	112	134	132	123	133	127	112	114	107	120	127	94	164	80	143	84	135	86	93	127	97	133	111	133	169	120	84	125	123	124	119	102	127	98	113	99	102	85	56	152	118	106	115	107
0:47:56	116	77	134	138	142	158	118	162	136	111	111	136	114	116	141	112	77	114	98	161	95	88	94	105	103	104	121	129	120	161	135	105	123	105	103	109	115	124	82	143	69	93	99	117	110	117	141	82	102	123	114	102	124	129	85	127	115	104	111	118	129	105	166	126	143	104	113	106	99	126	109	58	128	133	108	115	128	103	121	134	121	110	109	89	125	125	107	95	108	82	120	156	129	138	106	117
0:57:56	110	119	121	129	102	129	102	114	99	126	74	82	102	134	101	104	112	109	110	98	138	133	97	107	145	99	87	135	88	137	103	98	127	123	159	125	122	100	116	142	138	88	86	130	107	117	101	95	142	139	119	107	90	111	101	148	149	114	125	97	112	132	102	95	118	83	128	130	111	88	107	97	140	149	93	122	123	128	109	154	108	117	98	87	134	119	90	107	136	106	114	112	114	76	117	123
1:07:56	92	109	112	96	130	130	122	103	97	115	119	127	103	116	132	95	124	105	117	119	72	116	92	79	103	79	120	125	115	126	130	143	116	122	90	103	104	139	113	135	123	102	116	119	131	122	127	139	130	143	108	114	159	110	131	126	95	105	107	97	127	103	112	125	125	93	113	136	102	96	91	78	133	89	122	116	131	122	160	138	116	117	111	92	185	115	142	109	93	105	137	143	90	81	90	141
1:17:56	109	119	100	106	122	125	85	107	82	138	107	133	89	109	113	137	92	132	103	134	119	115	103	136	101	122	112	136	138	120	108	130	84	112	95	125	75	124	98	97	114	144	138	112	117	146	101	131	187	137	139	126	139	132	123	133	124	122	116	103	157	177	139	129	147	110	136	129	100	90	115	130	182	122	126	133	142	145	112	160	137	102	89	127	161	202	157	129	105	132	146	154	107	127	122	109
1:27:56	124	100	88	125	113	110	128	93	118	118	86	130	109	122	116	97	113	110	112	125	143	143	106	88	97	111	109	101	129	111	128	110	117	109	84	105	157	124	141	150	114	99	115	88	112	132	114	133	213	183	126	156	167	161	163	138	148	143	102	116	192	185	139	156	151	136	156	197	100	97	88	119	247	128	168	136	157	160	148	142	93	128	88	73	190	177	198	127	194	150	150	140	85	99	125	100
1:37:56	113	113	104	104	145	123	130	112	120	74	111	75	118	112	128	130	99	131	164	134	122	81	127	100	168	103	107	107	151	182	100	77	111	129	100	109	119	90	142	126	120	113	108	128	117	102	82	144	201	192	141	163	189	205	168	182	105	94	130	108	266	187	219	133	157	217	144	170	126	100	142	101	224	184	148	147	152	218	152	166	129	100	94	120	211	276	137	168	175	123	159	170	103	122	88	82
1:47:56	119	100	88	105	78	110	128	105	128	100	109	118	106	81	110	126	138	110	111	118	123	68	70	105	99	84	104	104	118	120	101	115	148	76	108	123	104	114	99	126	125	128	110	119	66	118	135	91	204	187	185	125	166	216	169	181	100	112	134	107	229	252	226	177	134	254	181	229	127	120	107	106	247	166	181	129	166	214	163	212	124	77	117	74	214	257	312	170	202	133	218	207	79	87	127	67
1:57:56	73	93	126	108	75	130	105	120	107	96	179	103	142	94	113	65	139	151	150	112	82	82	98	104	122	129	97	111	125	113	88	115	117	92	77	99	136	132	98	153	107	109	81	103	91	109	92	79	285	292	207	145	247	289	221	262	107	117	63	99	275	262	231	135	232	312	200	280	105	94	89	110	302	202	203	214	248	284	222	231	145	116	117	118	294	350	244	169	224	126	283	288	135	103	86	88
2:07:56	80	139	127	89	100	95	105	89	119	96	111	91	125	112	123	122	142	111	58	136	132	96	131	79	94	100	136	149	153	66	111	146	121	114	111	92	95	127	91	134	117	134	136	114	96	104	89	89	321	269	266	188	271	381	265	262	92	151	107	133	378	275	279	177	309	304	245	302	123	105	73	79	345	282	267	228	302	333	262	248	117	113	108	118	340	411	283	203	323	118	254	255	127	101	86	75
2:17:56	125	96	101	123	125	106	119	145	119	93	78	99	131	103	157	127	133	102	124	111	115	93	95	110	110	101	132	100	96	118	118	100	106	138	106	111	139	95	122	123	105	136	100	120	98	135	112	109	432	315	331	210	391	453	327	395	92	138	155	123	395	278	306	188	368	397	326	338	154	113	113	105	448	311	295	235	375	462	292	386	147	112	94	71	388	506	348	180	344	154	263	310	78	85	151	110
2:27:56	152	129	109	122	144	113	125	105	103	109	109	112	103	141	96	115	103	124	150	128	107	107	110	114	140	138	109	70	86	123	131	133	105	118	88	118	125	106	140	92	140	93	119	154	101	124	126	117	527	357	342	178	446	490	403	444	101	121	111	78	453	387	390	235	394	487	328	394	109	138	70	90	492	346	329	222	380	468	284	395	100	112	135	130	515	376	377	239	392	149	437	381	133	112	81	106
2:37:56	76	133	92	114	164	87	145	114	116	90	126	80	94	102	111	114	128	108	114	104	109	76	129	82	122	117	145	94	137	115	83	124	129	152	93	94	81	171	108	102	144	79	101	120	101	79	124	117	491	446	440	272	483	618	484	501	115	124	116	116	597	401	407	298	450	625	431	454	128	86	96	105	585	333	363	284	483	553	488	523	130	124	137	111	566	525	443	230	473	176	427	426	112	102	125	80
2:47:56	75	127	142	109	188	130	107	113	122	112	92	139	136	117	134	130	88	149	109	120	93	94	113	100	97	133	126	129	122	105	132	115	154	135	123	116	79	144	121	111	124	101	71	119	152	133	127	108	684	468	552	312	604	753	566	560	93	118	89	131	625	465	526	290	579	765	491	599	115	119	103	123	658	442	405	331	554	670	518	618	100	125	143	91	671	522	499	300	533	189	504	551	134	78	94	123
2:57:56	111	130	130	112	127	101	108	132	129	71	116	121	132	122	86	139	127	141	123	124	113	101	72	108	119	111	124	114	143	90	127	111	132	125	88	128	90	94	100	116	109	118	75	110	113	85	98	121	844	577	618	353	655	777	617	745	107	128	94	124	693	554	543	363	678	851	559	655	123	150	80	114	766	543	516	374	659	730	531	748	104	88	140	106	836	658	609	299	621	184	544	681	109	131	103	127
3:07:56	109	112	148	100	135	101	140	150	140	105	131	115	108	112	144	94	104	100	138	113	113	111	66	134	97	149	109	157	118	72	119	87	83	96	97	119	134	137	130	108	178	89	117	137	70	80	131	91	913	663	670	374	753	1033	650	825	120	114	96	107	825	635	614	445	723	1037	680	783	144	84	92	91	905	658	537	379	764	908	573	800	132	126	126	73	848	669	741	381	760	184	713	761	106	107	101	123
3:17:56	133	134	106	109	110	111	117	138	147	111	103	95	114	121	101	132	149	101	94	105	115	127	92	102	103	133	134	109	133	128	121	92	135	67	153	94	87	133	124	114	94	120	143	99	109	151	74	114	1015	723	768	446	887	1042	760	943	81	102	110	98	933	784	758	444	813	1042	844	899	87	110	107	90	927	689	679	413	925	1088	768	949	118	107	113	117	973	705	696	399	858	239	766	845	109	94	105	118
3:27:56	148	134	112	125	84	113	103	135	121	107	75	107	120	152	111	109	102	117	151	82	78	98	96	139	108	96	109	123	121	116	135	132	116	120	139	101	119	125	156	107	142	111	122	132	102	89	88	113	1114	799	835	456	1026	1169	869	1111	108	91	106	118	1119	788	871	502	988	1247	896	1089	146	107	105	74	1078	842	751	447	927	1161	867	1008	106	121	108	89	1086	846	865	480	967	273	830	1093	103	98	97	101
3:37:56	151	103	106	133	147	114	118	141	135	101	89	79	107	96	105	118	100	143	105	89	102	99	123	81	152	115	90	153	133	123	92	109	106	89	100	94	127	98	138	146	132	84	98	116	120	127	75	149	1371	881	999	552	1147	1264	1091	1177	122	105	83	125	1200	983	891	550	1134	1366	1022	1190	129	110	108	111	1268	928	878	483	1187	1250	1011	1116	146	92	109	127	1103	926	890	573	1180	285	1024	1151	146	110	99	126
3:47:56	139	123	107	140	115	140	137	125	114	117	107	93	141	122	152	109	121	129	129	126	123	92	112	87	108	115	120	100	102	108	144	106	130	94	107	125	115	142	96	134	106	109	95	141	108	116	90	145	1454	1095	1098	638	1286	1522	1040	1383	150	107	100	110	1398	1075	1052	586	1276	1487	1151	1298	128	103	116	88	1255	1063	1007	624	1240	1486	1100	1299	93	112	85	142	1361	1007	1112	534	1196	364	1147	1208	103	100	104	83
3:57:56	123	110	179	122	114	105	115	99	68	112	121	107	87	89	130	127	58	85	75	133	117	116	123	87	101	131	133	147	95	78	141	108	92	126	98	82	118	157	129	96	99	107	101	136	122	46	98	122	1512	1158	1193	632	1401	1617	1199	1498	132	128	88	128	1571	1123	1160	645	1406	1541	1353	1401	117	101	92	108	1521	1108	998	668	1321	1601	1135	1442	129	116	99	103	1535	1135	1170	613	1302	363	1189	1393	103	112	102	79
4:07:56	95	96	122	88	96	48	152	138	122	127	136	77	138	55	101	112	131	127	128	108	94	117	113	97	125	130	127	114	87	96	148	102	146	133	110	113	118	114	81	166	103	90	140	142	109	73	84	104	1697	1202	1319	709	1449	1893	1300	1711	94	131	113	111	1697	1180	1307	713	1384	1805	1373	1521	111	119	94	118	1616	1265	1172	691	1491	1740	1333	1581	125	82	111	100	1787	1261	1287	679	1388	382	1248	1475	101	87	105	95
4:17:56	126	124	127	133	86	118	91	77	118	60	132	62	82	126	122	132	109	113	129	112	120	79	117	74	71	145	123	104	103	95	134	108	106	108	105	124	91	113	115	132	133	113	139	124	156	116	94	112	1816	1359	1328	791	1647	2062	1462	1847	128	105	126	107	1859	1349	1401	800	1532	1866	1432	1653	136	137	107	133	1877	1349	1351	792	1644	1865	1338	1740	95	107	91	114	1857	1281	1401	792	1558	395	1449	1631	169	122	140	105
4:27:56	128	122	134	93	100	117	137	103	131	105	86	115	136	124	103	107	101	122	110	77	99	83	155	148	109	131	109	91	89	116	92	128	84	86	89	105	103	116	144	159	108	109	97	137	114	78	113	94	1994	1575	1549	911	1757	2209	1523	2013	146	111	99	74	2193	1497	1528	839	1737	2085	1539	1920	94	109	101	129	1960	1541	1461	864	1645	2075	1597	1873	101	77	130	89	2052	1655	1556	843	1827	456	1571	1872	101	108	109	69
4:37:56	90	86	110	111	160	140	85	100	130	82	110	81	99	126	102	119	94	65	123	120	116	135	95	105	101	95	115	138	104	107	99	83	152	122	86	93	118	136	81	97	134	139	109	125	103	142	122	82	2233	1706	1620	1007	1934	2362	1685	2128	112	93	119	100	2266	1575	1740	1071	1911	2289	1718	2075	172	144	106	125	2372	1542	1507	935	1914	2319	1741	2071	140	116	132	122	2233	1651	1680	1017	1927	484	1781	1994	142	120	118	123
4:47:56	92	100	101	87	86	141	115	153	129	111	125	119	67	108	67	114	72	85	115	104	91	99	81	121	93	92	123	128	91	104	94	93	97	120	87	74	68	115	92	157	80	133	88	130	85	88	170	109	2576	1837	1714	1089	2050	2759	1907	2379	138	120	89	104	2414	1662	1799	1109	2256	2592	1797	2362	118	121	128	123	2470	1770	1715	1113	2053	2420	1829	2183	123	117	93	124	2424	1777	1807	1011	2089	530	1960	2167	104	120	80	111
4:57:56	105	138	111	154	146	113	93	108	113	115	103	86	97	102	74	85	113	91	123	82	117	78	109	112	77	130	91	141	103	125	106	128	116	116	102	111	97	118	123	106	113	126	112	100	102	135	100	90	2712	2062	1946	1175	2339	3010	1991	2544	129	111	83	113	2608	1896	1973	1135	2284	2770	2051	2539	120	126	96	125	2710	1977	1797	1261	2152	2677	2101	2348	110	87	113	119	2693	1934	2057	1133	2205	567	2087	2332	110	90	91	135
5:07:56	99	86	137	109	124	110	83	133	115	83	81	61	81	105	133	126	101	69	121	113	124	82	91	100	109	127	118	103	129	112	146	101	71	130	54	95	86	109	112	155	99	115	104	84	119	85	87	98	2917	2120	2115	1328	2371	3412	2240	2774	129	116	121	64	2853	2084	2173	1295	2417	2938	2174	2731	74	60	115	69	2908	2163	1947	1317	2486	2935	2253	2630	109	92	109	124	2846	2182	2146	1294	2461	570	2390	2559	149	74	147	130
5:17:56	92	105	126	111	137	114	126	70	135	97	148	97	109	90	126	136	47	55	89	127	135	109	65	109	111	75	91	90	83	94	93	123	112	115	84	91	66	104	113	124	132	88	132	151	142	98	134	102	3230	2460	2306	1437	2694	3730	2295	3063	112	97	89	82	3210	2287	2326	1503	2717	3133	2250	2879	137	112	104	77	3240	2243	2072	1503	2848	3047	2453	2779	98	75	144	91	3192	2223	2471	1360	2535	743	2395	2669	97	131	126	142
5:27:56	91	94	100	96	118	98	105	73	91	129	108	125	122	112	58	108	123	116	121	101	120	97	116	108	108	148	106	128	122	128	104	140	119	83	88	90	124	123	131	111	100	110	101	126	104	114	112	101	3370	2488	2410	1537	2935	4076	2463	3493	108	120	105	90	3421	2421	2420	1476	3032	3513	2421	3149	104	108	94	118	3529	2479	2325	1512	2828	3418	2555	3158	91	111	129	115	3203	2375	2523	1525	2703	726	2589	2931	118	108	121	113
5:37:56	129	107	102	125	142	141	80	104	111	110	142	102	127	99	89	119	99	119	107	118	89	94	139	67	110	100	50	110	120	139	87	101	88	135	123	90	100	116	111	131	89	138	94	113	141	93	88	98	3715	2751	2597	1576	3103	4686	2675	3757	126	123	126	89	3569	2717	2561	1647	3268	3696	2704	3376	70	102	111	103	3904	2592	2335	1648	3082	3631	2578	3417	119	93	130	127	3601	2667	2722	1670	3076	815	2642	3251	137	93	100	143
5:47:56	77	111	116	121	123	109	105	96	116	102	112	141	111	86	69	78	102	96	70	130	146	93	93	96	112	95	87	125	87	101	88	119	108	78	126	118	88	99	99	85	80	105	133	96	121	97	87	85	3911	2971	2805	1746	3349	5062	2877	3992	95	68	112	127	3818	2905	2749	1759	3454	4185	2782	3565	72	123	90	109	3901	3005	2682	1745	3313	3927	2855	3985	104	113	111	129	3860	2920	2926	1712	3316	934	2887	3250	123	110	85	86
5:57:56	107	79	89	159	120	106	94	130	160	113	89	112	111	130	104	92	124	101	102	90	101	135	121	103	103	114	121	89	92	118	86	124	112	119	85	125	87	118	96	123	111	118	113	139	109	116	124	134	4300	3099	3095	1843	3596	5469	2993	4333	123	103	118	116	3882	3171	2851	1947	3307	5129	2965	3978	105	118	108	109	4853	3116	2804	1857	3664	4166	3134	4368	83	118	106	105	4002	3053	3156	1804	3568	1016	3163	3745	130	110	103	93
6:07:56	98	121	71	150	107	68	112	115	144	88	100	115	108	148	132	129	84	111	117	109	101	84	83	101	75	106	122	126	115	134	104	111	129	115	123	112	98	79	98	121	62	96	83	98	118	137	89	129	4628	3287	3191	2003	3830	5735	3365	5081	114	93	97	107	4092	3187	3126	1893	3779	5759	3393	5041	111	92	97	127	5400	3177	3007	2039	3824	4680	3400	5140	115	96	113	96	4186	3238	3359	2033	3808	986	3364	4089	78	117	70	114
6:17:56	87	94	159	87	125	61	122	88	158	124	117	87	98	89	82	128	73	114	113	81	103	100	72	98	92	80	132	106	101	113	79	75	122	124	133	80	77	129	113	124	103	119	119	100	142	131	89	123	4772	3694	3587	2186	4240	6451	3761	5317	102	87	120	109	4658	3412	3444	2154	3924	6261	3611	5430	109	106	106	123	5972	3375	3283	2057	4257	5211	3715	5267	134	119	116	114	4582	3432	3341	2006	4256	1191	3615	4542	99	85	125	137
6:27:56	90	91	86	102	139	121	107	83	103	100	128	118	63	96	94	121	75	128	110	95	98	102	115	105	86	104	104	99	125	114	152	110	88	98	92	99	80	130	124	125	134	138	127	122	144	71	117	111	4873	4132	3733	2245	4717	6866	4071	5762	112	110	91	130	5063	3484	3715	2230	4544	6866	3863	5973	92	100	87	126	6682	3642	3556	2217	4986	5675	3964	5535	120	74	59	102	4744	3665	3638	2254	4678	1218	3915	5507	94	78	99	114
6:37:56	92	100	108	130	113	61	150	102	109	60	125	133	72	131	104	106	93	83	78	148	87	126	140	101	114	96	121	119	89	115	108	89	122	105	100	105	52	78	96	127	90	88	103	142	139	138	118	112	5598	4185	4214	2574	4984	7311	4133	6481	132	102	107	75	5735	3776	3946	2343	4990	7574	4416	6378	104	86	106	115	7301	3894	3702	2331	5236	6119	4634	5916	114	101	80	97	5095	3754	4024	2394	5463	1267	4139	5874	116	126	113	141
6:47:56	65	78	94	86	146	87	100	127	126	83	99	113	94	79	129	131	109	126	92	94	106	96	106	81	140	126	67	98	82	105	101	108	133	135	105	111	108	108	123	116	77	112	76	134	133	114	136	112	6431	4604	4425	2543	5305	8169	4517	6720	113	127	98	141	6181	4005	4177	2695	4889	7896	4741	6733	131	119	110	125	7223	4147	3931	2706	5521	6630	4956	6404	116	108	71	87	6036	4203	4309	2629	5331	1414	4480	6093	58	100	145	66
6:57:56	102	131	99	78	110	103	126	93	129	101	94	77	81	100	111	103	122	109	114	99	122	111	96	107	90	109	129	115	100	85	107	92	57	98	101	92	96	146	94	107	89	94	123	113	107	105	136	100	6783	4960	4818	2810	5852	8710	5120	7557	74	66	90	119	6760	4424	4339	2756	5518	8557	4992	7221	103	122	108	94	8079	4441	4644	2787	6103	7463	5799	6834	133	89	95	114	6874	4687	4638	2778	6126	1556	4889	6581	124	82	103	94
7:07:56	111	96	98	104	152	136	86	106	103	124	118	108	116	110	80	123	77	158	113	86	101	92	102	112	130	103	80	119	86	100	134	142	112	91	119	143	90	113	128	131	66	99	86	99	87	85	101	86	7541	5422	5225	3016	6146	9313	5637	8059	68	100	116	97	7212	4956	5371	3103	6489	9300	5913	7908	112	76	135	102	8784	4622	4639	3058	6297	8235	5916	7526	124	73	122	103	7640	5072	5009	2998	6385	1622	5584	6726	94	110	141	119
7:17:56	135	127	86	78	131	115	102	111	99	119	125	111	79	68	108	114	93	104	116	111	119	100	104	142	104	113	92	141	99	102	113	83	108	65	109	121	104	126	109	120	109	134	121	136	132	132	86	104	7925	6009	5758	3016	6976	10140	6086	8361	79	117	64	108	7764	5377	5390	2990	6644	9855	6553	8538	59	94	81	86	9320	5174	5069	3193	7182	9064	6399	8088	82	99	95	130	8249	5560	5802	3233	6873	1728	6553	7430	113	123	91	112
7:27:56	113	108	123	112	75	113	120	103	124	93	107	101	115	113	116	56	110	108	101	102	123	93	81	144	62	77	87	92	137	88	106	110	124	88	104	129	125	91	103	116	115	132	95	80	130	107	119	84	8495	6724	5982	3270	7671	10675	6601	9176	114	106	98	135	8376	5751	6084	3221	6714	9992	6961	9340	78	123	116	118	10014	5372	5614	3223	7894	10071	7082	8698	130	109	86	103	8799	6375	6612	3293	7554	1732	6690	8312	107	82	108	110
7:37:56	128	95	116	82	130	87	83	93	102	101	130	58	126	77	97	69	90	117	82	90	93	134	117	88	109	106	77	115	74	98	82	102	134	110	110	98	77	103	123	109	126	93	142	115	94	104	107	78	9148	7117	6498	3404	8322	11014	7091	9972	95	113	110	74	8838	6008	6580	3518	8135	10534	7515	9861	114	110	160	87	10571	5710	5851	3311	8620	10750	7599	9281	110	128	127	69	9550	6943	6695	3566	8354	2028	7329	8509	99	111	101	107
7:47:56	111	100	114	101	121	71	137	119	98	95	94	87	82	116	135	102	116	100	130	85	108	96	122	105	92	136	117	95	106	120	136	151	96	136	131	103	137	91	97	83	78	119	110	102	131	135	142	128	9926	7387	6859	3658	9061	11634	7706	10638	118	109	102	70	9587	6432	7080	3703	8814	11268	8218	10289	123	100	86	97	10803	5983	6367	3587	9378	11351	8118	9628	138	91	89	114	10240	7460	7430	3848	8577	2111	7444	8896	126	109	117	96
7:57:56	111	128	107	100	123	74	118	133	118	79	101	100	93	79	141	100	99	108	99	73	83	100	125	71	130	86	134	89	105	102	111	70	110	136	112	95	91	80	80	107	96	106	70	86	65	110	120	126	10690	8210	7758	3998	9671	11908	8209	11191	124	115	123	108	9994	7007	7523	3857	9523	11644	8398	10941	130	99	88	161	11556	6125	6942	3807	9910	11798	8726	10506	138	99	128	105	10708	7904	7780	4105	9433	2324	8209	9964	111	86	104	114
8:07:56	106	84	100	86	110	119	80	123	101	115	116	88	94	67	105	91	152	108	77	90	135	125	148	58	102	111	120	111	121	98	119	90	98	143	87	91	110	84	94	75	131	131	120	102	119	102	136	97	11080	8715	8488	4126	10389	12275	8933	11964	119	106	97	119	10546	7248	8006	4084	10741	11828	9108	11480	99	80	104	105	11792	6908	7600	4052	10610	12238	9216	11077	129	91	111	118	11064	8559	8433	4383	9879	2503	8679	10652	139	107	148	111
8:17:56	58	107	107	126	100	111	87	111	100	122	73	151	94	118	87	87	123	101	121	117	140	95	109	101	122	118	103	120	93	107	118	115	105	120	140	110	122	93	116	101	83	127	101	127	111	100	115	113	11334	9294	8927	4313	10534	12206	9533	12520	108	93	113	98	11241	7563	8294	4316	11680	12455	9701	11789	136	122	81	119	11998	6923	8206	4343	11192	12605	10025	11244	130	80	118	79	11686	9068	8903	4599	10409	2474	9099	10718	91	105	93	106
8:27:56	98	102	82	157	118	123	102	102	110	88	131	131	106	132	92	118	95	140	129	79	131	95	110	100	105	85	107	69	94	81	115	116	115	97	101	83	130	98	98	123	111	127	102	118	129	89	109	99	11899	10091	9686	4720	11031	12749	10184	12871	95	84	73	99	11142	8176	8916	4753	12350	12414	10312	12540	125	100	92	109	12494	7648	8647	4519	11522	13253	10299	11935	143	87	131	124	11950	9745	9273	4911	10795	2654	9429	11296	103	123	105	112
8:37:56	142	118	94	55	107	114	126	119	127	100	93	118	96	129	128	107	120	77	108	72	93	95	145	107	99	75	122	110	101	92	96	96	110	95	116	119	81	117	122	107	120	101	90	140	110	94	122	126	12190	10676	10192	4972	11904	12863	10771	13475	124	105	107	113	11238	8716	9488	5000	11982	13207	10776	12708	122	107	110	99	12935	8244	9171	4940	12432	13444	11074	12279	111	108	88	113	11997	10189	10181	5266	11301	2753	10290	11978	110	139	79	94
8:47:56	88	85	108	62	111	122	129	92	102	85	102	100	87	123	87	129	95	132	116	98	128	124	141	96	118	98	89	102	94	120	89	124	109	133	33	108	126	112	78	90	105	105	92	105	92	133	106	117	12473	11117	10894	5453	12248	13453	11340	13558	94	98	87	115	11586	9388	9832	5465	12554	13651	11764	13088	111	103	103	126	13029	9058	10242	5349	12497	13673	11442	12930	101	118	130	139	12327	11084	10880	6068	11882	2947	10925	12055	114	107	77	112
8:57:56	133	102	116	111	142	133	118	116	108	95	74	74	146	105	103	96	95	123	127	100	125	146	121	78	68	134	131	103	89	104	108	110	70	130	116	101	117	82	147	125	91	114	105	116	141	120	91	101	12806	11605	11131	5364	12468	13542	11955	14003	155	113	99	133	11588	9806	10377	5720	13266	13800	12148	13340	107	95	90	128	13404	9343	10220	5839	12808	13854	11751	13015	121	104	101	128	12449	11635	11607	6878	12059	2899	11361	12598	143	115	92	111
9:07:56	108	111	107	113	132	107	108	72	120	66	110	98	115	121	99	82	134	98	124	112	120	129	115	125	117	108	114	97	110	119	102	109	106	99	109	106	110	105	134	122	115	119	109	148	104	137	91	106	13078	11884	11705	6575	12447	13848	12563	14562	104	90	83	86	11698	10285	10955	6264	14109	14394	12776	13845	100	131	121	113	13546	9980	10903	6306	13406	14232	12345	13514	117	93	95	103	12501	11831	11352	7117	12403	3268	12051	12807	95	117	96	129
9:17:56	98	71	90	101	103	96	120	69	100	114	92	115	127	125	116	86	123	88	114	96	81	104	93	131	131	126	95	59	71	115	51	97	119	94	100	117	71	65	100	134	85	118	126	110	106	84	138	116	12779	12298	11971	6974	13083	14025	12758	14925	107	88	107	90	11876	10864	11240	6566	14687	14479	13022	14197	129	116	94	122	13682	10881	11448	6870	13672	15071	12804	13748	132	66	111	97	12581	12303	11309	7611	12440	3501	12253	13375	96	118	98	172
9:27:56	81	107	111	105	128	104	84	88	96	113	98	87	96	96	101	82	94	93	159	134	103	100	101	159	102	104	102	107	106	87	104	90	118	108	100	95	140	119	114	106	131	144	89	179	110	101	93	118	12996	12662	12523	7610	13212	14595	12998	15343	176	123	109	103	12229	11173	11502	7494	14267	14722	13515	14524	93	117	122	108	13973	11466	11894	7653	13789	15205	13271	14285	131	97	97	94	12823	12881	11730	7839	12896	3571	12772	13927	110	98	116	123
9:37:56	116	111	96	72	112	140	101	113	118	104	87	74	111	83	93	103	105	120	86	115	111	101	91	141	117	117	95	128	140	141	134	84	67	119	78	93	100	95	135	139	117	80	83	133	97	101	93	102	13295	12752	12894	8220	13563	14493	13440	15331	122	130	92	94	12108	11474	11991	7780	14827	15184	13797	14491	104	100	80	122	14048	12339	11979	7910	14147	15332	13668	14376	86	84	74	117	12954	12764	11908	8478	12985	3901	12593	13932	109	103	81	56
9:47:56	108	116	96	92	116	112	96	93	100	88	155	112	115	85	84	51	99	146	132	98	117	80	86	121	73	96	98	71	83	101	89	65	142	79	101	94	105	80	89	108	109	90	112	135	99	106	138	97	13467	13055	12689	9126	13495	14252	13523	15662	86	118	74	147	12212	11689	12129	8679	15289	14965	13775	14632	114	109	144	120	14166	12437	12193	8318	14031	15393	14088	14231	93	88	110	145	12559	12828	12368	9055	13235	4000	12708	13850	111	82	108	140
9:57:56	100	95	98	94	129	83	119	93	94	85	141	120	136	90	92	88	121	113	110	102	124	119	120	101	104	126	136	131	92	130	120	96	150	104	122	91	131	109	97	85	123	160	126	131	125	102	100	91	13453	13181	13292	9378	13894	14856	13648	15410	97	85	108	79	12086	12174	12048	9290	15375	15180	14043	14875	116	91	122	100	14213	12598	12627	8933	14298	15537	14217	14526	124	101	96	119	12566	13148	12132	9287	13390	4128	13297	14101	123	85	100	116
10:07:56	103	106	144	112	118	82	110	125	89	126	101	94	79	103	98	77	114	107	115	112	99	104	109	112	121	93	98	94	95	94	88	114	103	105	86	96	104	124	68	122	122	91	87	133	132	83	108	150	13844	13457	13658	10258	13777	14888	13931	15838	103	109	119	114	11857	12259	12789	9267	15385	15499	14044	14996	126	96	98	78	14511	12984	12866	9685	14139	15974	14434	14545	163	73	118	95	12787	13018	12590	10086	13584	4441	13147	14037	156	104	108	119
10:17:56	101	100	101	108	144	115	156	106	94	69	111	127	83	77	87	78	78	93	104	130	152	107	88	91	79	105	83	75	80	124	101	113	108	106	112	109	143	119	126	116	127	152	128	123	94	87	61	104	14471	13471	14065	10921	14192	14855	14242	15868	97	107	82	119	11978	12485	13301	10264	15241	15565	14200	14878	109	88	107	125	14582	13559	13517	10001	14392	16271	14767	15106	87	106	98	76	12883	13548	13418	10570	14057	4795	13679	14091	141	102	101	90
10:27:56	120	105	86	142	112	94	109	86	144	123	114	58	66	105	95	109	145	149	144	136	119	98	76	54	108	114	123	106	102	116	112	114	129	101	90	72	122	122	102	100	73	113	144	161	114	120	113	101	14526	13960	14233	11857	14274	15337	14614	16540	104	56	112	105	12527	12994	13371	10793	16066	15668	15104	15603	122	134	80	136	14841	14529	13921	10603	14452	16161	14966	15403	143	107	104	94	13231	13675	13458	11199	13849	4818	13774	14588	92	121	113	97
10:37:56	114	121	93	111	97	132	127	67	111	110	69	104	130	142	122	84	97	103	93	103	98	97	118	109	120	89	132	85	152	99	105	127	79	90	90	138	119	125	112	120	135	115	147	118	167	116	118	66	14617	14339	14259	12617	14485	15582	14526	16477	167	106	120	111	12269	13107	13491	11233	15963	16373	15051	15829	88	79	99	117	15166	14439	14232	11363	14945	16502	15112	15429	105	137	98	140	13526	13892	13778	11816	14031	5171	14016	14663	77	80	99	116
10:47:56	94	115	125	99	99	96	114	116	118	127	128	90	75	97	123	74	140	107	134	141	109	99	109	79	154	125	91	76	138	93	115	141	104	85	107	101	100	101	132	143	108	100	130	139	136	104	124	120	14639	14417	14647	13566	15076	16218	14969	17256	90	106	85	108	12483	13759	14254	11745	16117	16597	15619	16243	114	106	92	85	15354	15297	14868	12176	15518	17078	15753	15702	97	89	102	107	13562	13810	12945	12353	14436	5739	14329	15026	138	108	107	116
10:57:56	95	117	96	121	104	98	70	121	125	99	107	97	123	82	140	92	136	105	116	101	128	128	126	121	111	84	145	94	83	185	113	95	133	109	121	104	114	90	100	121	120	138	88	119	89	94	115	121	14659	14827	14885	14529	15421	16109	15260	17372	78	47	106	120	12948	13782	14059	12297	16080	16785	15529	16386	108	122	99	96	15301	15465	15086	12672	15679	17040	15681	15670	110	135	102	99	13523	13785	12742	12404	14484	6472	14195	15137	140	105	112	108
11:07:56	99	67	86	100	108	77	129	99	123	100	94	103	107	93	106	127	107	132	147	126	113	85	176	117	112	124	82	101	94	105	53	100	102	104	153	91	120	113	112	154	132	111	141	149	106	84	89	84	14879	14731	15311	15233	15528	15788	14815	17330	98	102	118	117	13061	13793	14307	12666	16178	16937	15482	16522	143	100	104	78	15258	15797	14783	13664	15870	17283	15952	15410	101	95	74	100	13458	14128	13293	12668	14458	6869	14386	15075	104	94	122	108
11:17:56	110	107	106	113	140	103	118	109	124	123	148	54	105	131	147	112	111	145	107	105	81	119	86	100	94	100	99	68	84	132	98	118	110	104	58	149	135	105	151	129	140	93	135	132	93	147	110	110	15192	14990	15096	16339	15915	16495	15260	17493	136	91	91	100	13008	14424	14440	13134	16213	16750	16061	16614	66	114	132	101	15742	16095	14851	13581	16069	17238	16067	15932	115	102	102	108	13555	14232	13704	13653	15097	7577	14402	15248	107	58	89	152
11:27:56	116	88	166	84	119	106	96	69	113	115	147	113	135	112	105	120	111	114	116	116	140	105	100	110	129	108	113	126	124	67	123	132	107	118	83	116	104	91	146	105	118	128	127	144	123	113	123	131	15113	14896	15355	16486	15825	16539	15519	17440	105	83	102	77	12598	14455	14302	13039	16306	16950	16027	17117	124	109	74	113	15289	16255	15318	13931	16163	17345	16038	15672	115	106	102	154	13444	14385	13572	13555	15145	8322	14678	15308	104	91	111	120
11:37:56	133	119	107	111	98	166	128	104	119	96	104	123	135	104	119	118	116	104	89	126	132	95	111	96	130	117	116	127	89	129	123	157	122	108	107	100	118	92	144	113	120	167	112	120	105	130	106	82	15228	15401	15414	16962	15927	16426	15472	17377	141	52	107	141	12899	14292	14702	13310	16380	16986	15855	17104	119	109	108	107	15585	15983	15585	14087	15725	17549	16025	16042	131	118	119	74	13495	14805	12821	13608	15650	8576	14487	14980	97	145	86	104
11:47:56	79	123	100	102	159	120	120	92	133	91	74	112	65	83	111	117	81	107	134	126	96	93	111	132	129	101	102	111	153	102	102	101	107	81	110	85	119	160	80	101	147	133	109	84	108	104	96	110	15390	15114	15603	17630	16170	16571	15829	16994	104	94	109	125	12706	14333	14601	13708	16853	16805	16136	16801	113	130	118	114	15875	16175	15511	14443	15998	18108	16368	16386	90	109	89	96	14162	14818	13627	13546	15590	9093	14742	15440	126	98	112	92
11:57:56	142	75	91	88	168	109	143	132	116	101	104	114	100	99	150	124	112	147	99	110	149	105	119	118	85	111	113	131	133	125	122	109	95	67	105	83	115	126	102	103	111	121	109	135	89	115	106	111	15339	15703	15425	17822	16389	16432	15758	17797	109	72	92	125	12730	14916	14711	14054	17333	17139	16300	17041	66	102	108	132	16024	16788	15922	14597	16303	18240	16746	16149	122	110	143	121	14097	14615	13329	13764	15847	9644	14950	15896	103	139	98	110
12:07:56	108	91	127	124	145	102	128	76	91	96	79	88	122	113	89	124	136	93	115	126	153	84	88	115	102	117	115	97	118	111	123	121	87	108	83	118	142	134	118	132	104	116	111	143	83	140	101	97	15644	15739	15858	17847	16109	16955	15757	17683	110	116	76	85	12678	14798	14820	14099	17298	16980	16594	16759	119	105	64	131	15920	16281	16181	14574	16147	18286	16389	16302	106	85	121	98	14034	15088	13517	13913	15510	10524	15062	15596	110	66	68	79
12:17:56	128	74	129	86	124	118	143	115	100	112	130	66	114	108	142	92	103	152	91	121	118	105	114	76	109	111	130	131	129	118	81	119	110	94	91	109	120	153	111	109	76	111	122	140	89	103	133	138	15614	15855	15698	18074	16383	16497	15919	17337	92	142	119	90	13020	15084	15043	14740	16857	17178	16702	17075	124	129	123	102	15828	16974	15973	15049	16357	17952	17161	16332	81	98	113	94	14029	14910	14091	13957	15630	10970	15100	15594	137	83	118	88
12:27:56	100	96	118	130	151	111	110	85	102	98	130	71	152	93	82	94	131	104	133	111	112	91	68	131	125	132	139	115	121	101	101	115	115	82	91	103	121	132	121	155	93	131	98	127	134	135	98	132	15369	15956	15938	18414	16480	16029	15759	17391	109	111	90	124	12633	15206	15236	14648	16868	17016	16570	17052	101	98	128	102	15926	17059	15926	15260	16229	17881	16953	16531	114	112	91	104	13862	15048	13430	14174	16553	11260	15267	15374	87	89	108	95
12:37:56	75	125	117	137	113	142	138	89	109	83	132	129	107	107	94	140	136	139	113	106	95	76	49	107	103	139	104	129	131	154	90	120	127	140	84	88	123	114	103	109	148	149	100	141	95	85	88	115	15215	16105	15537	18275	16001	15916	15729	17236	104	116	108	93	12704	15216	14808	14631	16831	16732	16635	16710	91	125	103	115	15554	17096	15791	15048	16234	17248	16656	16238	109	82	108	128	13664	15144	13982	14208	15800	11863	15109	15535	127	133	85	88
12:47:56	84	97	131	155	163	122	103	95	116	82	85	116	134	85	146	105	112	123	72	117	115	101	112	102	100	87	85	125	105	135	107	96	90	148	114	92	153	117	96	119	118	117	96	132	133	92	117	96	15195	15858	15930	18655	15701	15375	15617	17044	84	158	106	97	12582	14937	14917	14501	16458	15968	16774	16238	107	94	87	131	15501	16662	15841	15308	16464	16864	16299	15773	115	101	125	91	13786	15463	13401	13840	15497	11735	15132	15169	124	127	141	109
12:57:56	149	103	111	135	93	114	135	141	99	107	118	69	111	103	111	82	131	122	127	112	124	104	121	108	94	104	112	129	139	149	124	109	118	120	119	100	116	142	110	151	104	128	123	124	130	96	134	141	15246	16144	15648	18691	15395	15029	15865	16874	136	91	112	141	12610	14981	14897	14619	16081	15825	16428	15857	96	116	122	120	15521	17207	15956	15404	16523	16321	16316	15791	91	113	113	149	13715	14885	14197	13847	15802	12316	14948	15341	90	104	96	102
13:07:56	96	116	83	146	111	92	114	104	119	96	91	95	87	95	130	103	117	122	71	142	110	105	79	108	140	105	96	137	121	99	133	103	153	91	115	108	115	92	139	131	141	157	132	118	152	90	103	111	14688	16050	15700	18799	15456	14404	15583	15793	107	145	87	96	12620	14747	15164	14798	15917	15295	16196	15936	105	108	125	83	15491	17080	15840	15403	15933	15931	16127	15441	81	121	144	92	13512	15187	13396	13871	15675	12239	14756	14957	133	135	107	121
13:17:56	93	131	101	117	132	103	124	109	133	87	90	97	108	127	128	77	112	136	77	100	97	94	106	86	109	98	76	112	106	95	120	136	141	81	98	83	164	118	122	115	143	141	98	172	110	100	117	106	14495	16068	16007	18670	15457	14151	15693	15429	100	71	114	72	12432	14771	15553	14888	15598	14842	16186	15555	150	88	121	118	15256	16837	15847	15429	15691	15447	16549	14675	115	94	121	117	13483	14683	13935	13869	15565	12641	15129	14493	84	125	67	126
13:27:56	138	76	125	116	142	138	126	165	105	119	81	131	100	86	88	127	102	129	132	142	84	138	128	104	125	102	141	121	115	145	115	109	87	101	73	140	123	128	112	130	106	139	124	122	136	123	98	150	14275	16149	15825	18689	15508	14081	16142	15526	110	129	118	126	12481	14743	15174	14989	15756	14514	16388	15108	110	125	101	91	14416	16470	15745	15310	15734	15543	16108	14937	136	103	117	83	12521	14698	13638	13877	15662	12604	15068	14835	106	132	84	105
13:37:56	106	127	100	113	128	85	98	97	128	122	111	111	101	111	111	131	137	121	148	87	128	103	106	105	108	129	129	121	128	161	95	96	138	128	131	83	99	62	113	101	165	115	109	133	146	135	91	110	14085	16092	15695	19238	15543	13890	15993	14622	140	86	122	104	12235	15012	15273	14961	15414	14093	15706	14641	135	94	86	111	14621	16554	15835	15394	15632	15298	16575	14611	110	96	87	120	12253	15353	14240	13989	15340	12860	15426	14453	101	112	96	104
13:47:56	97	134	94	95	112	113	112	91	131	75	94	126	94	110	120	141	127	99	121	114	107	120	123	113	83	120	107	120	110	101	109	103	107	80	78	122	124	88	142	117	129	135	163	110	128	112	151	96	13592	16157	15739	19131	15156	13605	15342	14727	94	112	102	105	12207	15121	15119	15405	15233	14346	16158	14587	129	99	51	111	14340	16710	15956	15289	15319	15018	15923	14224	97	110	106	114	12542	15074	12980	13505	15185	13057	15452	13942	119	86	106	84
13:57:56	99	93	124	79	139	112	127	86	129	95	102	74	66	144	123	127	97	125	101	113	133	106	83	126	148	81	119	98	98	132	115	150	116	81	118	109	139	121	129	92	108	137	110	123	90	104	103	137	13090	15681	15516	19366	14745	13101	15262	14404	84	159	86	106	12879	14959	15335	14978	15002	13370	15362	13749	116	117	114	78	13502	16114	15636	15125	15037	14046	15778	13765	97	90	108	122	11915	14639	12942	13726	14575	12659	14693	13318	142	108	124	112
14:07:56	113	87	100	147	150	83	129	107	123	140	135	91	124	107	125	143	105	111	102	143	78	97	129	131	98	81	152	133	124	82	106	87	72	98	118	100	138	106	115	120	100	77	116	114	115	108	132	115	13501	15895	15409	19405	14721	13134	14876	13957	140	113	134	102	12644	14764	14674	15384	15087	13453	15437	13792	142	76	114	121	13759	16294	16002	15123	14885	14215	15232	13508	100	143	130	108	12101	14442	14033	14239	14640	12672	14535	13330	124	57	87	96
14:17:56	105	95	71	130	113	137	112	101	122	105	90	106	145	109	114	132	123	124	92	148	166	95	94	85	135	92	114	142	133	133	126	83	114	119	95	87	104	96	126	143	81	136	121	132	86	112	66	104	13145	15477	15138	19709	14268	12929	14973	14316	112	115	85	32	12323	14326	14908	15158	14957	13215	15154	13654	138	67	113	97	13390	15846	15979	15898	14503	13635	15252	13686	119	111	81	99	11618	14522	12987	13894	14210	12757	14238	13038	108	99	100	87
14:27:56	101	125	117	135	119	144	107	117	101	113	98	90	131	144	118	104	121	131	120	112	103	102	129	85	139	67	105	117	101	103	114	94	71	122	104	68	139	115	116	126	117	117	84	93	117	94	86	74	12797	15326	15304	19685	14094	12530	14464	14014	117	100	119	109	12269	14047	14575	15166	14029	12949	14551	13493	99	108	84	108	13524	15800	15583	15800	14367	13670	14685	13520	85	108	89	93	11290	14406	13105	14066	13718	12701	13889	12733	81	90	109	108
14:37:56	132	110	118	90	130	91	109	109	137	91	101	116	121	125	82	121	115	145	130	124	135	85	95	96	132	123	116	113	124	136	136	107	83	147	130	87	133	147	99	130	119	157	126	158	90	98	88	110	12721	15090	14462	19613	13484	12700	14018	13611	84	132	89	110	11931	13916	14126	14924	13457	12975	14321	13350	83	93	121	118	12740	15348	15112	15759	13514	13139	14077	13178	109	81	113	112	11168	14172	13089	14168	13392	13015	13493	12515	97	127	95	92
14:47:56	135	149	102	135	106	111	91	87	135	91	133	121	108	72	71	97	115	152	148	117	115	126	109	73	122	128	107	81	91	132	70	130	96	116	123	155	94	114	106	123	133	157	121	184	133	99	76	114	12416	14727	14981	19548	13429	12548	14148	13417	126	112	111	82	11715	14035	13999	15625	13240	12714	14226	13165	99	146	91	110	12959	15367	15204	15832	13456	13311	14275	13296	130	101	106	122	11446	13719	12698	14125	13809	13402	13426	12793	117	86	118	107
14:57:56	118	128	81	114	148	130	98	122	148	120	78	103	98	136	80	96	115	125	104	106	108	78	102	128	133	102	125	112	119	126	114	94	124	117	94	129	80	110	103	146	153	88	100	111	128	76	88	116	12604	14572	14180	19805	13138	12483	13865	13783	107	100	100	135	11748	13831	13659	15229	12658	12499	14021	13117	153	101	127	150	12962	14977	15043	16016	13435	13454	14287	13206	139	89	97	106	11008	13645	13191	14313	13180	13509	13192	12512	117	131	123	98
15:07:56	141	118	115	148	137	111	114	103	91	99	124	98	90	117	93	75	76	78	116	104	112	101	99	83	107	96	96	69	113	137	116	89	129	133	130	114	132	125	100	124	118	104	100	150	122	129	114	104	12133	14175	14035	19721	13206	12220	13680	13456	99	107	83	76	11551	13809	13465	15621	12857	12700	14103	13253	88	124	58	106	12611	14727	14854	16504	13438	13154	13960	13113	122	79	110	87	10996	13715	13331	14392	13178	13652	13332	13075	88	96	96	88
15:17:56	106	108	123	119	109	113	101	70	114	80	71	84	126	133	103	121	106	121	151	124	73	121	103	118	121	118	114	97	147	119	93	128	122	104	105	100	115	113	125	125	103	126	137	157	136	113	83	84	11825	14287	13861	20202	12861	12377	13404	13053	117	104	108	118	11179	13232	13223	16043	12790	12569	13727	12846	112	110	68	100	12659	14442	14456	16402	12985	13090	13897	12967	77	104	105	76	10839	13476	13204	14596	12893	13645	12930	12364	104	110	106	113
15:27:56	111	115	112	107	179	117	109	113	64	146	120	79	116	102	141	102	134	106	108	120	100	57	79	114	109	110	99	104	115	124	128	119	103	79	131	87	106	136	109	111	78	128	89	119	137	138	124	114	11659	13764	13591	19707	12687	11731	12983	13206	121	100	96	112	10975	12819	12590	15705	12988	12410	13441	12714	122	129	115	130	12237	14061	14372	15950	12650	12813	13858	12765	132	89	102	124	10510	13062	12622	14171	12482	13362	12833	12356	133	102	101	102
15:37:56	107	70	107	144	123	105	123	108	84	119	85	75	105	112	117	115	87	112	103	153	88	89	101	91	116	111	104	117	152	96	93	126	88	102	102	84	129	159	111	133	71	115	151	128	106	136	116	115	11731	13513	13707	19961	12429	12076	12853	12848	148	98	112	124	11118	12972	12763	15658	12087	12452	13463	12687	115	109	132	126	12288	14260	14022	15834	12629	12911	13028	12772	114	92	73	148	10593	12938	12771	14443	12344	13985	12787	12434	111	115	120	127
15:47:56	118	86	99	100	159	95	99	107	77	88	89	86	155	100	139	170	97	115	107	116	102	130	97	111	118	46	118	124	107	140	101	89	108	111	111	109	86	115	94	116	85	121	139	115	96	111	88	89	11724	13546	13555	20535	12681	12117	12687	12978	119	104	110	99	10887	12595	12488	16197	11924	12262	13397	12614	102	102	146	99	12311	14031	14014	16260	12649	13041	13261	12643	99	80	87	116	10850	12871	12239	14810	12327	13805	12582	12474	106	105	129	108
15:57:56	105	89	108	116	130	103	121	105	136	125	85	114	113	80	145	128	118	124	113	108	110	74	85	65	140	160	130	116	107	112	121	127	113	108	102	135	128	125	110	127	149	90	114	158	110	94	86	108	11941	12986	13332	19914	12416	11898	12674	13085	104	100	93	95	10860	12762	12145	15458	11859	11981	13021	12859	112	118	94	139	11899	13770	13723	15374	12404	12584	12788	12571	128	97	91	124	10559	12752	12370	14185	12437	13718	12560	12074	105	102	101	100
16:07:56	80	126	115	140	117	133	109	127	119	86	106	89	86	104	128	113	106	96	139	113	112	121	112	108	87	100	102	118	50	113	134	113	100	126	82	126	124	158	109	126	128	90	139	123	135	110	90	126	11827	13050	13500	20347	12580	12027	12637	13029	119	94	82	113	10979	12292	12506	15886	11918	12412	13587	13025	78	130	90	120	12127	13626	13651	16070	12461	12704	13390	12540	125	105	106	104	10556	12238	11562	14663	12351	13610	12576	12446	108	108	94	144
16:17:56	126	148	115	116	129	121	125	84	102	114	101	112	110	103	130	110	86	114	136	125	73	107	110	75	108	100	109	81	83	121	133	127	137	102	109	86	84	104	106	119	122	142	102	164	96	115	145	84	11953	12960	13474	20068	12526	12010	12309	12752	134	115	78	106	10699	12540	12440	15387	11891	12328	13264	12494	125	117	120	126	12031	13450	13363	15912	12375	13034	13444	12599	89	118	90	114	10549	12541	11222	14278	12391	13893	12455	12296	143	103	126	134
16:27:56	120	122	102	109	145	140	133	114	117	113	132	83	115	124	109	69	95	146	124	114	101	138	112	122	147	131	118	89	98	120	109	128	76	91	125	128	131	143	103	129	116	85	135	148	66	88	107	62	11902	13172	13212	19777	12494	11889	12564	12906	103	106	44	114	10635	12688	12318	15584	11675	12250	13370	12435	111	125	129	84	12209	13562	13444	16042	12406	12676	12799	12626	124	83	111	108	10609	12599	11752	14409	11888	13956	12461	12030	163	113	118	105
16:37:56	116	130	83	111	83	127	96	109	76	113	128	115	123	124	90	83	126	108	157	90	111	126	114	96	135	87	132	90	130	107	71	101	110	138	86	106	126	137	157	127	140	122	113	157	99	102	106	109	12114	12656	12723	18753	12153	11873	12272	12801	95	101	125	108	10693	11994	12370	15046	12319	11927	12853	12212	106	96	62	101	12017	13549	12998	14724	12093	12580	12964	12262	131	132	101	107	10425	12048	11703	14312	11542	13744	11804	11705	140	125	90	71
16:47:56	95	80	121	121	135	123	126	112	112	141	92	111	126	122	162	112	76	83	116	103	106	94	114	132	92	113	122	124	155	156	88	134	104	90	111	73	152	142	95	138	113	163	122	118	143	107	114	101	12051	12382	12820	18272	11973	11815	12196	12840	73	98	101	99	10593	12043	12187	14687	12529	12113	12907	12247	106	101	73	110	12118	12957	12692	14497	12099	12683	12993	12220	106	105	80	122	10434	12124	11845	13994	11812	14098	11854	11814	145	146	102	103
16:57:56	109	106	77	120	136	101	127	123	120	117	139	124	114	107	111	151	92	124	140	108	149	115	123	105	137	97	113	111	120	136	133	121	122	150	117	71	108	113	80	157	145	151	90	144	104	136	81	118	12016	12747	12963	18733	12170	11965	12429	13041	120	104	95	104	10282	12131	11967	14603	12884	12191	13229	12714	127	99	93	113	12107	12931	13263	14821	12274	13029	13001	12565	127	96	105	131	10193	12097	11954	13854	11631	14566	11640	11982	126	98	104	105
17:07:56	86	134	64	81	130	108	165	117	104	68	110	58	118	144	73	148	136	96	75	118	125	103	66	102	156	123	96	99	135	114	159	152	133	122	128	130	111	125	106	128	103	144	87	99	105	116	102	94	11805	12725	12797	18278	12503	12118	12314	12921	118	89	112	75	10257	12145	11942	14672	12172	12249	13151	12614	110	118	98	88	11942	12861	12890	14551	12133	12965	13023	12547	113	107	107	110	10086	11932	11445	13820	11838	14001	11872	11826	108	120	110	72
17:17:56	113	127	120	101	122	105	134	143	76	84	130	105	100	109	129	120	135	117	118	137	122	136	124	87	88	171	121	71	142	134	103	126	70	89	83	72	84	123	104	85	120	136	126	88	97	110	82	144	11827	12207	12942	17789	12038	12182	12311	12889	117	117	112	112	10491	12076	12121	14189	12853	12153	13173	12776	118	81	73	124	12261	12647	12909	14511	12161	12463	13146	12576	140	112	104	102	10007	12402	11410	13403	11482	14217	11849	11984	144	107	83	86
17:27:56	139	68	103	108	115	89	134	112	100	114	93	112	147	96	156	89	80	116	123	108	79	117	105	104	115	125	88	124	53	144	122	120	83	121	84	88	89	123	83	102	140	166	134	169	99	85	117	125	12048	12464	12574	17682	12520	12089	12503	13005	116	102	93	121	10564	11650	12197	14160	12576	12288	13017	12400	112	129	112	120	12179	12183	13055	14443	12358	12358	12713	12678	81	105	121	129	10337	12282	11232	13478	11261	14665	11935	11974	103	90	114	77
17:37:56	113	108	132	96	111	90	89	89	100	103	99	115	115	105	82	118	127	122	109	125	88	105	95	85	121	121	104	105	112	131	121	132	115	101	110	111	100	113	129	137	114	130	105	131	135	106	129	110	11568	11960	12223	17093	11841	12246	11878	12551	137	108	98	102	10432	11400	12106	13518	12568	11710	12671	12045	86	100	111	86	11633	12082	12403	14136	11731	12371	12497	11862	119	116	108	91	9592	12009	10708	12886	10763	14081	11639	11376	142	112	117	118
17:47:56	108	97	129	106	160	122	117	123	129	84	96	121	119	115	97	150	118	142	129	87	117	110	96	89	90	99	98	127	141	120	91	106	108	73	102	80	91	107	145	115	102	132	112	171	96	49	124	113	11519	12267	12267	16461	11907	11925	12022	12619	129	97	129	143	10189	11413	11652	13747	11674	11829	12635	12082	122	101	56	116	11894	10892	12296	14196	11525	12204	12476	12325	130	102	100	89	9672	12024	10808	12976	11188	13909	11881	11233	84	136	92	148
17:57:56	108	129	103	87	135	107	118	105	103	129	109	145	113	117	123	98	136	98	149	105	106	126	73	134	95	107	132	144	105	102	108	117	104	84	133	119	131	67	116	107	117	168	112	107	128	91	94	96	11564	11986	12116	16192	11528	11704	11853	13013	113	92	107	107	10543	11380	11712	13501	11372	11556	12378	11934	118	102	106	116	11999	10209	12237	13931	11595	12122	12790	12196	121	88	119	107	9610	12032	10800	12583	10625	13705	11626	11002	129	92	103	123
18:07:56	111	136	130	92	113	119	80	130	104	103	148	96	112	121	75	130	97	142	94	119	120	110	111	87	98	146	122	110	128	154	106	120	111	106	119	96	130	129	89	150	129	126	117	104	124	132	123	91	11281	11998	12074	16183	11511	12006	12059	12742	93	90	95	93	10275	11282	11671	13540	11757	11967	12770	12001	170	106	98	121	11962	10259	12361	14060	11844	12235	12692	12468	107	112	84	132	9595	12367	10233	12764	10942	13627	11705	11198	98	85	89	76
18:17:56	135	73	108	131	137	116	134	95	102	119	115	100	136	141	86	145	120	105	97	125	78	87	123	121	126	110	101	167	129	121	159	142	61	101	96	105	110	95	75	119	106	129	105	124	109	97	112	134	11621	11819	12357	16074	11624	11827	11827	12817	137	90	123	112	10194	11411	11662	12828	11974	11555	12663	11876	146	100	99	160	12010	9613	12402	13683	11582	12347	12351	12278	122	100	106	148	9224	11529	10319	12466	10839	13433	11458	11189	135	107	99	68
18:27:56	59	124	114	108	106	71	104	127	110	120	65	122	87	111	101	144	113	109	107	87	106	135	80	86	108	110	121	144	121	103	106	138	109	87	79	102	99	121	133	94	134	108	109	115	128	106	118	118	11649	11763	12269	15444	11870	11803	11739	13013	106	91	146	119	10148	11407	11454	12986	11748	12177	12683	12117	133	112	104	123	11959	9177	12204	13389	11480	12446	12747	12254	95	88	83	96	9221	11766	10058	12450	10481	13082	11499	10716	94	154	88	116
18:37:56	140	102	143	102	146	102	113	84	114	60	112	106	136	127	92	103	127	130	131	116	95	128	98	104	149	109	125	146	141	95	124	103	118	99	100	83	101	112	119	126	100	131	117	117	130	87	105	92	11836	11833	12281	15622	11857	11670	11876	12950	129	108	81	76	10228	11401	11201	13414	10522	11787	12835	12528	151	68	68	102	11939	8641	12053	13169	11718	12416	12684	12380	109	135	109	118	9156	11879	10437	12530	10322	13053	11312	10756	99	87	72	100
18:47:56	107	137	136	109	119	138	144	117	90	103	119	51	120	168	104	130	133	111	134	99	134	107	122	107	109	90	133	103	142	98	122	106	96	86	97	90	83	116	117	101	121	103	140	117	124	92	89	115	11424	11498	11975	15405	10953	11729	11792	12603	74	109	74	94	10091	11186	11070	13040	9547	11482	12547	11692	99	66	125	85	11470	8105	11593	13055	11057	12366	12429	11931	123	132	87	102	8496	11962	9829	11962	9616	12439	10575	10057	116	116	109	130
18:57:56	149	102	121	91	108	161	108	111	119	108	48	121	124	89	97	107	79	96	122	139	108	95	73	126	88	128	108	137	124	134	122	146	128	88	142	128	92	97	125	153	114	102	123	141	110	142	97	116	11022	11117	11424	14797	10407	11176	11000	12273	120	124	70	109	9148	10892	10906	12700	8150	11615	12536	11157	108	119	125	89	11475	8231	11157	12581	10763	11731	12070	11295	121	120	90	96	7879	11490	8489	11436	8839	12122	9520	9144	89	71	116	112
19:07:56	102	113	89	144	116	114	151	99	119	99	114	105	105	104	102	119	136	150	151	117	122	91	119	150	95	128	81	68	139	113	136	117	123	92	106	99	102	153	107	102	109	137	153	128	95	127	166	76	10970	10766	11520	14776	9934	11322	11060	12223	70	120	120	115	9414	10923	10272	12732	7923	11729	12394	11458	110	127	85	139	11419	8074	11113	12707	10481	11804	12285	11728	107	96	81	108	8041	11821	8150	11603	9127	12243	9145	9073	140	94	91	140
19:17:56	136	106	97	119	158	117	89	110	120	121	132	56	118	131	134	88	153	137	126	150	130	100	91	123	100	120	122	101	91	98	150	153	80	95	112	115	149	123	79	110	82	120	105	169	112	117	111	124	11239	10529	11646	14896	9967	11613	10848	12274	107	107	124	109	9134	10906	10112	12569	9317	11492	12454	11452	146	130	112	88	11388	8242	10625	12460	10226	11827	12562	11966	104	105	73	107	7891	11812	8581	11440	8898	12089	9340	8836	62	117	105	90
19:27:56	103	111	123	89	125	111	99	120	134	107	91	80	95	120	124	93	148	108	114	91	131	114	90	124	109	118	119	132	126	89	125	106	122	97	108	137	133	95	95	112	125	168	111	142	103	114	111	102	11276	10628	11819	14859	9916	11515	11263	12376	121	130	103	131	9126	10589	10014	12507	10271	11575	12564	11598	111	127	102	112	11465	8092	10817	12342	9952	12381	12861	11990	136	99	110	90	7977	11786	8939	11365	9210	11916	9333	8670	114	143	71	81
19:37:56	113	136	93	108	121	111	118	96	94	79	61	94	96	165	121	129	154	108	131	100	116	113	61	111	99	120	121	123	176	104	121	124	106	83	84	111	98	137	136	90	127	130	118	163	82	91	122	101	10584	10739	11677	14658	9740	11201	10786	12398	108	123	89	110	9159	10656	9649	12572	10124	11615	12235	11930	89	89	82	125	11031	8037	9838	11880	9773	12105	12452	11835	98	103	126	68	7798	11778	8095	10901	8620	11592	9196	8699	121	93	86	113
19:47:56	95	130	97	151	116	128	140	116	126	104	99	103	116	139	99	114	116	130	97	121	120	123	101	99	125	114	104	104	123	126	117	118	111	73	138	101	109	117	100	127	124	101	120	153	122	76	114	64	10665	10286	11279	14289	9603	11025	10476	12339	115	109	98	125	8949	10313	9372	12028	10800	11507	12362	11591	109	74	78	128	11075	8102	9844	11690	9844	11641	12392	11499	149	108	139	106	8028	11713	8849	10545	8921	11641	9303	8491	122	103	79	99
19:57:56	110	109	111	129	144	130	115	96	124	120	105	103	99	137	129	131	131	87	94	101	109	106	117	77	92	147	121	113	163	84	101	118	124	102	99	119	116	108	127	107	101	116	100	140	110	117	124	86	10596	10374	11086	14273	9340	10719	10275	12079	91	145	107	125	9087	10220	9292	12285	8429	11222	11988	11117	101	123	96	116	10833	8259	9254	11044	9572	11885	11971	11279	62	79	101	79	7864	11478	9029	9573	8336	11186	9054	8207	110	131	95	122
20:07:56	106	123	73	93	157	103	80	114	126	92	112	122	128	128	120	126	119	103	105	106	142	113	86	114	91	99	111	151	102	120	144	95	141	82	119	110	114	91	131	115	71	119	138	150	115	102	91	111	10470	10328	11034	14383	9419	10592	10041	11976	91	88	122	80	9082	10117	9117	11755	8278	11391	11974	11085	102	85	94	136	10738	8221	9028	10765	9561	11892	12278	11092	62	110	67	99	8106	11586	8660	9298	8410	11116	9234	8025	121	112	95	77
20:17:56	94	69	80	125	107	136	87	68	108	76	79	164	120	142	135	129	139	90	132	131	75	113	92	98	123	111	81	133	126	133	81	111	99	110	131	110	109	128	83	121	105	148	101	107	120	103	127	125	10338	10062	10500	14088	9407	10159	9684	11671	126	144	60	102	8641	10333	9043	11781	8156	11453	11633	10836	132	107	126	98	10735	8097	9028	10706	9244	11323	12060	10793	153	147	92	94	8119	11274	8223	9299	8331	10601	9002	8284	103	81	94	104
20:27:56	135	126	110	148	134	138	118	135	109	115	133	70	89	114	138	100	118	121	112	131	114	102	113	119	96	139	99	104	137	133	131	64	111	60	66	108	121	110	119	117	147	147	140	136	135	138	108	103	10296	9927	10460	14208	9127	10284	9462	12000	111	128	117	97	8951	9875	9026	11446	8111	11649	11909	10858	135	93	104	105	10361	8325	9400	10637	9689	11460	12247	10834	94	106	92	121	7774	11581	9033	9118	8596	10454	8911	8320	127	105	91	67
20:37:56	103	142	124	97	103	102	141	71	118	102	85	109	97	153	127	145	99	103	78	134	99	118	108	110	159	128	86	106	119	112	131	107	134	123	118	145	128	122	131	129	120	121	111	130	87	118	74	74	10713	10022	10532	14120	8885	10000	9582	12217	105	89	96	57	8681	9844	8801	11577	8131	11981	11682	11022	60	119	102	112	10559	8044	9387	10481	9336	11843	12510	11246	77	120	144	97	8089	11615	9051	9341	8227	10606	9064	8118	116	91	44	110
20:47:56	112	128	111	114	125	138	97	129	114	105	90	93	114	140	109	97	153	87	124	96	110	92	67	104	115	125	118	133	112	134	153	123	152	139	155	110	104	138	98	147	144	132	141	125	117	138	127	110	10285	9738	10374	13807	9445	9912	9408	11689	109	98	93	120	8460	9704	8617	10876	8128	11790	11927	10824	115	48	106	108	10516	8079	9008	10046	9385	11403	12183	11284	88	112	90	108	7749	11416	8733	9098	8520	10255	9232	8022	123	120	126	79
20:57:56	129	114	63	129	142	98	105	126	138	124	94	128	99	110	107	117	110	141	123	130	67	97	133	115	80	112	129	114	124	91	123	131	108	77	114	115	115	97	108	136	157	111	100	134	89	61	136	71	10352	9611	10513	13998	9106	9966	9228	11821	124	120	104	122	8448	9598	8859	11030	8305	11894	11978	10589	104	120	112	138	10325	8278	9265	10179	9544	11490	12505	11198	153	93	67	95	7872	11481	8707	9146	8727	9839	8985	8144	95	108	117	137
21:07:56	114	101	119	127	112	113	103	127	73	95	92	82	130	115	107	146	83	138	145	98	95	124	103	86	104	106	100	106	146	84	144	99	113	90	101	100	142	143	131	116	110	113	142	152	96	112	127	107	10036	9675	10093	13700	9204	9719	9262	11869	120	129	106	109	8617	9254	8726	11024	8123	11845	11797	10310	120	114	95	120	10223	8259	9445	10373	9429	11187	12145	10854	130	100	107	101	7964	11353	8462	8891	8043	9659	8904	8216	110	115	74	125
21:17:56	84	109	99	112	124	116	203	100	123	103	93	76	136	146	104	115	137	119	93	105	109	132	138	100	127	123	119	119	105	109	126	96	127	107	133	119	94	70	126	104	142	103	83	125	131	96	110	95	10098	9397	10065	13361	9078	9422	8817	11363	111	99	122	109	8329	8824	8710	10752	8375	11947	11636	10117	127	125	84	121	9901	8289	9144	9980	9565	11228	11958	10743	88	107	85	107	8145	10909	8192	8717	8317	9084	9163	8589	139	115	107	79
21:27:56	106	96	90	81	138	105	93	117	109	109	98	81	121	130	114	101	102	88	126	115	90	86	116	121	119	157	127	60	152	163	118	96	95	111	79	106	135	124	157	124	142	84	104	155	84	108	144	101	9684	9116	10093	13737	8720	9497	9391	10987	108	46	125	91	8505	8784	8624	10422	9588	11746	11532	9735	104	103	86	90	9826	8460	9377	9805	9370	11159	11926	10426	120	109	152	123	7971	11260	8690	8744	8738	8969	9695	8232	134	108	99	101
21:37:56	83	82	136	111	137	94	134	152	111	114	75	122	109	114	106	122	102	161	109	91	102	106	164	90	134	80	101	107	89	104	93	84	116	74	92	86	86	99	141	160	150	101	97	115	105	131	110	87	8819	9220	9485	13810	8894	8900	8623	10504	124	128	81	130	8568	8296	8549	10178	8221	11338	11097	9500	142	83	117	98	9622	8172	9097	8865	9003	10710	11723	9604	102	127	113	114	8210	11012	8346	8741	8166	8709	9388	8190	151	134	92	106
21:47:56	132	88	86	116	126	93	133	152	100	152	80	99	125	116	85	114	135	102	147	69	134	128	104	124	85	115	119	92	136	111	120	120	91	116	124	94	90	126	139	101	108	131	91	133	103	84	117	97	8898	8765	9293	13054	8444	8960	8638	9874	124	106	115	100	8262	8347	8537	9765	8194	11251	10658	9316	120	109	100	121	9438	8351	8738	9177	9349	10072	11494	9647	154	108	77	98	8119	10828	8222	8653	8475	8435	8776	8211	97	103	90	96
21:57:56	135	124	130	129	114	134	123	139	103	93	107	93	104	105	107	80	136	113	139	108	71	137	151	113	102	130	115	102	119	130	101	121	88	112	96	89	122	104	137	117	145	108	116	156	116	120	110	75	8608	8783	9329	12569	8448	8761	8621	9311	107	133	143	131	8285	8392	8297	9695	8148	11167	10200	9343	154	90	109	114	8934	8203	8636	9027	8995	9757	10881	9433	108	88	92	82	8121	10276	8381	8861	8195	8362	8789	8238	84	106	112	105
22:07:56	117	87	95	129	122	86	106	121	78	87	124	112	113	117	93	111	120	122	84	130	135	134	103	98	135	73	77	121	126	82	107	111	99	95	102	123	108	149	114	141	150	107	101	150	106	104	108	84	9001	8629	9206	12253	8395	8473	8193	9041	163	101	129	91	8185	8190	8183	9492	8396	10760	10047	8905	90	126	101	116	8489	8278	8333	8955	9085	9177	10313	9348	113	86	107	98	8145	10366	8353	8561	8319	8109	8413	8191	112	110	102	105
22:17:56	127	98	119	98	101	115	80	112	141	85	117	121	103	117	155	137	139	112	158	108	115	77	102	97	130	123	92	88	100	114	109	98	115	89	76	137	105	117	94	146	144	120	113	119	105	105	132	123	8378	8227	9012	11928	8454	8587	8291	8594	138	81	116	111	8072	8355	8466	9176	8455	10513	9811	8739	111	85	118	96	8053	8510	8412	8974	8830	8606	9524	8950	123	95	125	115	8029	10217	8568	8727	8347	7927	8336	8278	98	131	104	110
22:27:56	126	110	106	60	160	148	105	116	77	104	126	106	121	122	138	116	89	124	134	84	92	87	111	102	111	118	102	120	104	117	86	100	145	98	104	120	162	103	127	143	127	93	127	119	103	172	62	84	8635	8665	8895	11059	8187	8757	8444	8491	95	113	81	91	8268	8334	8198	9443	8340	10296	9554	8918	136	108	111	128	8030	8416	8460	8987	8990	9038	9348	8815	136	107	82	118	7838	9703	8499	8779	8056	8329	8701	8142	106	143	89	142
22:37:56	100	115	111	116	99	128	96	128	145	117	93	90	120	136	117	137	112	114	147	104	110	126	120	105	80	130	87	127	109	137	115	128	102	96	97	125	127	113	103	135	151	107	119	138	125	98	84	95	8048	8485	8462	10478	8498	8723	8238	8336	123	97	117	118	8081	8513	8355	9489	8423	10094	9579	8534	87	101	106	101	8314	8428	8536	8856	9036	9085	9146	8374	115	95	95	109	8225	10065	8107	8928	8239	8102	8416	8442	139	115	47	113
22:47:56	111	125	106	140	117	160	145	101	110	83	94	114	95	58	134	111	146	133	143	114	107	118	109	118	101	89	158	149	125	136	101	165	97	115	99	83	114	157	123	132	136	121	93	122	100	125	104	108	8288	8528	8532	9542	8667	8457	8440	8697	145	83	97	111	8107	8376	8257	9564	8520	9522	9664	8290	121	107	87	111	8274	8190	8574	8942	9244	8869	9026	9045	135	106	93	105	8131	9660	8189	8696	8386	8128	8378	8279	96	105	81	119
22:57:56	133	100	98	99	120	96	140	129	109	137	121	136	118	75	146	113	78	128	126	97	109	88	156	85	102	90	147	88	121	131	76	136	106	78	107	79	138	135	125	122	120	135	104	115	75	120	118	98	8245	8441	8506	9183	8522	8270	8404	8402	102	121	90	110	8038	8479	8343	8939	8347	9173	9183	8360	97	108	117	99	8337	8391	8564	9270	8678	8484	8655	8819	94	99	120	110	8127	9665	8141	8826	8359	8138	8531	8304	106	110	116	84
23:07:56	107	83	82	151	136	90	98	96	125	84	85	109	101	157	130	116	84	156	97	132	94	113	131	102	113	87	137	115	104	77	84	157	110	70	83	118	111	107	146	122	165	120	89	121	79	117	108	139	8395	8320	8085	9197	8322	8119	8407	8499	142	93	103	128	7586	8457	8388	9420	8234	9001	9185	8528	100	134	94	128	8349	8353	8568	9291	8590	8240	8629	8695	97	139	134	148	8364	9048	8272	8952	8542	7898	8420	8410	120	70	107	111
23:17:56	106	111	115	79	119	96	109	93	105	68	101	91	116	116	87	111	126	165	129	137	108	80	111	110	114	107	111	115	77	112	102	65	115	119	136	96	77	120	93	124	97	95	133	142	85	153	94	112	8310	8169	8474	8855	8384	8362	8658	8380	110	104	132	107	7873	8425	8289	8860	8308	8559	8816	8599	93	111	82	65	8150	8319	8673	8913	8335	8381	8408	8431	97	107	131	111	8161	8511	8493	8965	8271	8009	8513	8600	133	115	82	122
23:27:56	97	66	125	111	78	133	112	111	101	96	116	137	91	122	102	122	97	141	113	107	132	119	95	114	105	113	126	117	117	114	125	111	101	126	111	64	106	146	122	104	119	101	110	120	133	113	93	111	8247	8257	8410	9066	8570	8367	8308	8377	113	88	128	94	7797	8323	8485	8721	8289	8370	8378	8480	124	89	113	118	8177	8466	8717	8892	8483	8275	8507	8490	87	122	103	117	8381	8693	8435	9033	8303	7695	8521	8333	126	129	108	112
23:37:56	135	109	105	93	107	78	96	117	90	111	105	108	114	106	134	58	116	120	95	114	82	69	134	122	119	110	118	136	123	91	109	104	129	98	78	83	101	117	116	136	125	127	93	138	91	111	102	99	8462	8205	8415	8975	8684	8274	8446	8518	106	83	101	79	7728	8132	8493	8921	8385	8676	8467	8516	116	88	65	96	8088	8679	8735	8892	8510	8137	8516	8438	105	93	101	111	8115	8502	8501	8856	8413	7933	8667	8283	97	93	103	121
23:47:56	132	112	101	120	102	122	118	82	109	107	95	100	111	85	109	113	136	126	73	112	93	138	111	101	109	100	103	149	136	130	117	164	103	78	117	115	99	85	119	124	113	133	99	123	95	114	119	88	8430	8430	8726	9047	8399	8746	8561	8551	137	127	103	119	7561	8363	8328	8745	8449	8513	8322	8622	90	127	91	81	8498	8313	8608	8854	8645	8256	8558	8690	110	101	90	106	8438	8319	8518	9062	8520	7973	8555	8476	133	114	97	84
23:57:56	98	80	132	70	145	116	136	91	116	91	113	94	132	143	89	153	102	136	146	125	103	127	102	136	128	120	127	89	100	115	84	129	138	68	109	102	140	123	123	138	129	91	110	106	120	109	76	132	8197	8184	8445	9138	8344	8417	8540	8567	94	101	91	103	7665	8570	8461	8930	8257	8492	8316	8716	101	123	124	114	8167	8746	8523	9132	8453	8371	8396	8421	132	117	98	114	8106	8389	8712	9009	8392	7852	8717	8486	100	128	116	110
24:07:56	94	79	104	128	95	106	114	117	132	97	105	89	59	136	114	155	101	99	98	113	126	117	134	111	99	151	144	120	93	112	87	140	79	103	108	108	104	127	141	78	101	107	120	111	102	112	127	99	8328	8417	8567	8974	8886	8424	8543	8342	131	120	130	133	7631	8443	8500	9141	8447	8407	8461	8655	121	87	124	72	8263	8300	8778	9208	8431	8491	8417	8644	131	106	124	110	8379	8511	8407	9098	8713	7880	8494	8482	143	100	86	147
24:17:56	89	108	99	125	111	109	129	104	126	115	99	94	114	106	80	87	96	116	87	121	99	110	85	95	82	94	104	105	151	101	109	127	104	97	132	109	119	88	116	89	106	143	103	115	112	128	132	97	8346	8303	8384	9206	8582	8447	8396	8426	79	130	92	80	7580	8410	8448	8926	8571	8252	8532	8666	113	105	114	92	8080	8514	8664	9349	8398	8372	8711	8621	112	120	103	127	8190	8436	8397	8786	8736	8150	8572	8667	126	108	73	108
0:00:00																																																																																																
0:00:00																																																																																																
0:00:00																																																																																																
0:00:00																																																																																																
0:00:00																																																																																																
0:00:00																																																																																																
0:00:00																																																																																																
0:00:00																																																																																																

