EGFP:488,507

Kinetic read	A1	A2	A3	A4	A5	A6	A7	A8	A9	A10	A11	A12	B1	B2	B3	B4	B5	B6	B7	B8	B9	B10	B11	B12	C1	C2	C3	C4	C5	C6	C7	C8	C9	C10	C11	C12	D1	D2	D3	D4	D5	D6	D7	D8	D9	D10	D11	D12	E1	E2	E3	E4	E5	E6	E7	E8	E9	E10	E11	E12	F1	F2	F3	F4	F5	F6	F7	F8	F9	F10	F11	F12	G1	G2	G3	G4	G5	G6	G7	G8	G9	G10	G11	G12	H1	H2	H3	H4	H5	H6	H7	H8	H9	H10	H11	H12
0:08:36	105	113	133	111	136	116	147	138	130	77	90	81	118	107	125	137	151	113	138	129	148	101	97	79	121	135	125	138	115	153	142	131	133	76	108	89	135	131	144	132	117	143	119	109	122	90	82	93	98	145	143	134	93	128	130	141	118	95	113	78	150	117	114	116	129	169	115	126	115	89	92	88	151	138	108	107	104	137	127	116	176	110	110	79	137	128	132	126	158	139	151	131	107	78	95	84
0:18:36	145	101	129	146	157	121	143	137	126	89	52	61	97	152	101	141	154	175	114	130	142	68	94	93	114	115	129	133	115	152	131	145	101	97	95	93	133	117	112	117	126	151	126	158	112	81	113	65	127	114	120	101	137	118	146	133	114	90	76	86	106	110	139	130	118	156	123	124	120	99	78	88	101	126	135	122	126	141	117	117	113	76	90	97	125	135	130	129	97	130	130	122	117	98	69	85
0:28:36	116	121	122	135	163	124	133	133	126	97	99	97	147	110	146	116	142	161	125	143	122	64	86	93	135	109	129	122	126	145	109	122	142	85	92	101	139	112	131	120	138	109	130	146	123	87	94	85	124	106	112	130	130	147	114	147	104	95	84	91	111	159	130	154	145	140	107	145	120	76	67	78	130	134	149	116	139	113	151	141	142	90	120	84	136	140	150	96	121	131	134	141	144	88	92	110
0:38:36	125	133	95	101	184	129	106	185	134	121	95	49	135	137	130	132	129	142	129	119	145	112	51	76	114	155	152	127	166	127	130	152	113	89	83	63	114	154	105	119	126	136	135	120	127	76	67	81	103	124	99	116	141	126	137	166	96	78	132	98	115	128	114	99	176	102	115	160	109	75	89	99	108	132	147	139	134	111	148	162	134	90	89	80	125	140	134	132	176	103	129	170	110	100	104	68
0:48:36	129	131	116	130	144	148	132	165	137	114	98	77	134	130	135	127	134	121	131	176	122	99	79	79	116	105	126	146	130	166	160	147	147	101	70	78	127	142	132	115	90	147	151	146	87	68	97	61	96	104	119	125	141	150	109	160	157	84	59	100	120	138	149	119	134	138	117	134	92	113	84	96	138	118	119	159	115	149	138	158	119	88	67	84	134	124	117	124	142	108	109	159	145	80	98	101
0:58:36	112	139	149	109	166	139	130	165	133	98	77	98	130	132	128	118	130	140	153	159	138	97	80	72	82	129	101	115	157	113	115	125	127	104	73	98	133	151	157	123	137	122	124	167	142	96	103	89	117	130	130	140	132	161	123	136	142	99	100	86	116	148	142	126	133	127	134	131	114	97	91	79	101	127	133	116	123	127	137	139	142	73	86	78	131	115	145	122	129	130	141	131	126	87	57	115
1:08:36	115	139	128	121	197	150	123	133	137	83	66	75	133	107	110	104	111	153	131	156	126	98	62	95	122	110	137	111	131	135	138	161	117	79	102	56	125	115	138	118	138	133	123	156	108	80	71	71	103	130	138	125	139	125	165	165	99	130	88	54	135	147	114	149	118	151	125	149	134	96	95	94	110	148	147	124	124	143	149	162	127	92	60	84	121	117	124	121	124	122	145	180	109	101	98	93
1:18:36	127	135	134	110	152	135	143	146	127	74	74	86	141	145	130	137	137	118	161	142	117	56	70	71	146	102	138	130	118	130	104	142	144	82	77	80	132	97	137	121	126	114	134	132	122	78	95	86	118	145	107	136	119	132	115	195	131	100	76	98	157	129	132	126	142	140	117	171	127	99	87	80	125	114	135	126	127	134	155	179	125	69	97	95	123	138	115	146	138	112	120	183	124	94	85	80
1:28:36	109	130	129	137	180	169	119	144	99	124	73	63	130	126	125	114	136	156	109	154	148	89	89	72	109	127	115	121	126	144	137	144	99	75	99	104	126	125	131	119	115	142	137	159	113	89	72	94	116	130	174	131	129	140	115	190	98	86	88	98	134	119	136	137	142	150	112	182	127	101	78	107	142	130	99	139	125	136	130	191	136	90	78	87	112	110	145	123	131	131	142	163	125	100	86	86
1:38:36	130	123	120	112	159	145	130	121	130	77	116	72	118	141	146	124	136	168	118	155	138	109	103	101	159	107	165	113	121	140	128	137	133	77	113	73	106	140	125	114	143	128	159	171	103	59	78	89	115	116	150	177	128	147	152	193	114	87	77	81	117	126	136	120	130	128	132	201	128	65	76	89	144	131	127	119	123	172	136	187	148	75	94	90	160	128	164	117	151	134	128	238	92	98	106	73
1:48:36	124	116	114	140	171	156	141	144	127	98	86	100	147	142	122	122	122	176	133	164	105	88	71	94	115	138	136	119	127	156	128	176	131	93	88	85	115	114	139	117	128	141	135	164	87	82	80	105	132	144	158	122	115	131	129	202	101	70	90	101	139	122	142	133	150	118	145	236	130	90	82	119	121	125	126	126	121	154	129	190	104	95	71	62	139	100	121	143	141	146	140	160	150	77	109	82
1:58:36	148	138	123	115	179	134	113	154	104	73	102	98	130	138	118	123	154	143	156	152	109	95	82	58	150	160	114	107	108	140	140	179	122	65	109	89	138	125	91	119	130	150	142	158	87	90	86	79	128	132	153	123	121	183	146	219	105	80	97	109	143	117	157	147	138	148	125	217	125	77	83	120	149	142	111	136	141	169	152	209	116	90	78	61	128	134	124	121	137	140	137	204	125	74	92	77
2:08:36	146	147	150	135	157	158	146	160	129	96	80	84	145	130	120	127	169	153	133	154	138	75	68	89	127	138	134	145	133	144	162	127	150	79	69	70	122	121	108	118	143	131	128	157	118	102	89	75	132	107	142	144	139	167	166	226	114	62	110	96	131	151	147	119	133	166	128	231	118	69	90	106	147	128	110	101	157	167	137	201	90	83	79	38	157	140	135	108	142	127	84	218	133	93	71	95
2:18:36	104	96	145	98	164	160	138	160	124	74	73	80	120	121	163	113	123	137	141	168	116	108	43	93	133	122	138	110	124	144	113	191	146	128	83	78	139	114	141	116	111	158	124	144	110	98	100	98	133	125	167	142	132	148	116	256	121	100	118	85	169	109	125	132	139	153	140	221	120	101	102	84	136	102	154	146	136	128	145	242	123	63	82	88	125	134	107	180	112	118	139	223	106	80	80	90
2:28:36	125	149	115	90	186	148	116	145	124	80	67	90	127	131	153	136	146	162	140	139	148	106	84	84	131	113	109	143	137	163	126	153	93	99	68	75	125	133	130	121	132	145	159	168	98	92	96	83	132	147	117	175	157	182	118	283	134	83	80	77	145	131	150	128	114	180	124	251	132	99	101	88	105	114	137	124	133	178	146	280	120	83	91	87	135	173	120	132	149	122	141	257	119	68	99	105
2:38:36	109	134	129	124	183	121	143	155	125	64	70	67	129	136	140	140	104	139	138	173	128	83	100	98	115	136	139	122	137	130	145	131	119	88	79	66	123	100	141	117	117	142	125	166	134	95	74	95	142	126	124	137	148	181	138	290	146	114	71	96	148	126	163	106	129	182	127	259	118	78	94	87	132	122	139	144	117	166	181	278	135	82	81	54	122	143	124	135	151	132	139	261	138	90	67	76
2:48:36	133	135	134	146	170	163	130	186	109	103	79	53	154	140	148	163	151	154	132	168	93	104	92	120	136	141	119	129	142	150	161	163	111	77	95	94	125	143	136	147	139	154	133	163	126	79	84	114	162	164	136	138	123	192	195	293	125	83	74	77	139	132	182	121	100	169	134	270	118	84	74	85	132	122	161	136	141	187	124	290	115	88	100	79	143	160	151	163	128	149	127	257	128	105	92	67
2:58:36	145	148	138	130	171	176	111	176	104	58	56	101	123	138	140	105	137	133	135	159	137	71	82	107	145	124	113	115	140	158	151	185	124	89	92	92	137	147	114	130	147	155	144	180	128	115	109	66	149	129	115	134	167	176	139	344	122	97	51	62	129	149	132	142	149	176	144	346	119	59	84	112	143	112	161	147	133	172	139	315	147	90	78	56	142	147	124	96	139	133	127	280	108	95	85	97
3:08:36	123	107	118	123	182	151	152	164	114	75	110	99	114	140	155	132	135	106	154	177	97	91	77	105	117	160	137	93	159	144	140	200	117	53	80	84	130	141	112	138	147	111	124	198	153	86	80	89	129	130	128	155	101	216	154	382	134	59	96	75	156	145	152	118	129	155	141	318	144	69	100	72	132	113	128	177	121	159	145	351	120	78	83	92	142	133	127	107	132	149	175	331	116	78	66	76
3:18:36	129	105	165	101	211	150	147	160	123	80	119	83	133	137	134	155	137	161	151	166	127	102	88	105	116	127	159	154	131	166	126	196	146	81	74	60	116	162	146	121	140	151	157	195	113	83	72	117	128	126	120	128	144	190	141	405	154	63	95	105	147	175	151	164	131	193	137	346	136	61	89	77	138	122	128	146	128	205	156	392	121	74	64	52	162	117	140	148	135	126	136	331	135	66	81	79
3:28:36	117	130	136	103	175	156	143	170	108	66	91	93	140	123	148	137	155	174	130	213	140	93	67	84	100	153	154	115	144	149	159	185	134	98	111	90	154	148	129	114	131	153	162	189	120	109	100	93	143	135	165	137	160	185	145	390	122	104	94	80	136	150	171	141	110	209	141	370	120	68	105	100	139	129	140	137	146	156	158	377	156	89	80	114	135	167	175	141	136	123	133	354	117	87	103	86
3:38:36	140	134	134	121	183	155	159	167	121	86	79	62	116	107	153	137	146	153	111	198	136	94	70	82	137	125	136	121	165	126	109	193	120	66	97	94	126	157	145	106	146	128	120	161	136	80	109	77	159	129	154	145	137	196	141	429	131	88	102	82	118	168	162	132	138	183	158	417	107	97	103	65	134	153	157	167	148	156	155	382	138	115	66	95	142	122	141	145	142	131	149	379	136	77	82	82
3:48:36	142	135	137	126	182	154	122	193	110	71	108	110	153	98	119	110	120	166	151	186	95	60	86	113	112	158	116	143	138	156	151	196	98	76	71	79	149	115	128	137	147	175	133	185	96	81	92	101	145	125	191	112	173	172	121	455	107	65	78	106	145	143	158	103	145	205	137	425	142	97	118	75	123	130	151	149	140	175	157	398	94	75	67	73	150	164	152	128	168	135	141	410	117	114	104	90
3:58:36	156	158	148	142	191	187	147	200	132	96	102	91	143	132	131	143	130	179	133	194	135	65	78	115	133	101	152	151	161	157	152	199	111	83	98	93	121	144	130	155	155	139	139	168	105	64	81	96	139	134	186	124	158	223	154	457	110	82	98	99	109	160	162	128	180	213	147	461	143	59	85	66	132	140	170	143	160	209	135	459	112	88	76	97	153	154	179	142	86	156	122	428	132	78	103	82
4:08:36	159	112	144	125	156	149	125	171	102	73	76	83	126	120	143	124	150	148	143	220	112	76	58	96	127	140	137	154	142	156	146	217	134	77	115	94	159	139	120	120	165	166	159	199	123	93	102	81	156	138	151	136	143	203	156	521	110	113	81	82	135	118	166	166	131	213	137	479	133	83	79	107	145	152	164	148	154	219	152	478	130	112	96	78	156	130	168	134	129	150	146	498	140	83	98	85
4:18:36	134	149	140	130	154	186	149	181	90	98	78	127	135	115	158	158	155	142	111	185	120	80	87	69	133	143	150	129	155	170	153	179	103	94	83	87	125	144	143	163	130	172	138	192	136	87	105	93	139	117	153	119	144	251	142	539	138	77	68	111	156	124	152	139	159	211	139	509	137	87	116	78	141	146	178	128	156	207	132	548	124	86	66	97	156	139	166	127	134	143	129	514	134	102	121	88
4:28:36	138	129	153	145	183	175	116	194	106	57	76	100	134	167	140	132	141	169	135	205	117	97	100	92	146	141	147	103	161	174	141	156	135	68	97	73	161	127	118	148	139	190	128	202	132	89	41	84	149	160	161	122	123	232	135	572	116	109	83	63	158	152	142	144	127	224	143	565	133	72	94	71	178	156	166	149	168	217	140	531	103	71	74	72	160	174	175	139	160	148	134	539	111	82	94	92
4:38:36	133	133	139	117	180	159	140	195	103	93	91	76	155	137	175	113	141	152	160	216	128	83	95	68	120	126	105	147	136	155	175	230	130	97	104	74	149	129	121	132	134	152	166	214	120	85	87	85	149	141	188	135	160	210	145	587	107	70	108	73	149	153	184	143	146	220	149	598	120	95	86	100	175	142	172	145	151	220	163	561	147	100	127	105	170	165	179	145	156	156	153	571	134	79	106	80
4:48:36	128	148	135	113	154	179	143	198	114	106	96	89	131	139	133	130	178	157	163	214	146	86	60	68	146	110	142	143	163	172	137	209	126	94	66	81	134	140	143	130	134	179	133	234	111	94	135	88	132	147	163	137	149	217	155	658	87	75	73	56	150	119	210	152	146	234	156	622	132	76	93	82	154	148	183	146	155	242	137	573	121	82	60	104	175	144	194	132	150	146	149	585	129	98	74	81
4:58:36	141	150	137	121	188	205	166	238	109	88	103	84	142	127	166	173	168	189	162	212	129	98	62	62	148	130	131	149	147	202	165	235	97	98	87	74	155	176	145	148	125	194	170	229	145	73	75	85	157	141	176	161	154	233	151	677	107	106	106	101	176	118	162	119	160	251	160	632	110	108	74	103	165	141	205	128	156	230	139	633	130	91	107	78	165	174	154	131	179	146	155	618	132	106	71	74
5:08:36	126	128	135	137	170	164	144	241	119	87	74	79	133	120	147	135	133	208	141	249	110	79	109	93	140	149	135	150	146	155	139	230	139	64	71	62	178	134	148	152	127	180	163	258	99	105	61	91	153	143	169	134	159	275	176	687	107	90	64	68	171	152	195	174	165	262	151	682	102	82	80	92	159	145	180	143	140	263	173	686	119	112	78	115	195	119	188	141	189	163	158	657	117	82	90	58
5:18:36	136	133	146	146	191	196	165	225	111	40	90	117	140	131	162	127	179	210	133	263	135	78	84	107	154	138	164	159	150	167	151	246	98	82	101	92	167	155	147	154	151	168	149	240	112	115	87	69	176	143	219	125	163	259	155	746	131	103	94	75	162	181	220	150	157	229	167	739	111	129	53	91	187	150	164	114	158	234	146	717	103	83	107	93	159	174	197	152	165	140	127	659	121	77	97	82
5:28:36	151	166	153	121	170	203	160	240	124	85	82	116	145	153	150	141	154	207	157	256	110	59	70	90	172	149	154	139	159	198	137	290	111	87	91	76	160	147	118	127	156	194	155	276	130	85	65	95	160	146	184	139	163	304	162	786	101	100	95	99	176	141	217	147	154	264	161	827	116	93	81	85	163	154	198	142	175	278	182	788	125	90	90	103	170	138	169	162	156	161	132	722	140	66	102	78
5:38:36	159	142	134	179	193	194	143	256	104	82	81	99	171	123	149	145	161	219	180	287	114	69	90	87	158	162	148	132	183	203	144	279	119	93	92	108	168	145	143	153	147	195	162	290	123	99	92	94	171	158	215	154	152	293	176	907	132	76	77	88	168	144	204	134	171	290	175	843	118	81	70	104	156	147	169	134	199	239	174	826	114	119	78	71	161	166	193	139	173	132	149	772	99	77	94	94
5:48:36	192	165	137	113	188	219	174	270	145	84	107	99	192	107	139	148	176	198	148	314	157	106	116	108	162	158	132	136	171	175	120	310	128	83	77	87	147	148	153	139	176	212	139	306	130	76	111	76	183	187	206	133	164	355	157	901	117	72	97	93	187	165	212	173	171	323	183	870	126	94	106	88	191	164	215	146	178	243	166	937	134	69	113	97	161	145	193	194	158	175	162	810	120	85	95	68
5:58:36	144	135	158	140	165	205	120	268	128	77	117	110	168	148	171	154	126	229	144	321	142	90	110	88	173	162	153	160	186	219	170	302	91	103	66	70	154	147	166	134	146	204	168	339	121	78	90	91	159	122	216	149	179	341	155	1021	135	80	75	70	173	118	194	151	178	307	145	910	73	70	99	94	169	184	191	173	161	276	186	1031	139	78	75	106	164	138	219	136	185	155	165	893	102	78	67	79
6:08:36	177	159	145	139	181	214	164	296	113	80	77	78	158	179	138	153	154	225	159	339	107	80	74	83	161	166	171	126	150	235	166	315	142	72	100	84	190	170	172	137	163	235	177	333	135	92	88	76	179	164	225	170	188	369	173	1170	124	100	113	100	164	174	218	139	155	349	150	1160	120	78	92	86	190	189	201	146	180	287	183	1187	147	78	87	118	172	168	226	167	160	156	183	995	137	62	77	110
6:18:36	160	163	112	150	206	221	107	324	116	93	82	102	151	160	181	145	150	236	203	344	143	72	60	88	170	192	135	114	186	220	185	318	136	74	99	67	172	146	158	150	146	203	175	370	126	94	99	107	188	195	214	127	192	368	153	1210	140	87	90	77	187	176	239	162	177	370	179	1244	107	100	84	95	179	159	215	165	169	320	169	1161	99	84	91	71	187	170	183	132	183	164	184	1042	130	77	86	91
6:28:36	166	139	157	155	200	243	183	349	138	102	98	103	157	175	148	150	159	210	165	357	125	98	100	95	167	152	156	152	166	220	165	384	112	93	70	127	183	173	157	163	155	232	190	379	133	90	92	83	188	169	232	158	207	389	194	1363	141	76	100	67	215	149	212	174	196	366	175	1377	133	82	103	104	197	140	230	154	166	333	164	1275	101	76	73	96	154	186	222	108	170	167	161	1221	135	94	79	84
6:38:36	161	163	174	120	192	222	180	321	134	82	120	82	167	161	163	145	176	235	163	372	144	97	60	104	180	161	156	123	171	203	173	377	115	77	94	95	177	169	189	146	174	281	170	409	127	75	74	89	187	173	232	176	182	363	209	1435	110	108	89	91	178	178	219	144	188	416	179	1433	120	77	84	75	173	168	233	135	142	339	185	1386	133	74	78	80	180	160	187	194	177	180	190	1289	99	68	85	70
6:48:36	140	181	152	135	181	247	169	352	122	89	102	95	201	148	163	153	181	250	186	388	144	86	79	72	177	180	161	166	145	221	162	414	108	92	84	90	170	187	161	150	180	268	182	409	135	104	61	92	200	157	210	142	195	416	168	1537	118	51	99	89	190	169	250	125	167	458	205	1515	142	99	107	75	200	184	193	148	172	368	168	1417	126	70	85	66	208	164	233	115	201	181	175	1323	141	103	78	66
6:58:36	154	178	169	137	190	266	154	360	127	62	122	98	195	158	174	123	198	267	154	414	114	69	87	88	189	161	150	135	165	246	189	411	112	63	92	85	188	193	172	141	170	266	185	440	105	78	85	61	187	149	218	150	172	456	169	1694	122	97	95	80	206	181	233	163	167	423	180	1638	116	79	86	85	185	172	243	155	178	382	191	1519	130	57	78	78	174	197	239	150	183	153	182	1468	109	79	69	75
7:08:36	181	168	142	159	230	262	172	389	97	86	104	52	207	166	170	141	179	282	208	417	126	97	73	72	176	148	168	136	195	258	183	434	132	95	85	98	184	125	193	152	194	241	163	438	129	86	87	78	210	165	238	169	192	459	169	1743	104	96	100	84	211	175	246	155	182	440	202	1666	125	74	104	57	211	160	250	174	176	420	192	1638	104	102	89	111	187	190	256	159	185	186	196	1537	112	78	73	78
7:18:36	195	187	160	141	173	267	172	389	102	126	107	88	180	161	162	152	176	277	177	430	100	111	92	104	186	161	172	128	169	251	173	481	148	86	77	84	170	174	170	146	217	258	176	420	139	41	86	92	220	192	252	160	189	502	205	1793	105	104	116	107	204	181	259	186	195	452	202	1766	152	105	90	81	207	180	253	159	184	438	178	1658	119	105	67	98	214	181	248	145	189	182	195	1612	134	104	86	83
7:28:36	177	145	165	136	183	264	188	424	106	83	115	109	185	148	179	171	187	276	206	454	118	103	101	105	174	176	183	134	171	269	158	491	110	87	76	93	200	173	171	134	184	246	192	480	135	88	110	76	226	190	215	179	212	483	210	1837	146	70	89	79	187	161	249	142	188	477	198	1815	133	88	79	67	245	179	247	158	189	480	204	1782	116	69	79	85	182	172	275	162	198	183	205	1712	82	76	80	78
7:38:36	167	175	202	156	214	274	207	405	138	69	86	64	200	185	175	130	183	288	189	465	117	111	60	83	194	183	193	152	190	299	194	488	107	60	82	76	193	227	191	158	199	294	176	492	135	43	66	67	213	199	270	157	230	484	197	1907	96	86	91	93	239	186	257	154	160	445	213	1866	110	96	67	87	254	162	237	177	180	490	213	1852	128	114	70	93	215	174	291	171	190	196	195	1698	120	83	89	88
7:48:36	192	170	179	162	198	307	188	417	132	99	92	102	231	190	189	162	171	269	199	472	106	73	118	72	207	208	189	161	183	289	203	509	104	82	92	96	203	154	183	139	182	292	205	518	120	107	59	64	204	141	250	188	169	509	227	1975	128	116	89	82	234	185	285	137	214	473	238	1931	120	103	72	75	251	190	253	163	187	498	204	1834	124	76	76	80	227	190	287	173	221	207	213	1800	83	67	67	88
7:58:36	202	213	163	175	194	264	202	447	142	93	100	49	174	172	166	201	204	309	243	478	103	96	69	99	198	200	173	175	196	283	224	532	121	100	83	103	195	181	162	210	213	278	192	469	124	68	56	82	223	192	269	158	218	493	212	2049	125	66	87	101	226	182	269	178	222	498	239	1992	115	92	39	119	215	202	271	157	218	500	230	1914	121	74	87	61	228	187	270	142	184	213	212	1791	103	87	83	106
8:08:36	196	172	197	177	213	332	209	471	90	95	93	117	193	189	209	138	194	298	222	462	116	86	110	95	216	189	199	152	191	283	236	500	126	98	93	81	237	194	182	184	197	281	205	524	88	84	77	79	220	190	297	167	200	503	224	2119	114	96	50	67	217	190	259	181	210	497	257	2047	109	100	68	89	251	188	271	200	225	496	250	1926	142	62	88	82	194	197	260	147	219	222	246	1896	118	93	54	77
8:18:36	204	199	177	148	194	313	210	443	139	92	76	110	204	202	208	180	202	276	221	503	133	117	68	89	220	180	207	141	201	292	197	486	103	94	88	65	186	178	193	185	166	282	188	513	150	74	98	74	236	213	324	205	238	507	194	2121	108	88	135	48	210	184	290	198	247	505	235	2005	99	95	125	55	224	191	278	183	226	558	259	1944	120	61	72	64	226	182	281	182	220	241	220	1886	133	112	96	71
8:28:36	227	216	191	192	230	311	205	459	151	74	86	80	202	202	189	185	215	299	221	503	94	79	72	79	222	205	168	166	208	328	240	532	81	71	42	74	203	204	198	154	211	308	223	515	112	87	114	72	243	176	309	167	227	524	273	2222	100	122	145	97	227	196	283	203	268	524	250	2021	132	67	100	81	268	197	258	191	235	519	249	2071	114	96	93	105	215	178	295	191	205	226	268	1940	113	59	59	80
8:38:36	198	194	162	148	169	310	223	500	121	100	125	61	216	203	183	158	194	305	251	520	118	69	75	117	213	217	196	178	200	303	255	558	98	72	97	101	205	187	187	174	216	333	213	511	136	107	97	83	230	194	328	208	215	515	269	2217	109	63	126	93	223	209	292	180	223	515	263	2133	125	94	73	106	211	212	322	197	218	559	288	2070	90	82	82	67	211	220	289	174	245	250	211	2010	134	127	51	87
8:48:36	224	224	205	163	251	322	196	469	113	104	129	81	194	190	187	174	232	331	246	543	109	107	84	87	201	221	192	172	196	316	220	521	133	84	108	99	265	205	192	153	213	287	204	569	118	87	81	88	222	211	340	199	219	548	235	2251	97	61	50	67	231	179	297	191	254	557	270	2111	133	80	102	78	258	198	304	155	221	498	291	2152	130	107	57	86	242	217	322	203	224	233	291	2022	134	80	93	83
8:58:36	245	220	193	150	229	304	232	470	92	65	100	106	219	223	201	184	239	335	224	526	141	80	113	92	179	190	180	160	209	318	248	548	125	60	68	92	221	205	219	173	213	304	191	539	114	86	78	73	237	250	353	192	218	531	301	2304	121	66	90	88	210	215	325	155	268	535	253	2127	114	111	59	95	261	222	321	171	240	550	261	2203	105	107	78	84	271	205	333	186	188	247	263	2048	114	78	128	96
9:08:36	218	210	185	187	247	335	222	481	120	70	105	75	226	196	205	174	206	343	208	561	99	67	74	96	216	216	223	190	194	279	249	529	108	88	89	104	224	203	179	138	227	326	207	582	129	110	85	90	233	224	331	202	242	517	313	2366	110	97	70	78	258	235	317	180	244	527	285	2206	109	69	75	81	253	233	340	208	250	529	272	2195	111	108	62	90	246	236	308	203	239	241	253	2125	136	53	67	69
9:18:36	224	211	195	146	239	338	233	503	133	91	100	97	220	185	224	179	234	358	252	527	112	55	76	84	225	190	213	180	230	319	223	540	101	72	79	88	213	250	214	181	234	323	215	608	143	102	63	115	241	240	345	172	276	584	295	2391	98	78	89	66	209	244	338	170	270	597	260	2239	136	104	109	110	259	182	353	199	257	546	310	2213	121	71	85	91	251	233	298	185	221	224	273	2081	117	83	102	99
9:28:36	224	219	186	145	238	362	272	494	129	90	66	102	237	222	210	178	225	344	231	559	118	99	94	55	210	218	203	164	212	309	244	544	131	97	111	83	209	223	185	162	235	342	248	554	130	112	106	91	242	220	362	190	251	582	321	2410	74	94	92	78	264	237	322	195	282	562	243	2304	121	90	85	96	233	250	325	175	215	588	290	2274	158	76	60	75	235	251	333	199	261	281	295	2162	99	106	92	63
9:38:36	227	194	198	188	249	384	220	511	106	102	97	61	215	232	248	167	201	355	266	568	127	76	57	99	182	217	218	214	228	337	263	555	112	66	93	86	229	180	209	150	252	336	229	563	98	77	76	70	251	215	336	234	231	591	303	2511	110	79	93	87	229	218	370	158	244	564	275	2300	122	88	101	86	283	214	344	170	274	596	297	2261	99	76	90	85	217	188	338	220	238	268	298	2229	102	85	56	77
9:48:36	230	224	201	178	227	314	269	508	96	82	88	86	206	246	236	200	220	348	274	581	73	118	82	58	210	210	186	189	212	337	258	574	130	70	108	76	228	227	245	167	211	350	222	568	129	61	78	86	256	261	356	180	226	554	262	2357	129	91	64	110	212	227	332	207	264	618	268	2269	102	89	92	105	243	237	350	197	243	583	290	2209	126	79	85	96	237	212	353	187	213	258	275	2159	112	76	81	90
9:58:36	213	267	226	196	243	333	242	511	123	97	102	100	224	229	223	181	232	335	253	561	114	81	95	87	241	220	213	189	210	310	267	569	119	68	71	69	261	224	229	170	250	329	227	579	124	89	98	55	248	256	389	191	246	558	268	2415	101	69	83	76	264	204	362	202	255	597	278	2344	120	55	84	84	267	214	352	243	296	618	298	2294	99	87	76	97	265	241	346	210	238	286	302	2152	124	107	45	83
10:08:36	234	208	197	199	248	330	244	504	118	90	64	86	234	219	212	180	261	361	242	602	137	73	90	89	221	218	218	186	260	353	268	583	155	62	86	95	240	202	223	173	247	330	217	554	115	95	78	103	241	219	335	214	288	587	292	2496	123	66	99	92	271	243	353	201	265	593	293	2303	130	68	79	83	276	229	371	213	274	614	301	2288	117	83	92	66	227	267	349	213	226	289	304	2192	123	96	102	71
10:18:36	228	233	235	179	240	352	257	519	98	118	81	79	234	248	213	229	247	378	260	575	132	112	84	80	260	185	197	191	226	353	266	560	74	82	65	102	230	204	234	202	184	376	236	576	114	84	116	99	282	236	390	256	240	590	299	2550	109	89	76	120	236	260	322	193	278	544	300	2384	128	72	45	95	252	201	371	244	261	574	278	2331	111	35	42	126	263	234	360	240	205	311	304	2183	113	100	87	82
10:28:36	280	231	199	206	232	350	262	513	136	105	103	111	201	230	230	211	240	378	262	587	133	111	80	100	214	234	250	213	249	325	254	614	130	50	78	52	248	214	200	179	250	363	261	588	105	62	96	74	247	241	379	221	225	586	302	2561	145	94	99	88	226	199	384	215	266	627	306	2440	126	62	111	90	277	223	385	227	290	586	299	2350	131	90	43	84	254	247	357	197	223	297	334	2267	115	98	87	73
10:38:36	255	240	206	180	234	351	264	545	100	92	90	81	205	249	257	190	247	359	255	624	127	85	75	119	271	211	236	197	270	371	283	614	126	103	109	88	227	218	230	184	230	321	258	613	100	96	71	82	265	242	343	221	283	609	331	2609	129	73	76	72	221	273	366	234	267	615	296	2439	102	61	76	82	232	254	406	226	292	648	299	2372	115	97	74	93	251	215	359	225	259	320	302	2262	146	82	101	107
10:48:36	270	232	229	182	255	365	239	538	89	86	89	52	227	229	246	212	224	385	254	572	129	88	77	94	288	224	229	178	241	325	272	629	93	75	73	78	224	250	209	213	250	366	234	609	90	100	78	58	241	234	355	244	262	599	309	2712	101	103	76	80	224	228	390	251	277	647	315	2513	152	81	100	74	277	248	360	235	256	580	307	2433	110	102	111	91	260	247	373	253	250	332	303	2359	116	105	68	87
10:58:36	230	235	247	205	271	396	263	522	67	75	75	114	262	257	269	244	225	394	284	597	133	81	46	92	255	236	252	218	255	364	276	649	106	92	74	85	260	239	242	182	258	350	253	621	103	62	80	115	281	260	340	234	288	630	297	2733	122	92	97	84	237	239	399	208	281	637	320	2530	102	93	80	103	243	282	396	244	299	617	325	2384	127	88	82	92	262	254	371	254	275	348	315	2362	123	121	87	98
11:08:36	229	249	214	215	264	357	280	546	133	71	44	42	256	214	233	254	222	375	289	613	116	77	95	95	251	237	210	185	226	363	263	660	131	86	90	66	286	241	199	218	221	319	249	636	109	76	86	87	280	274	396	261	291	654	315	2682	120	63	95	93	265	270	361	237	282	632	363	2526	131	81	102	96	275	267	342	227	265	675	344	2398	146	82	68	73	257	235	369	217	270	337	309	2304	134	64	104	78
11:18:36	267	239	223	196	248	355	267	564	116	87	65	84	237	238	261	225	249	335	294	595	115	116	87	116	251	245	228	191	239	361	302	622	129	124	83	101	263	217	224	192	256	325	273	610	144	103	85	97	288	266	396	263	279	643	298	2747	119	100	83	88	255	252	381	241	274	642	311	2581	144	109	83	132	265	252	385	253	289	621	318	2410	107	66	88	72	247	264	398	251	257	359	322	2339	134	59	55	77
11:28:36	256	245	247	161	289	315	258	515	125	92	92	83	273	254	260	232	254	369	261	619	104	56	73	87	208	262	230	224	244	362	298	601	107	67	83	101	256	227	245	223	224	368	236	644	118	100	84	80	278	246	391	238	262	612	286	2693	121	71	87	109	260	256	433	249	279	649	307	2626	123	74	84	91	322	273	351	249	295	653	316	2456	136	60	65	90	258	252	363	257	265	365	301	2346	108	94	79	95
11:38:36	259	210	212	224	262	326	254	509	135	78	87	103	278	243	221	204	248	387	283	572	111	59	96	78	259	245	241	212	257	349	261	622	133	72	89	61	264	203	232	239	224	349	312	646	115	65	64	120	306	275	412	252	296	616	339	2707	147	89	92	99	257	267	406	244	230	614	336	2591	109	62	95	65	290	269	418	221	291	616	342	2434	100	81	56	108	299	260	367	251	277	402	315	2314	101	82	87	109
11:48:36	239	247	223	192	259	364	285	528	122	93	97	69	237	262	237	208	279	351	302	614	119	72	110	65	221	244	272	242	222	375	321	623	115	106	79	82	252	231	221	230	222	372	279	641	135	85	101	87	236	269	413	266	280	632	357	2684	109	93	84	106	253	269	430	279	280	649	331	2602	151	102	101	83	269	271	406	271	292	664	316	2462	129	72	67	102	283	278	327	223	225	430	317	2362	138	98	82	89
11:58:36	217	243	238	207	260	384	282	536	102	61	71	58	260	232	257	213	242	366	294	589	115	82	70	100	230	245	227	230	255	370	278	611	114	71	62	34	260	244	228	250	228	373	260	635	114	71	90	85	263	287	419	258	287	648	355	2689	115	54	80	90	218	265	386	253	286	647	326	2595	132	111	56	80	245	261	383	254	277	664	334	2479	93	66	95	99	276	271	351	252	242	453	310	2330	102	95	69	77
12:08:36	282	237	246	207	292	358	265	552	122	93	91	81	265	251	243	231	246	386	253	618	121	112	83	80	277	209	264	217	274	332	295	634	99	80	81	103	245	251	246	176	248	356	273	631	114	86	112	96	255	266	395	264	264	627	339	2657	128	97	90	97	244	268	409	230	256	619	352	2586	140	95	49	91	254	277	401	261	302	680	350	2471	125	80	70	60	261	255	389	261	287	424	316	2371	107	94	66	83
12:18:36	255	255	219	180	271	348	263	570	114	80	114	87	251	246	230	233	219	371	330	602	120	109	75	104	248	249	238	214	301	377	303	595	112	91	65	102	248	237	224	213	245	317	270	640	147	86	76	88	255	270	409	288	256	619	306	2684	119	75	102	81	261	281	389	277	310	580	328	2589	150	77	63	86	259	300	413	240	290	667	343	2516	96	91	67	52	274	231	413	292	267	458	344	2347	89	79	76	67
12:28:36	274	240	222	195	279	367	282	560	119	87	89	98	254	268	260	249	262	344	269	580	123	74	88	66	253	223	226	241	279	342	287	570	102	95	102	89	241	226	226	235	256	367	278	629	109	103	68	95	279	279	435	296	269	636	328	2670	97	44	69	88	264	258	373	251	301	649	341	2599	122	85	69	99	268	272	417	276	254	660	329	2512	124	89	96	78	259	254	385	250	256	471	312	2361	120	129	111	81
12:38:36	253	278	237	227	287	360	293	520	110	97	113	85	267	208	247	253	267	375	330	589	94	128	120	90	254	237	222	225	256	384	302	597	119	94	102	86	277	219	258	249	254	336	257	598	102	89	68	82	290	268	390	269	272	565	332	2578	110	96	85	91	275	240	388	236	312	586	319	2550	107	106	124	115	251	276	440	259	263	630	356	2476	130	127	94	103	238	277	404	256	294	460	278	2319	145	101	76	93
12:48:36	260	256	234	246	270	383	263	472	103	104	93	108	269	229	226	280	230	361	271	577	113	81	75	86	233	247	230	241	240	365	295	561	144	57	66	77	262	228	225	247	236	315	274	584	124	99	78	68	260	286	441	269	286	570	348	2516	158	88	76	31	246	293	404	263	295	576	317	2431	106	107	103	98	283	284	451	259	252	627	335	2355	99	92	68	70	260	249	379	242	278	475	331	2305	80	71	63	83
12:58:36	259	250	194	256	249	318	261	545	95	99	83	86	262	260	255	229	273	352	283	548	123	95	89	82	263	244	265	235	276	343	289	546	89	98	62	84	243	224	231	230	262	335	292	599	115	69	84	81	276	256	397	266	299	528	343	2428	116	99	76	100	249	282	376	197	255	583	329	2362	93	88	67	108	257	274	450	268	326	610	322	2327	142	85	79	80	258	290	384	262	259	491	344	2285	106	110	105	70
13:08:36	198	275	227	226	228	338	263	513	125	48	71	94	256	254	223	230	240	336	323	556	138	76	70	75	233	272	256	231	263	316	248	524	128	87	83	102	214	257	233	262	249	349	296	586	135	65	83	76	284	271	412	262	274	545	304	2327	119	109	100	105	238	221	402	247	277	563	305	2317	123	59	76	68	291	280	425	226	292	611	301	2220	146	122	91	77	259	247	395	254	278	477	334	2190	126	84	111	58
13:18:36	270	264	231	247	259	311	240	514	111	87	97	75	242	255	221	264	224	286	284	503	116	96	91	91	236	283	256	226	268	322	303	535	95	75	68	55	244	240	246	258	241	318	257	530	123	101	92	104	234	266	400	276	266	520	324	2187	135	86	116	110	254	269	406	240	271	536	335	2202	99	94	82	59	268	270	409	293	247	562	319	2144	143	67	113	94	250	253	390	248	275	450	321	2140	119	90	77	108
13:28:36	280	261	269	214	247	327	280	536	145	44	76	80	257	259	264	234	226	349	268	548	124	76	86	95	272	233	260	220	253	294	300	528	110	95	114	82	260	231	238	239	292	302	280	526	124	100	81	76	233	271	392	289	291	507	337	2126	121	89	69	108	259	283	410	260	280	534	318	2052	131	90	95	83	240	301	429	256	267	553	313	2066	123	93	83	100	251	257	379	272	299	465	323	2100	146	75	89	74
13:38:36	256	268	245	261	266	330	330	464	125	103	99	76	245	225	253	237	282	332	285	519	93	84	66	91	231	258	261	265	239	297	282	500	107	85	120	104	252	242	232	220	253	295	294	485	128	83	70	108	265	295	433	262	254	510	342	2070	123	97	77	98	260	248	398	239	293	496	328	1962	119	101	82	83	277	261	408	287	280	535	309	1960	120	95	54	92	259	244	366	252	288	485	349	1975	133	76	76	67
13:48:36	242	289	247	228	239	319	259	460	122	96	78	72	257	236	228	247	255	309	301	479	145	88	80	126	275	238	252	217	257	334	260	478	132	80	85	57	264	274	268	248	228	351	293	518	119	104	107	101	257	296	391	260	256	506	355	1918	118	73	86	101	280	256	401	268	291	486	320	1947	115	97	96	83	256	306	425	254	274	547	336	1928	149	96	97	92	258	261	358	262	271	458	306	1867	132	82	95	105
13:58:36	248	268	194	221	260	297	258	464	122	116	107	103	233	264	237	275	238	321	266	519	137	73	104	81	262	261	238	258	232	310	280	484	94	69	104	98	230	260	253	271	237	293	266	475	141	81	82	72	252	244	419	279	277	471	279	1915	122	92	82	61	245	270	366	287	280	498	364	1858	101	89	105	89	243	297	429	283	253	501	348	1845	124	69	99	76	255	285	349	265	260	472	299	1817	126	30	71	100
14:08:36	248	286	243	229	260	321	269	477	128	69	96	80	249	277	258	244	254	323	296	496	134	103	92	102	217	242	237	226	220	323	270	473	100	100	75	94	228	272	220	256	245	302	246	505	100	61	122	111	231	277	361	296	281	503	335	1874	92	86	94	101	276	254	394	279	223	478	351	1865	111	88	77	75	243	279	436	275	265	472	342	1776	96	89	107	115	238	240	386	259	249	472	286	1809	114	114	106	100
14:18:36	275	275	227	243	271	293	280	507	95	90	62	92	216	254	246	252	249	321	264	457	111	66	45	84	217	247	245	227	238	305	273	456	138	107	72	75	247	233	252	247	252	313	272	487	123	100	82	89	236	278	349	301	259	486	296	1825	121	89	100	94	256	291	393	278	250	484	329	1748	138	105	63	83	239	287	425	271	280	492	318	1804	129	110	76	91	258	252	406	263	243	487	291	1723	120	86	92	91
14:28:36	265	266	203	226	263	306	237	444	134	100	108	60	280	255	274	257	229	314	271	459	115	96	97	85	254	267	251	226	224	338	263	483	105	90	48	70	220	237	235	274	248	327	264	484	123	104	73	73	251	257	418	231	272	454	288	1809	112	92	97	88	255	229	389	267	248	452	300	1788	128	78	84	55	221	258	393	271	283	507	328	1753	125	99	74	74	286	263	347	293	271	502	301	1684	112	71	88	110
14:38:36	263	306	219	233	254	321	268	464	124	75	69	68	237	278	222	242	251	291	270	439	111	84	101	76	251	255	249	250	220	313	278	455	150	110	87	107	220	259	222	258	221	276	293	482	144	89	80	48	252	251	361	286	269	443	292	1687	120	93	48	104	247	226	392	292	235	487	289	1713	114	90	73	82	266	263	415	268	256	474	303	1732	147	66	102	76	221	234	359	252	259	508	330	1633	102	95	68	118
14:48:36	263	246	232	239	248	299	291	434	127	114	94	86	254	287	223	231	195	276	269	448	117	53	110	128	240	227	250	269	246	308	307	462	128	92	76	72	254	215	256	207	256	318	295	458	111	76	74	110	246	235	394	299	267	462	277	1765	113	78	81	89	261	263	375	312	259	495	317	1678	121	111	70	72	256	247	402	261	269	476	302	1649	111	80	89	56	254	268	347	283	225	510	290	1599	147	86	122	97
14:58:36	272	271	241	213	260	307	280	444	105	102	91	51	270	263	234	261	255	306	285	427	82	49	74	84	260	239	241	253	264	329	281	481	116	117	98	104	236	274	248	279	226	298	214	456	124	83	103	95	227	249	348	283	258	458	305	1675	130	73	99	91	267	247	370	274	240	395	295	1700	94	98	114	117	271	286	383	281	249	476	324	1623	97	65	62	136	249	249	324	243	280	518	279	1585	123	87	84	89
15:08:36	248	286	249	234	271	288	259	431	105	114	80	97	212	225	233	250	201	319	269	451	112	109	81	89	237	261	206	253	227	292	252	433	103	98	115	105	233	245	243	245	252	294	260	453	94	104	96	110	237	259	394	313	245	432	307	1713	108	111	98	102	261	247	381	270	220	484	276	1642	116	80	92	85	225	253	368	271	260	485	278	1644	109	80	85	90	266	263	349	244	236	522	286	1658	139	104	84	64
15:18:36	264	246	263	231	286	304	234	414	106	102	107	72	275	248	262	243	269	305	269	453	128	60	80	82	239	261	250	236	243	306	281	452	105	86	69	101	243	246	227	245	240	286	293	475	138	48	85	101	250	249	378	292	243	446	284	1700	125	97	61	80	242	262	387	263	261	462	310	1603	120	91	71	97	244	243	360	286	282	476	284	1614	123	85	110	108	261	269	353	275	252	500	289	1584	103	103	113	65
15:28:36	252	259	229	239	245	328	262	419	124	82	113	111	238	237	228	243	229	293	296	449	105	67	66	74	232	233	233	270	256	293	253	463	126	78	70	68	221	233	249	229	237	303	260	477	120	90	77	83	210	263	317	283	242	453	326	1641	124	69	88	71	243	228	338	264	239	464	313	1604	94	62	109	86	210	230	369	243	255	476	304	1609	131	93	45	94	254	252	350	249	256	533	302	1564	124	76	65	79
15:38:36	260	267	258	223	274	283	248	417	116	113	92	75	254	252	265	239	224	261	261	429	128	94	77	82	255	248	224	242	237	287	278	445	107	102	74	59	224	247	243	236	242	311	247	471	119	62	54	137	247	248	342	301	243	481	282	1645	132	63	73	67	212	245	357	282	256	450	286	1558	94	90	97	61	251	270	350	260	273	453	286	1571	132	102	90	91	252	281	344	262	269	507	299	1567	121	76	80	94
15:48:36	287	267	246	239	296	299	254	412	124	112	69	102	290	237	270	245	270	270	265	446	137	88	56	102	234	250	264	250	254	267	264	472	137	71	98	103	241	259	275	233	270	288	272	443	109	95	82	88	203	238	369	277	234	422	308	1647	120	55	80	71	248	268	338	273	269	449	263	1632	122	78	123	112	232	227	362	300	248	436	304	1587	127	99	68	112	235	256	319	236	263	530	299	1510	147	97	77	95
15:58:36	296	266	222	267	232	301	264	426	112	106	87	87	288	256	247	250	244	301	251	428	128	83	88	109	241	227	239	238	242	273	265	442	127	67	85	36	239	260	223	236	262	301	256	475	148	79	69	76	237	276	340	321	248	467	284	1678	122	117	66	84	245	270	333	255	245	433	279	1564	132	96	57	110	233	263	368	260	249	470	282	1557	121	107	74	102	247	257	340	261	258	551	305	1524	104	56	79	70
16:08:36	266	270	242	227	263	324	261	391	142	87	81	70	254	277	255	224	254	291	236	441	120	96	97	121	249	184	257	236	233	278	273	461	127	99	95	79	195	232	220	234	218	256	241	478	134	66	77	99	240	237	373	269	247	460	296	1637	101	76	64	100	242	254	335	267	263	448	290	1595	132	96	76	92	235	243	363	290	250	446	323	1535	110	100	73	86	268	243	355	236	287	522	294	1553	144	81	85	89
16:18:36	254	269	271	268	235	296	251	424	127	83	87	79	266	238	223	260	230	272	279	434	112	82	49	82	241	272	259	258	256	289	257	455	117	86	66	97	229	239	216	212	232	313	230	444	119	85	98	66	254	231	360	270	246	463	270	1625	111	66	63	75	228	256	324	300	255	463	294	1598	129	115	102	91	251	267	358	268	250	484	280	1558	116	97	74	93	251	232	291	254	251	506	272	1524	150	102	78	74
16:28:36	256	253	242	255	284	293	244	427	112	90	73	74	242	250	209	248	263	328	267	448	108	74	96	86	233	270	265	282	252	303	258	456	113	59	68	95	221	237	237	267	262	317	261	458	129	98	91	71	261	250	362	230	262	451	304	1583	114	73	73	107	257	212	336	287	243	441	282	1595	93	100	97	100	248	250	347	247	260	479	283	1554	90	103	88	114	266	247	337	231	256	537	288	1500	119	98	99	84
16:38:36	269	271	244	226	248	301	246	426	107	77	110	86	259	259	227	225	218	312	297	442	106	74	97	97	229	255	245	227	237	301	239	418	132	106	98	54	230	241	253	252	245	295	266	457	90	97	86	45	252	251	349	281	277	442	274	1545	112	79	83	93	261	220	317	250	243	437	289	1554	102	75	57	99	251	255	370	260	258	459	250	1545	138	92	96	116	237	250	311	293	246	521	311	1487	123	86	76	114
16:48:36	263	230	232	264	238	316	265	424	120	65	118	78	277	247	290	246	266	299	280	426	135	58	92	115	227	227	225	304	260	295	284	438	104	91	89	117	228	232	219	215	245	316	266	457	95	84	82	122	272	239	347	273	233	442	287	1618	117	91	73	126	223	261	353	246	276	454	309	1541	131	90	97	87	206	245	358	284	251	479	268	1575	98	96	71	85	233	272	326	285	259	508	273	1473	124	77	93	56
16:58:36	271	254	232	227	230	289	258	411	120	82	85	71	248	239	274	229	248	265	268	438	115	93	86	102	232	239	259	232	229	296	267	460	147	87	103	100	258	243	252	240	236	299	251	463	126	83	120	116	223	250	361	274	243	442	291	1628	105	71	92	89	244	247	335	261	262	432	278	1577	120	92	58	97	228	236	344	267	257	486	292	1561	96	84	102	57	264	250	324	267	263	537	272	1547	130	91	93	102
17:08:36	267	250	233	222	229	286	270	441	146	71	85	104	252	255	259	254	248	298	283	437	115	97	84	80	235	230	212	251	229	297	285	470	120	112	80	90	220	252	244	211	214	285	240	456	99	98	64	79	250	237	311	286	238	461	292	1611	122	94	98	68	236	273	342	261	261	475	290	1621	106	84	81	90	248	258	318	266	258	457	298	1575	112	75	90	76	236	255	338	250	285	531	297	1497	112	79	73	94
17:18:36	245	265	245	234	278	309	278	445	143	97	73	79	261	251	239	256	276	294	274	446	110	90	82	82	222	225	252	250	214	278	229	453	152	85	104	83	245	240	259	228	249	288	261	445	122	66	63	100	264	206	317	283	268	489	299	1593	113	82	80	96	241	210	330	252	259	450	315	1586	117	79	73	46	262	274	330	269	247	464	294	1550	109	66	106	62	262	238	334	265	247	550	287	1517	117	65	65	119
17:28:36	241	240	235	246	258	324	273	447	105	91	63	46	255	236	223	248	248	309	261	467	110	44	81	88	251	300	239	239	279	306	282	460	129	83	72	107	254	217	238	244	253	292	258	461	129	80	71	96	246	250	330	255	264	442	280	1610	108	76	96	75	292	243	292	265	293	435	298	1587	123	56	75	67	282	274	347	254	228	482	321	1570	99	111	94	75	252	254	326	275	252	561	283	1503	126	96	57	68
17:38:36	291	262	259	247	272	293	272	417	126	79	77	87	278	262	243	214	278	292	241	422	129	92	72	88	280	231	253	251	236	279	285	431	114	87	103	69	237	230	216	220	254	310	256	441	107	104	75	91	239	214	354	285	244	439	300	1567	119	77	86	93	261	236	311	263	263	431	286	1517	118	67	79	114	288	250	341	258	237	453	275	1478	114	113	70	112	242	231	347	253	240	517	270	1414	112	98	75	65
17:48:36	279	253	245	229	268	348	260	419	144	67	83	91	254	224	268	258	260	327	270	435	115	67	65	95	231	245	249	239	235	306	274	435	115	77	96	114	236	242	220	240	225	268	272	438	102	94	86	43	246	271	354	241	229	465	275	1602	123	112	75	91	233	249	325	278	251	470	287	1536	118	113	105	83	257	244	334	251	271	454	280	1520	127	82	106	78	227	241	312	252	251	533	272	1380	132	94	63	87
17:58:36	265	266	245	234	252	285	278	437	107	81	88	89	245	275	242	254	233	287	281	419	149	92	78	86	259	252	218	228	251	268	239	417	126	85	84	96	231	238	222	245	227	253	268	425	128	110	75	74	257	241	337	244	234	455	275	1662	126	66	92	84	228	228	331	251	245	455	314	1477	124	76	54	77	257	229	356	262	267	446	289	1528	118	76	79	64	214	243	326	232	232	504	287	1410	119	75	113	66
18:08:36	259	243	237	262	242	291	256	386	101	72	104	85	256	264	252	211	246	319	239	440	99	86	82	72	236	255	228	240	247	259	255	435	140	84	90	98	255	261	248	245	220	275	294	466	125	88	96	89	249	250	323	252	255	441	284	1644	128	68	71	91	238	230	333	282	255	462	280	1540	92	103	73	97	278	260	354	288	268	464	262	1553	139	77	56	68	261	221	339	269	252	524	291	1431	98	90	58	100
18:18:36	271	247	254	211	266	296	268	426	138	101	78	90	271	220	256	204	239	286	264	450	135	94	98	74	231	245	229	234	227	285	279	432	91	110	102	89	230	237	263	230	226	300	262	406	134	95	106	63	262	253	359	273	266	461	272	1604	116	60	101	93	243	239	327	224	257	457	293	1535	126	66	93	85	262	263	338	258	271	450	283	1554	117	98	70	107	254	279	346	250	232	488	316	1388	139	68	109	88
18:28:36	237	272	225	234	230	295	253	403	102	96	126	76	259	288	207	283	249	304	262	424	107	106	92	67	236	228	234	234	241	291	272	414	141	86	54	84	262	238	234	232	234	319	255	452	111	67	67	95	217	243	330	260	279	461	300	1638	127	93	103	89	274	241	309	272	264	486	314	1525	126	95	52	99	232	292	308	287	245	482	282	1563	101	104	90	86	250	256	308	269	263	477	280	1397	80	94	113	94
18:38:36	277	259	259	282	266	304	267	365	123	81	108	112	278	255	240	212	236	292	269	407	114	99	66	62	219	255	239	223	250	283	258	433	113	104	103	58	258	212	234	209	260	296	250	423	135	73	102	76	243	245	323	268	244	437	279	1629	112	88	82	98	250	263	328	250	246	459	320	1563	121	80	97	68	248	291	330	257	274	479	286	1597	133	84	102	86	258	246	335	263	250	462	307	1375	131	78	91	80
18:48:36	275	277	239	265	280	295	265	414	133	66	85	89	255	253	205	233	212	306	294	408	117	53	78	100	243	236	265	221	273	308	268	437	125	87	107	83	254	245	249	270	238	291	289	449	144	90	64	101	249	250	335	263	254	469	282	1622	123	100	65	67	254	257	331	225	255	428	275	1475	119	76	73	114	230	260	299	262	238	463	297	1550	122	88	83	82	268	217	302	244	245	450	288	1263	103	77	77	102
18:58:36	277	278	232	275	274	274	251	365	108	99	84	71	245	266	254	262	254	317	254	369	127	101	98	82	245	249	244	208	234	306	285	392	137	78	87	56	234	238	215	241	256	288	258	424	131	64	77	79	269	250	314	229	259	451	309	1536	112	85	64	75	239	253	325	275	263	453	286	1411	132	97	100	97	238	253	334	250	276	430	263	1442	119	80	78	96	247	243	290	253	243	430	274	1208	94	74	81	95
19:08:36	287	268	244	239	239	281	238	361	100	106	84	105	274	287	269	270	230	267	284	401	89	62	115	74	263	230	252	227	245	285	267	434	135	79	106	78	261	242	246	253	250	311	268	435	131	54	101	66	237	258	334	258	250	446	297	1562	131	75	97	66	262	225	320	248	232	437	308	1419	107	35	78	75	270	252	325	261	266	444	335	1462	137	75	58	95	279	265	292	251	271	415	280	1150	106	109	83	73
19:18:36	281	282	247	256	265	306	256	364	131	69	82	74	259	216	252	235	261	289	257	433	109	79	92	87	259	267	254	202	269	284	285	439	135	86	69	74	240	222	242	223	284	304	284	450	110	80	102	93	238	276	334	247	246	465	277	1547	111	74	82	82	260	258	314	284	269	460	304	1476	148	96	59	71	256	257	321	264	228	431	304	1505	125	101	100	81	218	241	301	249	243	444	312	1146	121	72	93	93
19:28:36	289	269	264	205	241	319	247	388	124	86	109	73	243	241	226	228	235	282	288	437	133	62	114	75	221	260	256	242	244	286	246	429	148	102	94	80	248	210	228	229	215	309	248	450	130	78	102	99	205	277	322	264	241	460	279	1570	124	84	94	70	256	255	296	271	273	424	283	1495	107	84	51	88	264	271	307	230	280	445	304	1531	106	93	94	88	244	245	330	242	244	478	280	1133	150	75	89	85
19:38:36	277	280	276	231	255	299	251	381	128	93	101	70	263	266	236	248	241	278	262	414	105	80	109	85	255	252	230	246	237	274	257	428	115	99	79	73	242	246	216	229	261	284	248	451	130	113	89	68	217	266	337	225	269	442	315	1566	126	74	90	97	219	285	300	272	260	474	282	1489	111	103	96	87	250	283	313	248	271	460	292	1474	112	87	82	83	253	254	320	287	267	421	295	1101	116	114	95	91
19:48:36	265	241	204	261	270	311	283	372	118	102	102	87	260	233	201	192	254	285	235	418	97	100	83	52	228	243	248	201	233	261	249	410	116	62	82	72	255	254	217	234	251	330	255	422	122	74	67	85	250	252	326	279	269	419	288	1547	111	103	66	90	236	255	308	247	256	441	317	1468	128	59	96	95	252	267	333	273	269	431	319	1457	126	62	88	80	247	235	318	243	251	440	277	1085	122	102	122	62
19:58:36	245	274	245	212	279	316	297	373	105	64	98	81	247	268	222	209	232	251	293	431	140	76	83	85	226	279	262	265	256	288	270	389	123	73	83	49	263	222	252	234	226	265	272	394	105	60	85	78	277	270	334	275	290	430	294	1492	95	80	89	64	274	256	312	261	230	486	300	1449	71	89	85	102	253	267	310	278	253	460	281	1406	127	72	78	96	243	245	343	250	271	394	283	1101	126	88	130	84
20:08:36	264	272	279	225	262	278	260	356	104	106	75	77	257	279	273	227	244	290	286	423	113	86	84	81	233	261	264	234	264	270	267	399	135	97	118	98	231	261	291	235	232	291	278	443	121	77	92	93	241	262	298	256	254	466	260	1528	99	53	81	103	286	255	318	260	284	456	275	1415	101	71	79	90	236	249	303	244	251	462	282	1394	121	101	86	72	245	230	328	240	267	440	271	1055	128	63	83	59
20:18:36	289	293	213	252	264	281	272	334	124	101	90	98	253	261	232	274	238	291	256	406	134	55	80	128	267	240	214	248	213	269	256	376	140	106	89	93	277	248	240	225	251	304	268	422	125	67	107	91	252	237	315	260	252	400	308	1449	122	81	75	118	239	235	295	268	251	458	283	1420	116	100	85	88	247	218	314	247	284	415	281	1371	111	72	105	108	274	244	333	273	262	400	270	1095	158	92	81	59
20:28:36	264	291	259	278	260	287	261	382	108	74	87	114	222	284	226	257	233	278	279	417	94	106	72	85	216	283	266	276	234	303	254	390	135	87	94	112	225	241	223	253	231	317	300	441	102	110	114	54	261	245	349	290	255	436	299	1498	85	90	104	78	244	274	305	276	256	429	318	1404	108	94	94	82	274	273	302	250	271	439	283	1431	135	86	71	64	240	272	296	258	267	408	261	1096	126	77	86	62
20:38:36	244	267	262	247	249	291	272	400	101	92	96	97	290	235	226	253	235	278	285	449	104	112	58	84	234	248	255	247	249	291	278	381	121	90	80	91	249	191	245	262	238	277	218	459	92	106	92	88	247	212	326	260	227	410	292	1567	87	120	54	117	259	243	301	236	283	440	315	1408	118	111	82	106	273	288	334	237	268	422	283	1406	141	95	68	68	249	264	336	259	249	408	300	1066	104	80	73	78
20:48:36	254	288	265	235	284	309	254	400	140	88	90	97	294	272	212	249	225	300	255	408	100	116	62	74	244	227	263	247	253	303	295	394	160	100	65	69	264	228	248	262	222	299	261	430	95	79	97	70	247	263	315	248	267	418	277	1466	110	90	125	62	255	257	300	258	254	458	292	1395	131	78	86	75	269	259	312	272	268	449	314	1365	112	96	108	97	279	240	347	238	251	427	291	1078	128	90	109	110
20:58:36	266	267	253	245	237	276	261	401	133	85	104	90	234	268	220	269	260	302	253	397	111	86	75	85	255	232	267	256	290	300	272	395	162	76	91	86	258	243	197	234	252	304	290	430	124	109	105	96	237	234	352	270	271	418	278	1532	120	74	68	94	259	297	250	260	239	429	327	1330	111	85	93	70	276	278	276	267	258	423	302	1367	98	100	50	101	246	263	322	265	255	394	277	1086	85	95	96	97
21:08:36	273	294	221	262	263	315	277	379	149	110	85	73	290	263	231	258	249	294	257	386	118	89	124	79	225	257	227	253	241	311	287	393	122	87	81	74	257	234	250	226	272	291	275	446	101	105	87	85	252	279	318	267	225	399	278	1497	129	90	101	74	258	264	313	222	287	430	297	1333	108	86	82	80	266	244	342	259	233	457	289	1370	139	99	92	57	264	259	318	281	251	385	291	1131	112	99	88	109
21:18:36	255	272	242	256	280	300	262	397	105	84	96	73	274	235	266	241	225	281	235	423	116	108	79	61	260	262	246	233	269	294	273	412	82	82	109	84	265	256	253	266	210	283	255	425	100	76	106	120	245	244	347	288	255	400	276	1447	104	67	60	98	250	250	311	269	245	436	269	1303	91	119	81	75	261	271	312	254	258	425	288	1258	123	77	97	88	230	273	301	266	242	367	293	1095	126	95	100	101
21:28:36	286	291	289	271	270	293	257	370	110	92	70	96	278	264	225	244	259	308	238	416	75	97	86	98	263	253	218	225	232	289	279	419	108	90	62	84	264	249	248	247	252	293	269	414	109	97	74	105	222	251	337	255	258	404	289	1395	108	100	105	84	248	250	330	225	253	442	301	1232	141	97	100	96	262	267	311	216	250	429	295	1295	108	86	87	73	278	238	327	261	247	377	307	1072	95	88	97	121
21:38:36	265	258	246	234	252	315	270	384	117	97	112	94	307	257	238	217	231	295	292	393	134	88	66	67	226	246	261	267	201	301	263	376	125	104	63	74	267	238	224	236	244	280	288	435	107	83	86	65	258	226	333	246	269	403	285	1294	133	93	85	68	255	246	310	216	284	450	322	1247	97	66	95	104	259	247	329	256	246	416	270	1246	131	80	92	83	258	238	284	282	246	346	286	1104	101	80	85	105
21:48:36	263	265	257	258	247	292	276	377	110	83	91	74	282	269	248	231	233	310	247	409	86	117	105	101	243	245	248	246	248	309	272	385	136	82	73	96	265	257	252	241	255	293	276	437	122	74	70	81	256	250	314	259	237	392	243	1248	98	90	63	82	261	271	308	258	269	447	291	1177	95	83	124	89	268	274	288	221	281	391	306	1158	113	85	99	79	255	247	294	258	254	345	305	1104	130	84	77	90
21:58:36	264	267	238	266	248	332	289	411	127	87	90	82	227	288	261	249	262	289	242	391	117	72	79	87	239	264	248	212	261	284	245	391	135	108	54	81	268	237	256	232	254	279	259	407	113	85	73	85	253	243	296	252	283	381	279	1192	141	71	74	86	257	249	303	242	264	403	286	1147	117	104	77	90	264	246	307	252	277	410	269	1141	130	96	91	85	257	276	327	267	264	352	286	1147	131	96	110	102
22:08:36	252	221	238	240	247	290	221	402	141	100	95	64	234	269	280	244	271	291	311	393	134	80	76	83	250	269	272	213	217	260	242	376	137	100	54	95	267	238	245	226	213	287	302	387	127	113	70	74	268	268	313	280	250	365	273	1152	110	79	68	96	277	269	323	233	285	432	292	1116	105	94	95	86	264	252	304	269	260	391	313	1154	155	104	77	76	266	257	323	260	266	364	285	1066	113	89	68	76
22:18:36	296	277	248	222	290	278	253	358	91	64	76	132	276	231	236	264	228	288	270	384	124	75	98	69	258	242	218	239	205	286	264	355	103	110	110	75	247	245	227	229	234	276	263	400	136	86	92	81	279	265	302	274	267	377	296	1112	114	75	116	87	270	263	307	229	267	437	294	1108	121	86	75	91	266	285	347	261	269	396	287	1116	101	82	75	66	292	264	288	261	270	359	295	1100	113	89	96	92
22:28:36	280	254	234	223	302	285	264	337	93	56	111	78	285	260	244	255	252	319	253	374	122	81	94	77	249	261	229	209	231	280	290	397	105	98	99	70	229	251	285	253	240	290	253	418	118	62	82	71	268	248	314	277	281	418	287	1109	114	74	96	90	264	258	285	237	257	406	275	1126	114	69	75	80	278	272	333	252	282	414	298	1088	134	115	87	92	285	265	311	264	259	373	293	1101	90	84	101	104
22:38:36	280	283	263	232	265	311	267	396	113	64	73	92	250	279	261	270	233	288	278	402	112	58	94	81	228	259	248	220	251	287	244	383	138	122	78	73	252	262	217	230	263	279	251	398	115	74	68	40	266	248	331	264	279	389	337	1112	118	84	78	51	253	239	263	231	266	414	308	1101	111	71	88	100	265	242	329	258	276	364	271	1100	96	63	104	86	235	277	295	250	256	393	286	1082	100	86	84	85
22:48:36	266	267	251	218	292	285	263	373	104	69	106	89	247	269	228	237	271	292	243	385	106	92	115	65	273	239	252	270	238	297	276	364	109	98	76	101	212	227	237	234	243	298	271	375	116	88	77	84	264	278	294	256	232	412	270	1083	102	99	79	97	282	239	317	255	266	408	279	1105	116	110	85	95	301	246	300	250	256	409	266	1119	118	76	88	68	256	266	324	247	260	356	285	1094	136	76	95	64
22:58:36	278	285	245	247	232	325	235	401	127	67	82	90	255	263	220	219	212	282	292	393	136	99	69	98	280	252	238	242	293	284	265	422	134	96	122	74	254	229	221	225	248	283	244	408	123	72	72	92	214	248	319	255	272	377	303	1102	120	118	91	113	255	266	309	243	267	375	295	1072	133	75	96	112	256	227	333	303	251	359	291	1111	135	95	100	84	268	259	304	263	234	358	318	1077	98	77	115	80
23:08:36	302	280	239	227	277	310	256	396	123	83	87	79	275	263	258	216	262	263	272	389	94	107	87	33	247	254	251	248	210	283	262	365	68	79	98	115	234	249	256	253	234	253	264	375	118	110	81	102	243	236	293	254	265	406	299	1111	117	75	100	92	277	267	328	237	271	409	262	1117	92	83	84	101	254	268	312	216	269	385	289	1127	119	68	74	70	261	263	338	258	236	360	291	1114	106	71	91	79
23:18:36	272	264	272	227	244	286	250	373	117	67	83	104	240	295	244	271	229	298	269	384	126	87	100	64	291	251	239	259	225	292	281	400	108	66	48	102	269	244	207	246	275	300	263	396	75	62	64	73	291	284	303	228	270	389	316	1121	123	88	65	90	255	261	325	257	261	404	289	1124	131	98	79	85	257	258	343	275	270	356	303	1122	137	99	46	102	239	248	338	256	287	395	320	1114	127	91	89	105
23:28:36	288	285	245	245	258	275	275	365	137	114	102	90	257	265	268	236	255	275	246	362	138	93	69	80	237	264	245	258	255	298	296	369	133	55	49	77	248	206	236	245	265	291	255	403	121	97	91	82	275	259	303	280	253	373	280	1082	123	102	62	79	275	278	298	255	261	397	286	1151	117	101	91	73	316	282	306	263	291	419	246	1090	111	77	68	90	258	257	326	262	255	364	266	1111	111	70	81	54
23:38:36	295	273	260	227	271	297	265	370	134	93	85	84	269	233	259	250	241	296	275	373	93	87	88	73	258	265	247	236	250	280	272	369	144	121	101	88	280	246	228	227	254	265	282	349	139	86	80	84	252	245	298	226	261	372	308	1103	112	88	79	79	280	278	318	268	281	402	269	1090	126	92	103	87	263	246	308	251	285	399	278	1129	94	80	68	70	257	268	295	260	260	353	287	1155	86	78	58	96
23:48:36	240	251	232	285	244	293	284	389	111	91	80	47	244	267	231	268	255	302	288	380	141	80	68	80	270	253	238	255	242	270	258	376	120	72	76	76	280	225	230	255	243	271	255	353	130	90	100	64	238	263	344	225	283	415	290	1091	89	81	111	84	265	250	305	253	286	357	277	1108	147	76	52	123	273	261	325	256	293	394	300	1106	123	54	81	100	245	221	325	265	279	317	261	1085	96	75	89	102
23:58:36	289	249	250	247	256	311	295	381	143	109	85	95	269	266	280	238	273	273	258	366	116	94	91	93	265	275	261	280	255	289	275	396	127	79	73	87	246	263	266	250	255	275	279	380	119	88	103	76	235	276	307	255	261	410	279	1101	131	106	107	43	248	261	328	258	262	357	286	1151	111	68	67	61	264	259	328	237	258	383	286	1087	117	74	103	83	279	252	332	230	270	370	302	1128	123	79	88	92
24:08:36	279	272	241	239	302	306	257	382	119	57	88	107	283	264	247	254	256	307	271	393	115	99	81	94	236	281	254	230	264	277	226	386	118	72	94	90	237	271	262	249	240	283	254	386	109	72	87	85	267	278	317	233	264	414	280	1087	125	134	78	67	279	281	313	261	266	394	273	1122	125	108	104	92	254	264	324	259	294	436	285	1146	88	93	77	93	232	251	302	273	277	374	294	1120	127	50	94	74
24:18:36	268	249	247	267	271	269	271	387	125	86	100	81	289	263	251	242	274	318	256	376	143	84	60	86	260	264	245	233	246	274	287	340	122	81	70	49	228	254	254	253	234	284	304	378	128	101	75	81	271	250	303	256	269	376	264	1145	104	76	96	88	296	276	305	300	250	384	297	1096	126	67	108	92	269	263	310	271	288	378	276	1099	115	105	65	112	280	275	329	279	278	373	243	1129	104	95	83	68
0:00:00																																																																																																
0:00:00																																																																																																
0:00:00																																																																																																
0:00:00																																																																																																
0:00:00																																																																																																
0:00:00																																																																																																
0:00:00																																																																																																
0:00:00																																																																																																

