mScarlet-i:570,593

Kinetic read	A1	A2	A3	A4	A5	A6	A7	A8	A9	A10	A11	A12	B1	B2	B3	B4	B5	B6	B7	B8	B9	B10	B11	B12	C1	C2	C3	C4	C5	C6	C7	C8	C9	C10	C11	C12	D1	D2	D3	D4	D5	D6	D7	D8	D9	D10	D11	D12	E1	E2	E3	E4	E5	E6	E7	E8	E9	E10	E11	E12	F1	F2	F3	F4	F5	F6	F7	F8	F9	F10	F11	F12	G1	G2	G3	G4	G5	G6	G7	G8	G9	G10	G11	G12	H1	H2	H3	H4	H5	H6	H7	H8	H9	H10	H11	H12
0:07:15	19	7	0	9	16	0	0	6	37	0	16	1	24	26	0	18	3	19	0	12	9	28	0	0	7	0	18	4	44	15	5	7	18	26	0	3	0	8	15	0	28	0	27	3	0	0	18	2	0	4	17	0	20	3	6	23	17	16	1	4	2	18	7	10	0	6	21	0	2	24	18	0	21	0	17	5	31	0	0	10	0	5	8	0	0	6	3	16	4	0	0	28	9	7	11	0
0:17:15	0	15	0	35	31	21	0	5	9	38	5	5	5	0	0	12	0	6	6	2	26	18	35	14	25	9	13	19	12	0	0	31	18	0	12	30	34	17	0	5	24	24	10	2	9	0	0	0	20	0	16	17	10	0	0	8	17	16	1	0	9	0	26	10	47	1	7	0	0	0	10	12	13	24	0	19	16	2	0	13	14	15	13	0	3	0	25	7	3	0	0	4	9	0	9	23
0:27:15	0	21	27	2	0	11	9	0	12	3	9	0	0	0	0	26	43	9	22	23	17	9	3	0	2	32	25	0	0	6	0	0	0	0	12	0	6	7	10	3	0	41	44	0	4	0	0	41	19	34	6	0	0	0	9	12	21	0	15	0	2	33	37	2	33	22	8	38	0	0	9	12	24	36	10	0	7	27	29	0	17	0	0	0	0	0	10	0	16	14	0	0	0	0	0	0
0:37:15	23	11	0	0	8	10	0	0	15	16	17	5	5	5	12	14	0	2	0	0	0	19	14	1	30	0	0	39	39	21	0	21	41	11	1	14	23	28	9	5	22	20	28	0	27	1	17	0	6	1	14	2	13	0	0	0	0	9	18	0	18	9	0	12	0	17	0	7	0	10	52	0	10	7	0	0	14	0	0	4	19	43	0	27	17	11	15	37	19	0	0	7	16	0	0	0
0:47:15	15	1	2	14	4	0	0	5	19	0	0	26	0	0	29	16	2	0	0	9	0	1	15	0	0	15	4	32	8	18	5	16	27	7	16	22	14	25	0	29	23	9	0	0	40	8	22	0	0	19	0	0	0	0	20	16	9	0	0	8	2	2	0	0	0	15	1	6	29	9	12	28	14	0	0	31	2	35	0	23	0	10	14	0	19	0	9	2	0	10	0	1	0	20	34	2
0:57:15	16	17	17	7	25	1	20	16	16	0	0	0	8	0	0	9	0	0	0	17	19	0	8	31	23	11	1	15	0	5	0	29	0	23	9	16	0	15	0	16	0	18	0	17	5	0	2	3	0	29	17	0	19	1	0	18	0	7	28	6	2	11	10	0	18	7	0	45	15	0	6	12	19	0	31	0	0	3	0	2	3	17	0	0	0	5	0	16	4	22	16	17	25	0	0	16
1:07:15	15	4	8	13	12	0	13	0	36	0	0	30	0	9	23	0	9	1	8	0	8	0	2	0	0	16	0	15	0	0	0	9	6	0	0	0	3	13	18	4	20	16	29	17	16	18	8	1	26	0	0	8	8	0	0	21	11	4	5	11	24	15	8	0	13	34	18	19	20	0	0	0	9	0	3	25	14	0	0	16	32	0	0	22	12	13	0	0	23	18	40	40	16	20	6	3
1:17:15	0	2	9	0	27	0	15	24	0	1	12	0	6	13	3	0	8	0	0	4	29	18	0	9	1	14	4	10	1	27	9	0	19	18	7	21	0	0	17	0	1	28	32	0	19	0	8	18	12	16	0	0	10	0	11	10	12	3	0	0	16	14	1	0	17	29	15	16	5	28	0	4	0	0	0	16	32	34	0	9	15	19	0	16	18	22	41	19	2	0	28	0	9	27	13	16
1:27:15	0	32	0	1	8	0	8	5	1	10	5	0	0	3	24	7	5	1	30	15	0	2	0	11	24	22	32	1	39	0	0	0	27	22	14	0	17	17	4	0	13	12	0	24	0	10	8	34	24	6	15	0	20	24	19	20	7	0	24	6	17	25	0	15	31	18	0	17	1	38	15	5	31	0	2	0	11	24	0	0	14	6	0	22	0	0	11	6	10	11	27	0	7	0	1	0
1:37:15	12	9	0	16	29	12	6	0	23	0	0	5	0	0	14	8	12	24	0	0	5	34	12	0	22	25	0	22	0	19	20	0	23	9	0	15	8	0	22	3	21	2	24	22	0	0	45	38	22	0	1	22	16	34	0	21	0	0	14	0	28	27	1	17	11	7	0	24	9	18	8	21	20	9	0	12	8	14	3	7	6	0	13	0	3	0	20	0	0	11	23	12	15	1	0	0
1:47:15	7	0	19	1	18	8	7	0	9	28	0	18	11	0	8	11	12	25	8	17	23	17	1	4	0	14	0	22	8	25	0	0	0	0	23	0	0	16	0	7	0	18	0	2	4	15	5	16	4	14	0	13	18	43	18	0	0	0	5	13	0	17	23	0	29	31	19	12	0	0	20	5	10	27	28	4	9	0	0	0	15	14	7	0	20	11	18	10	5	1	0	0	19	13	0	0
1:57:15	0	22	0	0	20	16	0	29	1	1	7	1	18	0	36	6	1	0	34	23	0	0	15	0	0	2	0	2	13	0	0	15	10	8	33	6	2	11	1	6	0	0	0	4	22	32	0	18	19	7	35	0	0	2	28	0	0	0	14	0	0	25	0	0	14	0	17	25	27	6	0	6	4	12	0	0	0	9	13	11	3	42	0	5	7	24	17	16	43	0	19	15	19	6	28	0
2:07:15	24	0	4	0	0	16	15	29	16	20	0	0	8	24	1	26	25	0	0	28	0	3	32	15	0	21	27	0	4	17	0	25	0	0	17	8	16	1	0	5	2	0	0	14	17	8	7	18	33	16	18	24	21	12	20	31	0	0	36	0	0	21	38	41	15	35	16	21	12	25	28	0	3	0	0	22	10	23	34	31	17	2	0	32	34	56	34	14	28	0	16	11	0	7	0	0
2:17:15	0	0	24	7	12	0	13	28	14	0	26	8	3	21	23	12	32	12	0	10	24	0	0	0	0	17	0	16	0	0	0	34	9	1	1	0	0	31	3	0	0	0	0	23	6	12	7	7	16	13	21	19	25	50	26	14	17	0	0	0	51	2	30	19	0	14	12	19	17	24	0	0	37	22	0	0	21	45	22	2	19	0	2	0	56	36	42	21	18	25	20	38	17	11	8	8
2:27:15	24	13	0	0	2	16	0	1	36	5	11	4	12	0	0	0	0	16	4	20	0	0	1	35	13	1	20	29	2	7	19	9	8	8	34	11	0	0	24	0	0	0	0	0	8	16	28	0	42	39	12	50	29	20	25	40	4	0	1	14	35	23	17	0	25	60	45	7	0	10	14	29	52	32	0	25	48	17	10	35	0	11	20	19	19	18	30	18	14	12	25	18	17	6	0	13
2:37:15	14	0	0	0	9	0	0	23	46	15	0	36	0	12	31	8	23	0	0	33	0	18	0	0	22	7	9	8	16	27	23	7	10	0	9	34	30	31	0	0	0	10	0	1	20	20	31	4	28	33	7	13	0	62	53	6	7	43	0	4	2	41	12	9	19	29	47	34	0	0	0	26	59	37	48	27	42	27	52	23	14	22	3	7	26	49	27	18	9	32	18	39	6	25	17	0
2:47:15	13	20	22	9	6	0	41	0	1	23	14	6	0	8	0	35	0	6	22	19	29	0	0	14	0	0	5	14	0	2	1	7	8	26	16	16	19	0	0	0	0	21	0	9	0	25	7	26	61	75	21	30	20	42	30	57	0	28	0	0	64	25	17	46	27	52	37	20	10	0	16	10	41	30	11	14	48	45	40	6	3	0	0	2	18	43	32	24	45	0	41	34	4	0	2	6
2:57:15	0	15	16	0	15	13	41	16	0	6	2	0	0	0	0	10	7	0	0	14	0	0	0	0	47	7	16	0	0	9	0	20	12	0	0	26	21	0	15	21	30	2	0	35	25	0	30	20	40	18	62	49	21	51	29	69	0	0	1	0	69	23	30	7	52	51	17	55	2	34	0	26	60	12	41	26	71	81	34	23	20	0	0	0	27	44	50	22	65	20	39	60	24	0	0	0
3:07:15	32	8	2	19	1	19	25	1	0	14	0	10	0	13	10	0	10	11	19	15	42	0	41	17	26	0	0	2	7	18	29	14	0	2	17	5	0	0	8	0	20	5	5	14	0	20	30	0	40	11	56	42	69	62	46	57	0	16	16	16	58	52	30	60	32	66	38	41	0	21	17	5	53	34	16	53	45	30	26	78	0	0	0	0	20	65	33	53	60	0	72	52	43	0	6	0
3:17:15	19	45	7	34	0	26	25	31	0	29	5	19	8	43	0	8	24	0	5	4	39	0	27	12	0	19	0	15	8	18	0	11	24	0	0	0	16	0	0	19	16	9	11	18	0	40	0	16	99	57	53	46	47	73	36	59	9	0	0	13	27	22	67	19	30	68	40	82	11	31	28	0	48	32	27	2	44	94	77	69	24	11	48	0	51	52	38	22	58	0	45	40	33	23	0	0
3:27:15	33	0	6	14	2	3	9	32	19	24	4	0	15	18	9	0	30	0	0	0	0	13	0	0	4	7	24	6	0	24	0	17	20	0	7	5	16	0	0	0	11	19	8	9	0	25	0	5	57	36	45	34	48	46	55	52	19	16	3	32	71	51	43	13	31	41	35	62	24	9	13	5	57	55	61	36	72	80	31	47	36	19	0	0	68	76	61	24	41	33	39	58	0	0	48	26
3:37:15	11	8	1	0	0	47	1	12	25	35	0	0	0	0	27	10	3	35	0	0	36	6	0	6	9	6	0	3	0	0	0	0	0	16	0	19	0	38	10	19	17	0	23	12	34	9	21	13	99	45	57	39	67	82	52	69	0	5	0	17	55	97	58	9	43	67	56	72	24	2	0	22	52	59	54	13	71	95	45	80	0	19	35	0	68	82	46	36	63	16	21	75	12	8	16	17
3:47:15	0	40	6	0	0	5	10	0	7	20	0	0	0	20	12	0	0	28	0	0	0	21	13	22	8	0	8	36	0	8	9	11	53	11	17	4	0	3	7	8	6	0	18	3	9	38	8	15	74	58	62	33	73	117	83	116	11	0	0	0	81	81	100	31	80	118	63	80	12	8	12	0	67	56	68	58	77	66	77	101	0	0	27	0	98	38	67	20	89	44	65	52	33	0	9	7
3:57:15	10	0	12	6	3	0	26	0	20	20	26	0	11	0	0	17	8	5	9	3	37	26	1	20	0	0	0	29	0	0	17	12	0	20	0	0	0	0	12	10	0	3	36	3	19	3	14	6	105	87	83	35	101	86	58	79	0	15	0	9	102	55	87	42	72	105	80	84	2	8	0	9	88	94	61	13	90	99	83	88	14	9	36	32	77	98	43	54	44	23	67	58	25	0	0	0
4:07:15	0	0	7	4	10	0	24	13	21	16	5	12	0	16	27	4	6	0	0	1	4	0	36	2	3	0	17	0	20	6	0	20	8	4	18	16	26	13	21	19	30	25	0	0	0	0	12	2	99	88	98	20	91	109	49	92	7	18	0	46	83	78	101	31	73	113	84	116	28	0	7	13	109	123	91	42	98	88	72	104	3	0	8	5	94	66	109	56	112	36	88	121	33	0	2	0
4:17:15	0	39	18	0	7	2	16	20	18	24	2	0	8	6	47	0	0	0	9	9	0	0	6	0	32	0	10	0	0	18	10	5	25	8	5	6	20	0	11	15	29	0	24	38	0	26	3	0	93	83	53	65	111	97	66	123	1	8	0	2	100	104	65	67	103	122	94	127	54	35	14	13	77	78	94	42	122	129	94	133	50	0	28	8	124	88	91	34	81	34	115	93	7	9	21	11
4:27:15	25	0	18	10	14	0	0	13	0	3	0	8	14	17	11	0	0	25	5	14	42	9	4	0	6	8	13	2	15	30	32	0	15	0	23	34	15	3	30	22	32	35	8	21	0	11	23	6	149	95	86	27	103	157	123	137	2	26	26	16	117	92	98	63	79	156	84	107	12	16	0	19	124	108	77	62	86	135	110	132	0	3	0	0	142	77	106	39	74	59	96	88	6	19	19	0
4:37:15	17	0	16	5	0	25	5	7	0	0	11	8	9	0	15	33	0	12	8	12	3	16	6	3	0	10	3	0	27	0	16	12	0	0	0	27	38	18	10	0	0	0	0	10	12	0	17	0	111	99	120	59	105	168	84	130	20	5	13	48	139	88	103	78	120	152	119	109	54	18	0	0	127	100	93	53	105	159	85	119	0	1	0	3	147	89	122	80	108	28	116	98	0	14	0	0
4:47:15	0	38	0	0	0	15	0	23	13	30	21	0	21	24	5	31	0	35	0	0	31	0	9	1	0	22	13	0	7	7	0	27	15	0	37	27	18	0	0	39	33	0	31	13	36	12	8	27	151	100	116	59	128	177	134	177	0	0	13	0	165	128	103	77	117	170	114	139	0	0	7	34	144	121	114	69	121	143	95	132	0	0	17	0	150	130	88	64	105	27	92	151	4	0	25	20
4:57:15	5	5	19	7	30	1	13	0	17	6	3	17	0	0	0	0	11	8	0	19	21	8	9	5	16	19	10	0	14	0	3	4	0	9	0	0	9	0	3	12	0	9	30	8	8	1	0	0	198	137	100	84	123	204	129	168	0	26	0	17	164	140	157	82	113	157	141	134	16	1	37	19	143	122	127	86	134	162	112	152	0	0	0	6	182	107	101	62	144	40	131	116	40	0	5	7
5:07:15	19	0	1	15	3	5	13	11	0	0	45	37	0	5	31	32	14	23	22	17	15	4	18	41	16	6	0	0	5	0	0	0	3	15	0	0	0	0	3	0	0	16	16	0	3	12	0	16	194	160	121	70	151	183	141	190	39	6	12	30	207	133	139	44	140	152	154	167	9	0	23	0	185	118	124	90	174	194	108	169	0	0	1	18	165	112	119	103	131	42	149	167	43	11	24	0
5:17:15	3	9	24	0	23	4	20	1	27	0	29	22	0	5	7	8	29	27	0	0	0	26	18	6	0	0	0	29	0	8	0	4	14	0	0	0	38	0	33	1	17	31	0	41	0	2	0	12	224	156	142	82	151	238	149	210	0	18	0	0	185	125	165	91	167	204	147	171	0	0	5	5	174	125	108	40	186	189	135	179	6	12	11	0	162	132	162	66	182	28	129	146	14	42	6	5
5:27:15	0	30	19	26	0	17	47	0	8	0	32	3	17	0	0	11	17	23	7	18	15	18	40	16	0	8	16	23	0	0	30	6	9	6	2	0	3	0	3	17	0	32	31	14	0	0	11	0	206	130	135	85	190	249	170	182	0	0	0	17	242	137	167	136	189	191	167	205	28	0	23	0	188	132	139	92	183	207	153	196	10	25	1	4	200	142	158	78	168	54	167	198	0	15	5	0
5:37:15	5	3	0	0	0	33	16	5	0	0	5	13	26	0	3	33	15	19	17	0	16	14	0	11	20	0	0	18	0	17	0	0	33	7	17	0	9	0	7	0	0	4	0	12	6	0	4	27	217	175	180	100	179	267	190	219	0	26	6	22	204	147	149	90	209	239	188	229	14	28	12	9	227	172	131	92	201	215	162	246	0	0	0	0	215	173	165	74	201	42	169	210	0	16	17	9
5:47:15	28	0	25	18	21	0	0	6	31	44	36	2	0	14	0	2	0	45	0	5	21	0	5	14	0	14	3	10	0	31	4	15	20	0	0	11	0	5	15	0	0	37	22	3	49	12	20	35	253	151	169	123	235	313	193	260	7	0	0	8	255	177	188	90	207	265	171	245	0	18	0	0	264	149	170	108	218	218	171	236	0	16	0	40	224	159	204	124	247	63	189	212	1	26	21	15
5:57:15	7	0	6	0	0	20	24	8	14	17	10	1	26	0	38	9	21	1	0	0	0	15	0	0	2	29	24	34	14	13	0	16	0	0	9	17	18	38	10	0	0	2	15	8	8	0	17	5	269	210	180	120	205	323	188	277	0	12	0	0	244	170	204	141	184	303	180	239	18	12	0	19	327	214	179	114	261	249	168	263	0	9	0	0	250	231	163	107	231	72	221	218	3	5	22	16
6:07:15	0	5	0	0	0	0	1	16	44	2	0	18	11	0	2	6	32	0	0	9	0	2	21	25	17	0	18	14	17	12	10	25	13	12	34	22	13	0	13	0	15	0	16	27	0	0	4	0	277	213	226	127	251	373	227	302	21	0	0	13	259	186	198	122	240	354	219	312	0	0	18	0	333	233	218	98	252	289	220	305	0	3	0	11	286	192	201	140	241	57	226	260	20	12	8	0
6:17:15	23	17	28	12	19	0	18	6	26	0	18	0	6	14	5	40	9	8	0	22	36	0	13	9	7	11	0	12	14	0	9	4	10	7	15	26	7	0	0	27	15	6	0	21	0	0	13	7	286	227	214	126	275	397	246	323	30	20	0	14	296	201	209	107	223	378	228	337	0	0	0	5	370	222	203	145	279	329	241	317	37	26	0	0	282	237	268	117	274	73	208	296	0	0	2	17
6:27:15	0	12	37	22	0	20	0	13	0	18	4	0	39	26	11	6	8	5	32	13	3	20	8	0	17	0	0	17	27	14	0	7	0	33	3	15	7	0	0	11	0	18	0	19	9	25	0	23	323	255	242	116	264	413	257	370	15	19	0	9	316	254	249	148	288	434	217	347	9	6	12	6	376	228	216	118	302	346	250	326	1	0	5	27	314	222	246	150	280	65	259	337	0	3	19	13
6:37:15	0	22	17	0	22	0	13	0	17	4	0	0	0	6	4	45	0	8	4	0	41	39	0	0	16	0	3	2	0	0	0	10	14	0	0	0	0	0	0	10	6	0	3	1	0	11	21	28	344	280	290	160	314	443	265	354	0	0	9	2	393	229	261	177	275	449	256	404	4	7	20	11	448	243	261	134	326	367	299	389	11	50	2	10	340	233	268	146	301	90	273	356	6	0	9	28
6:47:15	12	5	2	0	0	21	57	1	0	10	38	0	1	0	0	12	9	10	21	16	35	3	0	21	0	10	5	5	17	40	13	20	30	22	2	28	18	2	16	0	16	16	9	17	21	4	7	19	411	308	281	168	351	460	295	404	14	0	0	7	382	262	264	161	328	509	294	432	3	0	0	27	430	269	259	157	307	393	334	391	2	10	4	20	325	281	254	185	319	57	280	382	23	0	0	0
6:57:15	11	25	0	21	8	6	16	12	19	25	13	5	8	11	17	0	19	0	9	10	0	0	29	2	22	51	18	12	15	10	0	0	5	0	27	0	17	24	28	13	16	25	3	10	6	12	13	19	456	298	322	182	331	495	333	482	0	33	3	23	391	302	297	150	355	525	285	433	25	0	4	0	528	278	251	159	384	410	335	415	4	0	12	3	407	318	295	173	381	63	293	398	2	0	27	19
7:07:15	0	15	5	39	0	0	18	11	0	0	42	12	23	24	0	0	9	11	0	4	31	5	19	26	24	8	9	1	0	4	5	0	13	0	0	17	20	16	0	31	0	0	0	0	6	14	0	8	480	331	330	199	381	537	333	478	5	0	0	17	391	282	366	170	377	585	354	459	10	37	0	0	559	292	268	160	372	489	376	465	27	13	0	26	440	321	318	197	418	117	343	408	33	12	0	2
7:17:15	23	8	0	26	15	0	21	17	0	12	3	0	6	0	0	11	0	18	0	4	11	0	0	0	0	15	8	25	6	0	0	24	0	0	0	16	0	7	15	0	17	31	1	15	0	0	0	0	481	369	354	206	412	611	356	525	29	10	9	17	494	306	348	207	392	561	358	528	9	6	0	9	572	359	330	219	424	533	388	473	0	0	21	10	501	377	333	212	447	139	412	481	12	15	7	23
7:27:15	30	26	0	28	0	26	0	14	15	0	25	6	0	23	0	0	5	33	4	6	0	0	13	23	0	0	10	0	2	0	18	15	0	4	2	0	17	44	5	29	0	0	4	1	2	0	8	22	520	405	363	201	448	624	398	541	0	10	29	3	492	358	360	194	405	621	416	560	37	25	12	0	590	360	374	166	470	619	443	550	7	6	0	25	517	398	418	217	445	119	391	515	11	0	0	18
7:37:15	0	0	19	31	0	6	30	4	0	0	0	0	0	0	0	8	0	13	11	10	0	0	15	8	0	32	5	10	13	12	25	14	0	20	7	0	26	5	0	33	0	17	0	13	9	11	16	17	562	438	412	229	488	628	410	587	19	0	24	0	536	359	378	241	490	661	456	572	8	23	18	25	635	351	362	204	517	644	478	532	0	20	0	10	571	420	420	236	508	102	437	525	30	24	17	22
7:47:15	8	0	0	0	0	19	17	13	0	20	0	14	26	22	37	14	0	0	30	8	3	4	0	28	0	22	25	12	0	0	18	7	0	0	0	18	45	27	0	20	9	7	0	24	8	5	0	8	615	426	401	256	525	646	491	610	24	0	29	0	593	397	427	226	529	663	500	591	25	13	21	9	648	403	377	216	578	684	492	599	15	13	7	0	625	467	474	243	550	138	444	551	32	5	0	18
7:57:15	34	30	29	30	13	30	35	26	16	0	4	11	7	30	9	9	9	27	0	33	0	0	11	12	0	0	9	0	22	14	4	46	0	10	13	2	14	21	1	11	8	30	5	25	0	8	0	27	624	481	486	236	572	703	502	680	0	17	31	0	605	431	455	230	551	708	507	651	18	0	0	5	646	400	417	277	572	700	508	634	0	33	20	3	605	469	468	230	566	169	482	611	8	19	3	11
8:07:15	0	0	29	0	24	19	0	14	26	17	0	11	16	0	33	0	6	12	18	0	15	6	0	8	12	0	0	29	0	32	17	18	6	31	33	7	10	0	0	8	0	1	15	1	14	10	2	5	643	499	535	284	614	707	519	712	32	38	36	8	609	412	489	250	628	691	573	669	25	0	27	10	717	433	478	230	604	719	564	629	9	15	1	19	699	501	517	253	609	137	514	631	16	6	11	0
8:17:15	0	9	35	22	0	0	12	42	0	46	0	13	6	0	0	0	6	29	0	10	11	7	15	8	32	0	17	0	0	25	25	0	0	7	0	20	45	0	16	0	7	0	22	0	0	11	0	25	683	578	571	292	617	727	576	720	1	27	0	2	656	457	534	264	699	726	538	660	21	0	17	0	717	448	514	262	649	752	579	675	21	5	16	15	717	536	579	280	596	147	541	649	14	0	0	18
8:27:15	0	0	4	14	23	6	20	0	7	0	14	3	14	23	14	7	0	0	32	0	0	0	0	6	0	9	1	3	0	16	0	15	1	22	9	7	10	22	0	24	3	0	0	12	15	33	0	15	718	584	561	316	674	791	611	755	15	0	26	0	650	488	539	318	710	762	618	710	26	0	0	0	753	499	520	297	705	778	620	706	0	15	0	25	762	573	558	300	680	146	564	683	27	18	14	12
8:37:15	0	0	4	14	13	28	26	15	14	20	0	43	14	32	0	3	0	0	12	40	6	9	15	10	17	12	0	0	0	0	0	12	24	40	0	33	7	7	0	3	15	9	26	21	9	8	24	0	734	635	641	327	691	755	617	808	0	0	12	0	678	522	537	312	712	770	646	741	0	22	0	50	789	502	562	313	714	816	640	731	18	43	0	0	727	613	624	328	666	158	621	709	0	0	5	17
8:47:15	14	10	1	0	0	0	16	8	20	0	26	0	4	14	7	33	0	0	0	6	24	0	1	23	6	0	1	2	0	27	17	5	1	29	33	2	25	0	0	0	7	28	0	22	32	1	0	10	756	641	650	329	713	747	671	774	0	0	13	17	670	539	609	320	743	774	691	744	0	0	16	2	732	547	613	356	760	815	644	770	15	9	37	17	710	675	665	351	689	181	655	745	14	5	6	11
8:57:15	2	16	0	29	6	0	0	6	2	12	0	0	0	10	12	13	0	11	35	17	17	13	0	30	28	8	30	2	0	0	40	0	0	37	36	2	0	0	0	0	11	26	0	23	13	17	0	0	774	683	671	355	723	800	659	802	0	0	31	0	679	600	622	353	783	801	682	762	8	0	3	22	770	583	601	346	742	821	706	774	24	13	37	29	770	668	693	418	725	204	657	751	6	0	17	0
9:07:15	0	32	8	0	3	6	30	23	0	0	10	11	0	0	7	0	4	0	21	28	42	0	6	6	1	8	0	14	14	7	10	0	1	20	30	26	5	0	3	27	0	14	9	6	0	0	23	0	743	704	684	418	751	806	708	851	5	14	0	3	692	599	643	362	815	825	712	812	1	19	6	5	806	618	679	412	771	833	735	792	8	7	29	3	735	733	685	448	735	165	710	777	19	14	6	40
9:17:15	13	18	4	24	8	16	12	35	0	7	0	0	10	18	12	19	14	7	31	0	4	28	0	0	0	4	0	5	0	0	0	15	0	5	0	0	0	13	28	5	21	7	0	9	16	18	6	0	757	732	706	424	766	859	743	843	0	18	0	25	697	655	691	419	866	814	771	857	3	34	18	17	830	654	698	431	799	850	753	803	3	0	15	0	765	752	655	439	723	205	746	795	0	0	17	0
9:27:15	22	0	3	16	10	0	0	29	16	0	0	0	28	27	20	19	0	0	22	13	19	2	0	0	0	5	0	20	7	4	0	0	0	0	4	2	5	0	0	0	2	7	0	0	0	14	19	9	799	776	727	437	775	853	751	898	0	10	25	0	728	654	691	429	859	864	834	856	22	26	19	8	825	671	712	477	786	883	787	781	40	3	20	0	760	761	695	476	771	202	740	789	12	0	1	2
9:37:15	6	12	0	13	9	2	5	3	0	16	0	28	0	24	29	6	21	13	29	28	0	0	8	1	20	22	26	13	11	17	22	12	8	15	0	0	0	9	8	5	1	23	8	34	0	0	0	0	804	764	760	492	754	864	752	887	21	26	6	3	736	657	714	474	869	858	854	842	4	30	0	0	797	714	723	453	802	872	803	831	14	14	18	27	789	754	669	523	773	276	736	792	16	2	0	35
9:47:15	10	19	0	30	0	1	0	0	34	4	0	2	0	0	19	5	51	20	13	8	8	1	0	11	6	28	23	19	6	13	27	19	0	11	2	30	15	25	34	0	0	9	0	0	0	19	2	8	793	753	765	527	814	817	762	910	0	0	0	6	710	664	752	519	862	853	801	838	18	0	20	24	818	728	701	504	821	858	820	836	12	15	6	0	718	795	718	549	775	264	765	821	1	12	15	11
9:57:15	18	14	29	20	0	5	0	23	0	0	11	14	12	0	0	24	9	9	22	23	7	2	3	25	23	1	0	2	8	0	20	0	17	0	17	16	0	21	18	18	0	15	23	4	17	10	18	0	792	794	751	572	795	824	784	892	1	20	0	0	741	704	738	550	892	911	852	846	2	15	0	16	844	762	751	523	836	894	872	861	10	0	8	5	767	799	729	568	810	238	785	831	11	22	0	0
10:07:15	26	30	0	8	0	0	21	0	5	19	7	0	0	3	4	13	0	0	16	20	18	2	27	5	0	26	6	0	34	0	47	12	0	14	6	0	11	5	21	0	0	1	16	21	19	5	35	17	792	828	790	641	813	872	775	895	25	22	16	35	702	709	778	534	902	894	772	843	20	10	0	27	841	779	750	555	844	947	861	835	29	2	0	16	771	789	797	590	759	255	781	822	0	17	8	0
10:17:15	0	4	0	0	23	16	30	12	48	0	0	0	15	14	3	35	28	56	17	33	25	15	12	22	0	7	7	13	0	25	1	6	10	0	17	23	0	0	0	9	37	0	0	5	14	0	0	30	814	777	764	633	819	859	807	917	12	38	27	14	736	713	780	647	893	918	854	877	19	1	7	12	861	790	787	634	863	931	844	861	0	16	5	29	772	785	802	667	842	268	775	861	20	0	14	0
10:27:15	20	0	5	6	32	8	14	0	0	0	0	0	0	43	6	0	0	1	21	0	15	0	0	20	0	1	1	0	13	15	12	11	27	6	0	10	7	10	4	0	28	0	2	0	0	10	3	0	829	814	813	680	835	910	796	911	4	0	10	3	714	772	795	654	910	933	845	917	0	26	33	0	896	834	837	625	874	918	851	873	19	0	0	0	787	791	771	680	826	317	810	840	25	0	35	7
10:37:15	0	7	0	18	11	35	5	26	1	19	9	20	26	5	18	7	16	9	0	8	18	27	0	40	39	22	1	5	13	0	7	16	0	17	12	25	0	0	7	0	3	14	15	0	16	0	1	4	866	813	851	755	844	890	879	957	10	37	29	0	713	760	804	696	899	968	882	927	5	0	0	0	885	860	835	696	897	973	892	901	0	0	6	28	807	817	831	703	850	330	831	840	33	0	14	3
10:47:15	7	8	7	14	0	0	16	14	8	24	0	37	0	0	5	9	29	0	25	22	0	15	11	3	0	6	25	8	12	12	6	0	0	28	10	11	0	17	0	2	26	1	21	0	0	7	5	42	876	843	862	798	896	921	862	975	0	0	8	0	738	764	817	678	942	965	916	942	16	0	13	2	904	916	867	700	919	961	860	913	0	15	26	9	797	846	740	713	851	385	828	872	0	0	0	7
10:57:15	20	11	26	16	0	13	24	0	21	0	0	27	27	11	11	6	35	7	0	6	8	15	0	20	0	0	0	0	25	0	15	1	37	10	0	15	0	0	27	0	51	21	10	0	9	26	0	28	862	830	869	821	883	945	865	987	0	2	18	0	739	777	819	744	960	949	889	938	7	2	3	0	847	884	858	754	888	1005	903	909	30	19	24	13	811	836	760	755	851	418	840	865	0	13	0	24
11:07:15	0	6	2	29	4	0	0	1	1	11	8	9	0	27	39	21	0	8	11	0	0	14	5	8	26	11	0	16	15	0	46	37	4	12	7	1	8	0	34	35	0	7	10	7	30	9	32	1	842	875	911	878	880	904	885	1000	1	5	0	0	775	823	830	739	938	956	895	973	9	28	43	0	890	920	873	769	914	1003	872	896	0	0	0	14	840	837	820	752	878	422	827	874	0	0	35	0
11:17:15	22	35	0	6	28	3	26	0	26	8	0	14	0	0	16	25	11	6	0	0	28	4	6	11	9	6	33	20	0	7	4	0	2	12	0	6	22	5	4	17	24	17	17	18	21	0	21	16	877	836	856	938	910	956	859	1018	31	0	20	0	752	798	834	761	934	989	929	958	18	0	0	9	905	936	860	788	925	1023	951	923	22	20	0	0	814	846	811	793	899	495	837	910	15	7	14	1
11:27:15	0	24	5	20	17	10	0	8	0	0	0	0	0	0	10	17	7	11	0	33	4	0	4	7	20	0	0	3	0	0	0	10	23	10	10	7	12	29	0	0	16	0	15	18	0	10	0	0	856	869	891	956	891	905	869	1021	28	8	9	0	754	819	853	783	941	963	903	977	17	0	25	5	902	952	924	812	898	994	957	949	0	5	3	9	808	867	819	811	903	508	843	881	33	11	0	41
11:37:15	20	18	0	0	0	0	0	0	11	11	15	26	4	15	39	0	0	0	0	28	0	19	0	0	0	25	0	15	17	2	0	27	24	0	30	23	27	12	0	0	17	0	7	14	19	18	18	42	906	880	879	979	891	945	902	948	10	0	0	18	726	835	837	798	939	956	952	978	0	0	29	18	895	942	894	828	913	1021	923	920	0	48	15	1	811	845	769	805	881	528	851	850	25	0	10	25
11:47:15	0	9	9	1	22	18	18	12	19	17	5	11	0	0	0	13	0	19	13	4	8	13	14	5	0	0	0	0	35	0	21	12	0	0	0	36	6	8	15	28	17	0	0	34	0	0	38	0	892	908	892	987	904	945	890	1022	6	0	23	21	728	828	861	816	948	964	963	980	35	25	21	0	906	932	916	857	926	1031	927	935	0	0	28	27	810	879	827	791	921	564	879	867	24	12	0	0
11:57:15	10	0	14	0	0	0	0	10	0	20	17	8	8	7	8	14	20	0	21	5	11	5	0	10	14	0	16	7	0	13	13	0	6	0	16	13	1	9	20	24	26	28	20	3	0	9	15	7	884	902	924	1041	925	940	896	1014	2	0	27	8	737	841	854	829	962	983	936	951	13	3	0	21	927	984	955	874	954	1015	977	929	0	35	20	11	827	871	780	791	886	588	866	902	0	7	0	16
12:07:15	0	27	19	16	27	0	26	38	0	0	20	12	17	0	0	24	0	11	0	0	0	6	22	3	4	0	26	0	22	8	33	20	7	15	13	2	0	38	0	30	0	0	7	0	27	25	0	9	885	911	882	1053	953	949	897	993	15	22	1	20	737	847	856	836	982	1001	942	948	26	7	0	14	878	986	955	862	926	1007	974	976	8	0	0	0	809	882	822	790	942	594	897	892	3	38	15	0
12:17:15	10	4	10	6	0	0	0	18	15	8	0	0	0	0	0	8	0	18	0	15	7	2	27	0	0	25	10	40	15	12	0	6	22	7	5	4	0	7	7	5	2	27	6	35	28	8	6	2	903	919	918	1056	959	978	900	1017	20	0	0	20	763	853	847	856	986	978	941	953	5	0	15	0	923	958	957	842	960	1029	963	959	12	10	18	11	851	841	844	823	940	652	867	895	6	5	0	0
12:27:15	10	11	0	16	0	19	0	12	10	31	23	5	0	33	8	19	9	4	1	18	0	37	0	27	0	0	20	0	2	38	4	18	2	0	3	17	40	27	12	6	3	21	20	0	27	0	0	20	855	906	903	1049	934	963	896	1024	0	12	0	18	762	897	870	861	993	985	962	976	0	0	11	26	931	982	878	876	966	1043	1004	985	12	0	0	0	830	895	786	833	928	643	895	885	18	0	11	0
12:37:15	0	0	0	15	0	0	6	0	0	0	0	4	7	23	34	15	9	0	0	12	12	14	22	23	22	8	0	9	11	12	8	0	14	0	0	0	0	0	5	0	12	14	0	12	7	8	27	0	875	945	916	1061	933	909	868	1009	18	0	32	8	732	875	888	871	967	964	975	968	1	14	0	7	882	1005	927	886	978	1011	950	941	16	0	0	10	813	879	825	796	900	676	863	878	8	0	9	0
12:47:15	3	3	24	0	17	5	15	0	27	9	13	0	9	27	20	2	12	27	17	0	28	16	12	3	0	19	0	10	0	22	20	29	7	0	17	0	18	21	12	22	33	0	0	0	0	25	23	0	887	964	917	1050	903	880	911	944	7	0	0	0	746	861	856	869	970	930	930	903	1	0	0	17	871	990	894	882	935	965	939	923	0	0	1	8	805	903	769	814	938	695	879	898	20	20	15	12
12:57:15	0	0	0	18	27	22	7	17	8	0	22	0	0	0	32	13	13	8	15	0	5	38	0	17	12	0	0	14	1	0	15	0	5	1	0	0	0	10	28	9	0	0	0	0	0	28	4	7	822	950	915	1109	881	850	907	938	0	21	0	1	732	855	880	873	941	917	924	904	0	0	7	0	907	970	913	929	931	949	970	909	24	27	4	0	746	886	819	816	895	708	861	909	12	24	6	11
13:07:15	0	27	3	0	22	16	6	0	0	0	6	11	0	0	11	0	0	12	22	1	4	24	0	28	0	27	36	0	0	0	7	0	0	5	0	10	34	0	9	23	13	19	8	0	0	14	0	2	871	925	929	1073	893	825	910	904	37	3	4	31	742	807	923	870	942	882	936	893	6	0	18	7	884	969	949	902	962	921	897	890	0	12	0	0	779	897	768	813	878	728	841	846	5	5	2	14
13:17:15	0	0	0	15	18	36	14	0	2	0	2	0	2	0	2	20	0	3	0	16	0	5	36	5	15	0	11	0	0	0	0	22	0	0	2	15	11	17	0	0	0	43	23	12	0	0	1	27	858	926	888	1082	886	829	914	908	0	0	13	23	730	852	886	875	911	859	949	889	17	0	1	0	852	987	894	892	924	912	958	874	7	0	0	14	777	894	815	822	908	744	884	859	19	18	0	0
13:27:15	3	0	3	18	3	15	0	13	0	10	11	12	8	20	9	21	13	21	18	26	11	15	0	19	8	19	10	3	30	20	0	0	26	30	0	21	0	12	25	0	32	0	0	29	0	0	24	0	829	900	909	1069	900	816	918	895	0	0	0	3	720	877	903	859	917	873	922	842	4	10	0	17	859	962	925	935	921	928	952	872	15	16	6	0	720	883	797	810	906	768	845	862	7	45	12	10
13:37:15	0	0	4	33	21	4	5	0	0	24	0	0	26	0	6	0	0	0	0	28	5	7	0	4	25	19	0	12	27	0	0	20	3	5	8	0	0	12	48	2	22	31	17	7	8	24	0	0	846	930	877	1087	883	790	900	873	9	0	29	6	727	863	883	884	930	852	909	824	0	20	7	3	836	933	936	899	902	866	894	859	9	6	27	2	696	875	830	828	910	763	856	838	7	31	0	3
13:47:15	16	0	3	0	29	7	0	27	28	14	7	0	16	1	11	15	5	15	17	34	0	8	0	7	0	34	0	2	0	18	7	0	0	0	0	6	3	3	4	0	20	0	0	12	18	0	19	0	802	929	919	1083	857	767	912	839	11	0	0	1	766	855	904	906	905	836	927	841	3	39	0	39	812	954	940	901	908	854	929	865	36	2	15	1	709	877	765	803	888	757	864	778	8	31	9	9
13:57:15	0	10	0	31	0	27	18	0	0	3	5	11	11	14	14	14	0	16	13	0	25	25	0	7	4	0	2	15	12	25	29	0	32	13	0	0	14	0	0	22	32	6	10	10	6	10	7	0	791	892	901	1089	849	788	896	827	16	0	41	24	735	818	906	835	853	774	893	787	1	12	11	0	789	929	922	877	874	811	894	812	0	45	7	9	694	849	782	827	842	762	847	791	8	0	7	9
14:07:15	10	0	0	7	17	12	0	8	0	0	8	6	10	24	36	1	9	35	3	25	22	0	44	0	0	0	8	42	14	12	20	15	0	26	31	0	0	0	21	21	2	19	4	0	9	12	2	15	802	915	908	1087	852	802	850	777	0	0	21	0	749	842	869	885	840	814	923	818	1	9	32	4	792	930	934	879	863	826	869	804	12	17	3	0	655	854	837	845	847	755	862	774	2	1	0	0
14:17:15	31	9	0	0	19	0	21	0	33	0	15	11	0	2	46	29	7	16	29	24	21	17	20	6	5	23	8	0	0	17	14	11	41	3	1	0	3	0	28	16	38	30	2	24	4	4	0	17	742	902	903	1075	823	765	830	788	0	0	4	3	721	833	882	891	861	785	882	773	22	16	15	0	793	931	898	923	882	836	859	782	43	7	0	9	717	857	792	809	802	742	830	757	0	0	41	4
14:27:15	16	16	18	0	9	2	0	7	10	34	0	0	0	9	0	33	2	18	17	0	13	4	0	1	24	23	14	11	16	10	23	28	19	11	0	10	19	22	36	26	2	29	0	12	8	18	0	28	726	839	879	1135	814	752	833	767	7	0	0	6	743	824	837	852	843	782	822	760	0	8	0	8	795	919	939	883	840	764	851	767	14	9	0	0	662	814	760	871	797	754	800	735	34	0	14	0
14:37:15	7	15	21	12	22	0	5	0	27	24	11	0	10	5	5	0	17	12	11	0	34	16	0	9	20	0	9	9	0	20	23	15	0	13	16	0	8	0	0	17	1	0	28	17	0	12	33	0	742	836	875	1099	787	759	821	805	5	23	0	18	708	810	838	884	769	775	801	740	4	0	16	23	746	917	889	895	799	763	827	790	15	3	18	23	673	814	783	853	766	768	783	734	19	10	4	18
14:47:15	39	0	2	0	8	0	0	2	15	0	8	5	0	17	47	0	9	27	0	0	0	12	2	12	0	9	30	10	3	9	25	0	10	0	21	34	26	0	0	7	0	24	38	15	24	10	15	22	704	869	863	1078	778	706	807	791	22	17	4	0	680	803	816	884	784	744	826	741	0	5	18	5	780	911	893	920	825	756	852	781	0	0	37	16	664	827	761	836	807	794	776	732	21	30	12	10
14:57:15	1	0	19	0	21	0	14	15	13	0	21	16	7	19	17	0	0	1	0	12	9	0	30	0	12	8	20	10	4	5	0	0	53	4	8	8	17	10	0	0	6	0	0	19	24	21	7	6	710	823	830	1076	780	711	819	759	1	25	0	0	682	773	810	907	760	750	798	758	0	4	6	15	721	893	880	930	786	791	789	759	0	19	14	0	652	805	774	795	786	804	802	709	0	13	8	18
15:07:15	0	17	5	23	0	6	26	18	5	10	7	29	15	0	0	0	21	29	23	16	0	0	4	9	0	0	0	9	0	0	27	26	6	21	0	6	10	0	0	24	0	8	1	0	10	20	0	18	737	843	782	1121	774	734	785	760	0	11	0	0	671	787	740	906	764	729	777	730	0	0	5	0	754	859	879	961	802	767	829	745	8	5	0	0	655	805	777	819	793	794	780	731	16	0	0	11
15:17:15	26	0	12	1	24	3	23	11	10	0	0	8	17	0	9	8	30	0	11	23	0	0	27	1	20	41	0	0	7	0	15	43	3	0	4	29	38	4	14	21	31	0	0	12	0	24	0	26	709	815	791	1130	731	728	752	789	7	15	0	16	674	756	756	927	799	740	781	771	4	0	0	0	758	832	889	926	778	775	818	772	1	6	0	8	670	823	779	839	753	837	766	740	0	0	17	0
15:27:15	7	5	0	0	45	11	2	24	22	11	17	0	0	0	0	4	13	15	21	23	44	0	0	17	28	25	19	21	3	5	25	10	0	0	18	28	0	19	4	0	27	19	0	0	11	2	7	5	731	776	796	1137	759	670	763	748	0	0	4	6	635	762	726	904	727	692	768	726	18	28	0	0	744	848	835	915	732	748	765	746	0	15	10	47	639	786	728	806	780	757	732	743	21	11	0	0
15:37:15	0	0	4	16	13	0	0	0	2	17	0	1	0	18	2	8	28	0	6	8	10	20	0	0	1	0	8	6	12	27	4	39	3	0	12	0	26	0	6	3	7	7	18	26	5	10	18	5	707	785	813	1140	755	705	731	760	44	7	0	9	635	758	750	919	708	700	768	716	13	0	0	24	699	815	786	940	772	713	785	743	20	19	0	6	651	752	746	873	784	851	705	725	0	11	21	0
15:47:15	23	22	0	12	0	4	20	0	14	3	23	19	11	0	43	0	1	26	31	5	14	27	21	8	0	0	0	0	0	0	37	20	17	5	20	10	22	32	0	16	8	13	20	8	3	0	8	23	679	795	771	1135	704	695	757	736	0	10	0	23	621	729	694	939	731	756	789	775	6	28	0	22	717	842	822	938	757	751	762	749	22	13	22	8	633	788	736	867	727	805	743	713	0	0	19	12
15:57:15	0	19	12	5	6	0	24	11	0	18	22	5	20	30	8	18	0	0	0	41	0	0	8	21	0	0	5	17	0	10	0	7	0	0	5	25	36	15	4	1	0	17	26	0	0	8	7	0	696	786	756	1144	709	655	707	757	19	19	26	22	617	758	724	905	708	697	759	743	2	12	0	5	715	815	813	907	733	727	733	730	2	4	0	0	637	786	767	840	723	801	737	706	0	12	7	0
16:07:15	6	0	0	0	0	25	9	30	0	10	0	0	4	0	18	36	25	0	11	19	17	2	5	41	15	0	10	23	6	22	26	0	32	4	9	19	0	22	30	20	20	23	20	21	0	22	0	36	705	790	738	1106	731	735	714	764	16	0	7	6	632	726	712	919	697	706	783	710	24	0	5	0	732	785	804	909	713	765	760	699	14	0	18	25	635	745	739	827	725	803	743	723	56	14	0	10
16:17:15	0	0	19	0	1	10	16	16	25	1	2	2	14	22	30	11	15	0	0	21	0	15	0	0	4	2	0	25	0	24	15	2	0	17	10	0	32	7	28	0	6	8	0	8	0	2	0	0	695	749	815	1129	764	700	726	713	0	0	0	28	619	711	752	895	714	710	785	720	23	14	31	39	721	799	778	937	739	759	778	754	0	5	0	17	649	722	700	842	720	825	749	694	0	0	10	8
16:27:15	11	19	23	29	26	6	0	0	0	6	0	0	19	0	0	0	30	16	15	25	26	2	26	5	1	0	1	6	0	0	13	0	21	0	25	15	6	0	4	0	2	27	1	2	12	37	2	17	695	757	765	1099	737	678	717	745	25	16	6	27	626	730	737	915	723	715	767	711	0	26	0	17	721	835	773	926	709	721	766	685	0	2	1	12	604	744	722	842	710	765	728	706	0	0	0	0
16:37:15	0	29	33	0	24	24	0	0	32	22	0	15	9	4	0	27	19	27	0	16	0	0	0	32	6	30	0	9	0	0	11	8	5	0	5	0	0	0	21	0	25	13	0	18	32	5	0	15	705	726	720	1087	683	714	708	716	5	32	2	0	623	713	720	869	740	702	761	710	1	0	8	0	724	807	734	897	724	735	732	701	16	6	6	0	609	725	673	823	728	809	712	684	4	0	8	0
16:47:15	6	2	11	16	0	27	0	10	0	16	0	0	23	3	9	28	22	10	0	0	3	0	18	24	19	12	0	13	1	0	15	10	0	0	26	13	5	0	3	14	0	0	6	31	1	8	0	2	680	738	758	1025	715	676	694	735	0	17	0	4	628	725	707	882	744	702	770	707	0	5	7	18	710	768	765	858	721	695	772	709	2	1	0	0	642	735	718	805	699	782	701	691	7	26	0	0
16:57:15	5	1	4	0	28	21	2	0	0	0	12	4	19	0	3	23	22	0	0	2	0	6	52	8	0	12	16	0	0	0	0	0	0	0	31	20	6	5	0	0	0	0	17	17	8	0	0	0	731	742	751	1033	696	717	704	762	0	0	0	17	611	748	735	838	757	722	766	766	39	32	0	12	719	769	740	885	723	690	750	735	2	11	27	0	621	703	735	811	721	811	680	699	0	23	22	24
17:07:15	35	17	7	0	0	18	0	0	0	59	26	11	27	4	0	24	0	5	0	18	12	0	18	0	6	0	0	10	16	13	0	24	7	0	28	0	0	14	14	11	12	3	0	23	15	7	14	20	738	768	777	1025	704	710	730	743	14	20	0	0	630	715	719	832	689	687	779	722	0	0	23	0	719	769	771	855	710	760	798	729	6	7	0	13	600	676	679	803	703	840	684	701	0	16	10	17
17:17:15	0	5	25	10	31	16	13	0	16	0	17	42	0	27	7	0	33	0	19	9	0	4	4	6	5	0	32	4	18	0	19	2	0	0	5	12	0	7	18	0	36	23	11	10	0	0	0	7	670	736	737	1015	725	712	728	760	25	28	0	0	618	712	718	833	735	703	776	748	10	0	0	14	717	749	778	853	695	748	766	707	0	5	0	16	594	699	711	775	696	843	721	712	0	3	0	6
17:27:15	0	0	0	28	7	2	23	12	4	1	25	1	51	11	19	26	15	35	0	20	17	19	19	1	0	1	0	33	0	20	13	16	0	15	0	9	12	15	5	8	10	0	41	3	12	43	0	0	678	735	718	966	747	673	717	740	13	0	6	0	616	690	711	772	755	718	759	701	0	3	22	0	722	738	765	815	711	728	771	747	1	12	3	41	582	719	689	791	680	867	679	708	0	32	0	0
17:37:15	27	8	25	1	12	0	12	0	0	11	11	0	0	5	10	15	0	7	4	0	6	7	19	0	11	25	1	0	2	17	0	21	0	23	5	10	0	14	0	6	8	17	5	15	0	0	0	7	669	749	706	959	693	708	685	782	11	5	19	21	612	691	718	802	759	692	747	701	24	0	0	15	701	706	720	811	705	730	766	729	16	0	20	6	570	728	634	751	653	806	662	687	0	0	0	0
17:47:15	12	9	0	5	20	9	9	0	7	0	0	27	0	0	12	0	42	28	0	10	5	0	17	30	9	19	22	15	0	0	0	19	0	6	34	0	0	9	16	6	13	0	0	3	13	22	18	0	676	710	714	980	675	703	669	725	39	12	0	16	624	711	692	763	677	661	773	710	19	26	0	18	689	635	728	797	670	710	732	705	0	6	0	0	573	753	650	757	658	802	693	686	0	0	1	0
17:57:15	8	4	0	6	0	10	0	0	8	28	0	0	0	0	22	0	5	1	14	0	19	18	2	27	0	3	42	9	18	0	14	33	0	0	18	0	10	31	0	9	8	0	0	3	13	40	25	18	666	721	716	939	667	709	712	759	14	26	28	42	599	663	658	812	709	712	738	697	13	24	8	32	708	612	755	813	679	718	736	717	3	0	14	6	583	693	639	746	631	817	707	655	0	2	21	19
18:07:15	22	2	30	5	0	3	6	8	4	0	0	0	0	12	19	7	9	18	4	34	0	0	22	0	5	38	16	13	7	0	16	0	7	6	0	24	2	0	0	1	9	0	1	2	19	7	0	37	708	712	711	936	655	725	721	720	25	0	0	22	628	649	697	776	704	693	725	709	0	0	0	5	714	607	755	795	694	740	783	722	41	28	0	15	592	727	620	758	673	778	702	689	0	1	0	9
18:17:15	9	0	5	32	18	31	35	19	10	26	9	45	33	29	4	0	26	3	9	37	8	0	0	1	0	0	0	7	23	0	8	0	11	3	7	0	8	0	4	5	15	0	0	29	19	0	0	10	688	686	725	903	698	675	663	741	2	11	6	23	614	673	695	786	687	711	719	686	19	0	3	40	713	562	732	796	704	701	727	741	8	0	10	4	556	695	639	753	654	778	686	663	5	6	7	5
18:27:15	11	0	15	18	0	0	29	26	1	0	6	34	3	7	27	0	9	21	36	26	0	3	0	10	5	0	8	14	34	1	20	0	24	7	10	23	0	0	14	7	16	25	20	0	0	24	26	0	647	695	715	906	687	725	713	766	10	6	9	12	604	654	636	762	702	710	735	712	20	2	16	13	716	558	739	825	656	741	740	737	3	0	14	2	542	703	622	737	648	734	679	669	28	0	28	0
18:37:15	22	2	19	0	29	1	1	4	35	10	24	3	8	0	0	0	9	10	0	1	14	13	11	19	41	26	0	20	10	15	4	0	0	4	6	17	7	18	0	3	0	1	12	8	44	0	8	0	660	702	738	902	693	715	679	757	7	0	0	38	618	668	696	781	630	684	751	708	4	19	0	22	725	545	695	766	675	765	753	685	25	0	0	0	580	715	576	748	627	767	698	662	14	18	0	0
18:47:15	13	24	7	0	0	19	2	16	32	0	11	16	0	26	1	7	9	3	17	0	1	32	0	0	0	0	5	0	16	30	19	16	17	4	20	30	30	22	17	0	8	16	27	7	7	0	13	0	686	679	692	837	644	676	700	736	2	0	19	0	555	680	632	804	593	693	738	695	9	16	0	0	722	487	715	768	668	715	716	682	0	9	0	18	512	709	605	739	593	747	612	613	0	0	0	13
18:57:15	17	0	8	12	0	0	18	25	7	0	16	23	25	0	0	18	0	0	7	11	35	23	2	4	11	5	0	25	4	11	0	10	40	0	0	31	8	7	25	2	11	13	5	38	0	11	32	17	681	641	700	846	629	715	666	729	7	13	0	16	576	638	637	765	512	686	725	638	10	8	4	30	692	491	647	730	616	691	678	683	33	10	26	0	497	679	519	692	563	715	575	530	26	0	8	0
19:07:15	0	24	43	34	0	0	0	5	12	32	45	0	0	7	46	20	10	0	0	9	20	10	0	3	7	10	17	10	0	11	0	19	14	28	7	0	0	8	13	0	0	0	11	1	7	0	0	3	659	655	674	861	640	681	669	749	0	6	11	8	556	631	644	773	495	702	704	695	10	0	1	0	676	500	661	763	618	681	724	694	6	28	0	1	523	703	461	673	555	723	560	529	22	9	2	0
19:17:15	6	35	0	13	23	15	29	0	34	16	13	22	9	0	13	16	0	7	3	0	2	30	4	0	17	7	8	12	13	40	11	20	9	23	15	21	0	22	0	3	0	11	0	1	12	0	6	0	672	642	711	872	592	681	716	733	5	0	7	0	554	632	622	752	541	693	720	670	20	19	5	12	669	474	625	722	659	701	727	679	8	0	0	14	502	703	550	699	542	686	544	508	12	0	0	0
19:27:15	0	0	2	13	14	14	5	0	26	0	8	18	0	5	17	7	0	17	1	6	0	0	0	18	13	0	0	27	7	12	0	29	20	18	17	0	0	0	0	22	12	0	4	0	0	35	3	18	668	604	720	873	580	666	680	706	1	0	7	38	556	652	594	738	610	684	760	715	17	54	0	0	655	504	609	711	604	708	741	668	0	19	0	32	533	705	541	664	575	692	563	533	0	11	0	0
19:37:15	15	0	7	0	9	17	0	31	5	6	1	23	27	1	0	0	0	11	0	0	10	6	0	19	8	16	32	23	10	23	17	0	17	16	37	10	13	11	1	0	38	0	25	4	10	12	10	14	653	594	696	869	570	641	659	745	0	5	4	0	561	636	561	763	603	707	742	693	0	22	44	0	669	503	613	690	593	689	725	694	34	0	25	20	481	659	485	658	548	708	549	539	0	29	5	46
19:47:15	0	11	21	44	0	0	1	3	0	0	6	5	11	18	0	0	0	0	20	7	28	0	15	12	0	23	0	0	0	0	28	0	12	8	24	22	18	0	12	19	27	27	0	0	8	4	22	28	626	620	668	896	567	648	647	731	0	0	0	4	565	624	535	728	628	712	704	663	0	17	37	31	667	489	537	670	597	684	724	679	0	0	10	8	462	691	549	632	534	707	555	502	0	0	19	18
19:57:15	25	11	10	0	24	15	0	30	16	45	20	5	5	37	5	31	26	12	23	0	0	0	12	13	0	12	1	0	28	12	4	12	0	0	2	0	0	19	11	18	28	8	31	8	17	0	14	10	624	613	661	832	552	655	606	709	7	11	7	0	557	594	563	692	548	671	728	676	23	19	1	9	649	499	601	691	559	725	700	683	16	0	35	19	461	701	535	571	480	642	562	467	0	12	18	38
20:07:15	1	0	5	5	25	17	0	36	8	14	3	23	10	10	20	2	49	33	4	1	0	2	1	8	21	3	0	13	35	24	20	25	21	0	13	0	8	7	2	17	33	0	9	25	15	0	0	0	648	623	644	807	562	628	589	742	7	0	19	4	511	586	546	713	484	674	733	655	16	0	0	37	630	458	612	678	565	671	712	640	23	34	14	19	464	708	569	554	516	678	523	480	12	0	34	1
20:17:15	11	12	10	45	0	4	7	35	13	24	0	3	0	0	19	7	10	18	0	2	21	24	0	0	0	0	14	24	20	0	0	7	8	0	19	17	5	3	0	17	0	14	18	4	31	0	23	0	611	597	603	800	558	597	562	699	14	2	0	6	536	625	537	673	501	678	694	666	21	15	0	0	624	491	554	647	571	678	725	677	0	0	6	0	497	658	496	561	514	614	563	542	2	19	1	0
20:27:15	10	24	13	25	6	0	0	8	0	27	13	15	0	13	11	12	17	0	12	1	0	0	19	22	28	13	10	12	41	0	7	22	10	5	0	16	14	1	13	38	0	0	16	0	17	20	0	0	653	613	618	830	550	618	579	703	10	12	19	11	555	609	523	665	500	693	688	639	17	41	20	8	662	483	553	620	589	679	722	658	3	0	0	7	454	690	552	560	509	638	556	475	0	0	8	0
20:37:15	0	11	24	11	0	12	14	0	15	6	1	0	17	33	5	7	0	19	0	0	13	14	44	17	8	26	3	0	26	10	15	0	12	0	7	8	0	0	14	17	0	0	8	0	5	0	0	2	618	591	622	840	577	637	564	726	0	0	0	5	532	586	545	710	487	701	723	625	25	0	38	0	616	505	548	630	570	664	726	714	0	12	16	1	484	688	551	585	532	658	542	483	7	0	12	0
20:47:15	0	8	0	0	19	1	0	9	22	7	6	12	15	8	0	0	3	0	29	7	4	26	1	17	6	20	0	25	17	0	2	1	14	5	42	7	8	6	0	0	6	7	10	33	0	5	15	42	606	575	589	823	586	615	554	689	18	0	2	0	519	568	563	677	456	659	676	616	9	10	9	0	639	500	526	607	576	669	714	633	0	4	22	7	481	681	540	539	516	609	553	501	26	0	4	0
20:57:15	10	28	33	0	0	8	31	0	28	0	11	3	26	0	0	2	14	19	0	9	24	8	22	0	30	0	28	0	0	0	22	19	13	0	0	41	2	3	13	26	33	36	24	0	0	19	13	0	624	564	634	806	592	592	602	726	0	11	0	2	492	599	569	698	475	705	692	624	16	14	0	27	604	499	566	621	563	695	729	672	8	0	12	41	478	685	550	584	515	586	542	505	0	0	24	9
21:07:15	5	0	13	14	1	23	5	0	0	7	23	0	7	4	29	22	11	0	7	19	0	24	0	0	0	5	0	31	32	0	24	3	4	23	22	11	0	0	6	4	0	26	0	10	15	0	0	23	608	577	588	774	539	585	575	723	13	0	12	13	485	559	533	642	474	684	694	619	29	25	0	14	588	512	554	632	568	676	694	660	0	9	15	3	488	654	502	526	531	593	512	537	20	20	7	16
21:17:15	19	25	11	4	8	11	16	7	30	12	9	6	36	15	1	19	18	0	9	23	30	30	8	3	27	15	11	0	10	0	0	24	33	8	14	7	31	0	7	0	5	34	14	2	8	16	22	19	605	582	598	806	561	569	536	713	0	12	14	13	538	537	543	629	482	670	681	609	30	6	0	17	645	510	572	620	560	670	738	658	12	0	0	32	480	672	497	547	535	582	562	492	14	0	13	8
21:27:15	0	23	9	0	22	11	0	0	0	17	6	11	1	15	0	16	0	0	0	0	26	18	0	28	0	3	0	9	9	36	6	0	0	8	18	0	0	0	32	26	0	11	0	27	0	0	0	0	559	556	600	799	562	572	539	633	0	19	5	0	505	534	513	643	569	680	700	559	4	0	6	2	591	502	565	598	570	644	713	624	2	39	0	16	496	664	503	544	502	522	577	478	24	15	0	0
21:37:15	21	0	0	4	15	0	8	0	2	0	0	16	0	0	18	0	34	10	6	0	0	36	26	0	0	0	6	11	37	0	27	0	0	28	17	14	10	22	12	45	20	0	0	0	12	5	26	34	546	550	564	804	538	545	527	619	0	7	26	0	512	530	520	577	514	695	663	552	0	10	16	11	558	509	582	575	577	629	703	605	9	13	11	0	454	654	501	547	528	503	552	503	0	0	25	23
21:47:15	0	0	26	0	27	0	0	0	0	12	3	27	0	22	13	6	1	22	20	28	0	19	14	3	10	12	2	0	28	1	5	28	22	5	10	32	7	32	0	4	20	11	11	4	20	17	18	6	537	542	568	762	528	519	538	626	0	14	0	3	508	522	526	596	523	679	620	555	19	1	1	24	562	502	546	553	552	590	681	600	20	16	0	0	473	660	548	521	483	546	524	500	0	0	23	10
21:57:15	10	0	25	23	35	22	12	0	10	0	17	8	22	8	0	13	0	24	13	5	3	8	30	34	0	9	0	0	21	26	31	7	0	0	16	0	0	6	0	26	30	0	8	0	16	0	10	20	534	549	546	769	521	540	558	575	16	36	0	0	519	505	502	586	493	657	605	608	0	8	15	4	586	506	520	528	575	602	657	573	5	0	22	0	513	636	520	512	524	509	536	487	2	0	28	0
22:07:15	10	0	14	0	6	0	3	7	11	27	23	0	4	33	17	25	0	12	4	17	5	0	20	34	11	0	0	0	0	9	2	12	13	10	0	0	0	0	6	12	14	11	23	0	9	13	3	17	524	544	583	722	493	519	519	565	0	7	0	5	496	500	502	585	536	667	578	561	11	16	35	9	544	478	517	569	582	561	594	550	10	0	5	0	480	627	487	537	509	500	541	500	0	13	24	0
22:17:15	0	1	23	4	0	0	1	0	0	0	0	10	0	16	15	16	13	0	10	8	10	10	0	11	17	10	0	0	0	3	0	3	4	33	0	14	23	7	38	0	24	4	0	9	0	18	0	1	522	544	526	697	505	500	521	550	0	18	15	0	502	521	501	585	531	650	573	539	0	7	0	4	484	516	509	546	549	537	580	533	27	18	27	24	463	605	501	522	515	528	499	477	28	14	20	23
22:27:15	14	0	38	18	4	24	0	0	34	12	11	16	1	19	18	12	29	10	35	0	15	21	0	20	8	4	9	10	1	16	16	31	3	10	0	8	16	0	11	35	0	14	26	0	3	1	9	14	550	528	556	687	530	532	521	509	1	0	17	0	507	537	520	573	511	596	587	539	24	22	0	16	525	504	518	603	573	557	558	549	29	0	18	2	463	630	492	541	506	512	565	518	0	8	0	43
22:37:15	0	36	2	0	0	30	0	1	8	9	26	23	35	11	0	0	23	6	0	8	21	13	0	21	16	33	0	2	18	10	25	27	26	12	7	14	42	15	25	4	25	22	5	0	20	0	0	18	520	538	514	634	496	517	511	514	24	25	0	0	514	531	508	576	500	598	582	542	23	37	5	0	520	517	487	531	550	545	569	532	19	11	32	16	485	572	484	503	501	496	515	504	23	0	21	3
22:47:15	0	0	0	17	2	0	7	9	6	0	25	0	0	17	9	27	0	0	0	24	0	8	11	14	7	0	0	25	0	5	21	4	7	0	4	0	4	12	8	4	10	18	0	0	1	17	17	0	535	514	542	596	496	536	494	521	19	14	21	26	504	495	507	572	512	545	560	524	5	17	11	0	506	510	508	539	568	533	515	535	3	7	0	5	472	604	521	535	509	499	535	519	6	33	0	10
22:57:15	0	10	19	7	37	7	9	23	12	19	5	0	31	7	17	15	42	5	29	5	0	19	13	16	21	0	18	18	0	0	17	25	0	0	24	0	36	16	10	9	17	14	2	6	0	20	30	36	497	538	560	598	500	523	477	525	0	15	4	0	485	503	503	562	521	561	545	518	0	8	0	0	487	514	522	517	540	547	537	532	17	14	15	17	502	603	501	541	496	498	523	507	0	6	15	47
23:07:15	9	0	19	0	0	0	11	0	0	0	1	6	0	0	18	15	29	0	0	1	3	12	0	0	17	0	0	0	0	0	27	12	0	13	3	19	2	14	0	16	0	0	22	0	4	5	0	0	499	494	531	579	515	547	519	485	17	0	0	6	501	498	505	592	503	536	544	554	24	13	1	10	499	493	506	520	557	519	538	536	29	4	0	0	493	533	494	538	516	481	511	491	7	23	25	13
23:17:15	5	8	9	15	1	7	20	0	6	17	3	10	15	0	18	6	7	25	36	24	2	0	0	0	0	5	0	0	4	16	14	7	11	0	5	0	3	0	8	0	0	23	18	11	30	13	0	35	510	499	511	564	515	507	516	514	10	5	22	0	470	521	512	528	529	557	531	508	20	0	0	23	492	468	531	568	523	471	509	503	1	22	34	0	471	531	515	573	505	448	534	507	34	0	29	13
23:27:15	0	0	5	9	8	8	19	0	0	25	1	24	12	8	14	0	16	9	10	17	0	0	29	8	19	6	26	26	45	16	0	15	6	17	15	10	16	0	0	9	0	2	27	3	50	2	11	0	499	503	525	534	516	518	495	498	0	46	9	0	464	517	509	562	494	543	546	505	11	18	6	3	490	519	505	548	518	512	534	535	0	30	20	16	490	551	503	532	506	480	493	502	0	32	0	39
23:37:15	13	0	28	0	11	11	0	9	0	0	0	15	18	25	11	14	17	11	3	3	27	5	7	26	27	38	26	17	26	9	25	1	0	14	8	2	19	9	0	19	28	11	38	0	0	13	16	10	486	502	526	552	496	512	536	516	0	0	11	1	467	557	496	547	493	529	528	504	15	0	0	0	483	468	551	541	555	495	546	533	0	24	24	10	505	537	511	527	532	461	508	515	16	17	0	0
23:47:15	8	0	27	7	19	16	32	0	7	9	21	15	0	0	0	0	14	0	22	3	3	28	12	13	5	5	26	31	9	10	6	8	15	11	5	21	0	33	15	11	7	0	0	1	7	33	28	0	526	482	537	563	507	501	488	517	12	10	0	17	499	478	508	535	532	540	493	531	9	12	0	39	490	508	527	534	497	488	529	539	9	3	0	26	491	529	511	539	522	494	526	530	0	38	4	0
23:57:15	18	23	0	22	9	0	0	0	0	37	19	0	11	6	5	0	0	0	14	0	6	25	44	20	24	4	5	14	0	13	24	0	19	20	0	14	0	35	7	10	33	13	10	13	0	30	18	16	512	470	508	542	516	489	485	521	6	3	0	29	448	503	533	544	503	473	441	525	5	0	17	0	510	503	503	571	524	516	505	525	4	0	5	26	479	540	527	527	493	497	484	498	0	0	17	0
24:07:15	2	5	0	15	45	14	0	0	0	0	13	18	14	16	15	13	0	4	36	0	49	19	0	0	8	6	0	17	17	0	17	12	0	26	26	0	26	3	20	0	21	10	3	0	35	0	34	17	520	516	532	550	519	515	506	524	7	20	0	0	481	509	535	525	533	499	500	546	1	28	0	7	513	530	501	572	520	465	504	526	0	0	38	14	490	544	517	556	522	506	507	480	0	13	35	22
24:17:15	27	0	10	0	5	3	0	22	14	11	14	0	25	11	19	14	3	0	1	0	5	27	24	0	14	19	8	22	7	23	0	0	0	20	0	31	22	5	4	17	8	20	0	6	0	6	7	16	515	516	512	535	483	540	529	544	0	0	3	22	448	490	524	544	538	522	538	572	0	11	28	2	501	472	527	550	529	510	536	502	0	10	17	11	490	538	519	563	501	461	508	514	0	0	24	25
0:00:00																																																																																																
0:00:00																																																																																																
0:00:00																																																																																																
0:00:00																																																																																																
0:00:00																																																																																																
0:00:00																																																																																																
0:00:00																																																																																																
0:00:00																																																																																																

