600

Kinetic read	A1	A2	A3	A4	A5	A6	A7	A8	A9	A10	A11	A12	B1	B2	B3	B4	B5	B6	B7	B8	B9	B10	B11	B12	C1	C2	C3	C4	C5	C6	C7	C8	C9	C10	C11	C12	D1	D2	D3	D4	D5	D6	D7	D8	D9	D10	D11	D12	E1	E2	E3	E4	E5	E6	E7	E8	E9	E10	E11	E12	F1	F2	F3	F4	F5	F6	F7	F8	F9	F10	F11	F12	G1	G2	G3	G4	G5	G6	G7	G8	G9	G10	G11	G12	H1	H2	H3	H4	H5	H6	H7	H8	H9	H10	H11	H12
0:06:43	0.130	0.115	0.115	0.113	0.207	0.131	0.116	0.136	0.096	0.102	0.111	0.103	0.133	0.119	0.120	0.107	0.126	0.146	0.124	0.134	0.099	0.102	0.104	0.102	0.131	0.121	0.121	0.113	0.133	0.142	0.120	0.136	0.096	0.102	0.097	0.108	0.127	0.123	0.119	0.109	0.125	0.136	0.125	0.136	0.099	0.099	0.110	0.105	0.130	0.117	0.122	0.111	0.123	0.140	0.119	0.137	0.097	0.105	0.104	0.105	0.130	0.116	0.123	0.109	0.121	0.142	0.125	0.133	0.097	0.099	0.104	0.103	0.133	0.123	0.119	0.114	0.124	0.132	0.121	0.129	0.101	0.107	0.106	0.099	0.130	0.121	0.126	0.114	0.123	0.100	0.120	0.125	0.095	0.106	0.107	0.108
0:16:43	0.129	0.116	0.115	0.113	0.210	0.131	0.117	0.153	0.095	0.102	0.111	0.103	0.133	0.121	0.121	0.107	0.125	0.145	0.125	0.134	0.099	0.102	0.104	0.102	0.131	0.121	0.121	0.113	0.132	0.148	0.120	0.136	0.096	0.102	0.097	0.108	0.128	0.123	0.120	0.109	0.125	0.146	0.127	0.138	0.099	0.099	0.110	0.105	0.131	0.117	0.123	0.111	0.123	0.142	0.120	0.138	0.097	0.104	0.104	0.105	0.131	0.116	0.123	0.108	0.121	0.146	0.127	0.134	0.097	0.099	0.104	0.103	0.133	0.129	0.119	0.114	0.124	0.134	0.123	0.132	0.100	0.107	0.106	0.099	0.132	0.123	0.126	0.114	0.125	0.100	0.119	0.128	0.094	0.106	0.107	0.108
0:26:43	0.131	0.116	0.116	0.112	0.212	0.133	0.117	0.147	0.095	0.102	0.111	0.103	0.134	0.126	0.122	0.106	0.127	0.147	0.125	0.142	0.099	0.102	0.104	0.102	0.132	0.121	0.122	0.113	0.132	0.143	0.122	0.142	0.096	0.102	0.096	0.108	0.128	0.124	0.120	0.109	0.127	0.142	0.126	0.139	0.099	0.098	0.110	0.105	0.133	0.117	0.124	0.111	0.129	0.143	0.121	0.141	0.097	0.104	0.104	0.105	0.133	0.117	0.124	0.108	0.123	0.146	0.129	0.136	0.097	0.098	0.104	0.103	0.136	0.128	0.119	0.113	0.125	0.142	0.123	0.134	0.100	0.107	0.106	0.099	0.133	0.129	0.127	0.113	0.123	0.100	0.121	0.132	0.094	0.106	0.107	0.108
0:36:43	0.139	0.116	0.116	0.112	0.215	0.136	0.117	0.132	0.095	0.102	0.110	0.103	0.135	0.128	0.122	0.106	0.129	0.151	0.125	0.139	0.098	0.102	0.104	0.102	0.135	0.121	0.123	0.113	0.134	0.146	0.123	0.143	0.096	0.102	0.096	0.108	0.129	0.129	0.122	0.108	0.128	0.143	0.127	0.140	0.099	0.099	0.110	0.105	0.133	0.117	0.126	0.111	0.126	0.145	0.122	0.144	0.096	0.104	0.104	0.105	0.135	0.116	0.125	0.109	0.124	0.150	0.130	0.137	0.097	0.098	0.104	0.102	0.150	0.126	0.120	0.115	0.126	0.142	0.125	0.137	0.100	0.107	0.106	0.099	0.136	0.133	0.138	0.113	0.127	0.101	0.123	0.134	0.094	0.106	0.106	0.108
0:46:43	0.135	0.116	0.117	0.112	0.219	0.139	0.117	0.132	0.095	0.102	0.110	0.103	0.137	0.125	0.124	0.107	0.135	0.155	0.125	0.140	0.098	0.102	0.104	0.102	0.139	0.124	0.123	0.113	0.140	0.148	0.126	0.143	0.096	0.102	0.096	0.108	0.136	0.131	0.122	0.110	0.130	0.146	0.128	0.141	0.099	0.099	0.109	0.105	0.145	0.120	0.127	0.112	0.127	0.152	0.124	0.145	0.096	0.104	0.104	0.105	0.136	0.119	0.126	0.109	0.126	0.155	0.131	0.139	0.097	0.098	0.104	0.102	0.151	0.136	0.121	0.114	0.129	0.141	0.125	0.139	0.100	0.107	0.106	0.099	0.160	0.136	0.160	0.114	0.127	0.102	0.125	0.133	0.094	0.106	0.107	0.108
0:56:43	0.148	0.117	0.118	0.112	0.222	0.142	0.119	0.134	0.095	0.102	0.111	0.103	0.145	0.131	0.122	0.107	0.136	0.159	0.126	0.143	0.099	0.102	0.104	0.102	0.141	0.131	0.125	0.114	0.143	0.151	0.130	0.149	0.096	0.102	0.096	0.108	0.141	0.130	0.123	0.110	0.132	0.151	0.130	0.145	0.099	0.099	0.110	0.105	0.144	0.124	0.127	0.112	0.131	0.154	0.127	0.146	0.096	0.104	0.104	0.105	0.141	0.125	0.127	0.110	0.129	0.158	0.134	0.144	0.097	0.098	0.104	0.102	0.171	0.140	0.124	0.114	0.132	0.144	0.127	0.141	0.100	0.107	0.106	0.099	0.176	0.147	0.178	0.114	0.132	0.101	0.129	0.133	0.094	0.106	0.107	0.108
1:06:43	0.156	0.119	0.118	0.113	0.225	0.148	0.120	0.137	0.095	0.102	0.110	0.103	0.147	0.134	0.125	0.108	0.138	0.164	0.127	0.145	0.098	0.102	0.104	0.101	0.146	0.129	0.126	0.113	0.146	0.154	0.132	0.150	0.095	0.102	0.096	0.108	0.146	0.132	0.124	0.111	0.136	0.153	0.131	0.149	0.098	0.098	0.109	0.104	0.154	0.126	0.129	0.111	0.133	0.158	0.127	0.150	0.096	0.104	0.103	0.104	0.156	0.141	0.130	0.112	0.132	0.161	0.136	0.147	0.097	0.098	0.104	0.102	0.181	0.142	0.129	0.116	0.135	0.148	0.130	0.143	0.100	0.107	0.106	0.099	0.169	0.159	0.180	0.114	0.135	0.101	0.128	0.135	0.094	0.106	0.106	0.108
1:16:43	0.171	0.128	0.119	0.114	0.228	0.152	0.124	0.140	0.095	0.102	0.110	0.103	0.163	0.136	0.126	0.109	0.141	0.175	0.137	0.152	0.098	0.102	0.104	0.101	0.164	0.130	0.128	0.114	0.155	0.157	0.132	0.149	0.096	0.102	0.096	0.108	0.157	0.134	0.125	0.112	0.138	0.156	0.131	0.152	0.098	0.098	0.109	0.105	0.158	0.128	0.132	0.112	0.138	0.164	0.130	0.152	0.096	0.104	0.104	0.105	0.190	0.148	0.134	0.114	0.134	0.165	0.139	0.151	0.097	0.098	0.104	0.102	0.193	0.140	0.129	0.119	0.139	0.153	0.132	0.146	0.100	0.107	0.106	0.099	0.177	0.159	0.168	0.115	0.138	0.101	0.131	0.141	0.094	0.106	0.107	0.108
1:26:43	0.165	0.133	0.122	0.115	0.231	0.161	0.132	0.141	0.095	0.102	0.110	0.103	0.153	0.136	0.130	0.110	0.143	0.182	0.146	0.154	0.099	0.102	0.104	0.101	0.161	0.132	0.130	0.115	0.154	0.161	0.136	0.156	0.096	0.102	0.096	0.108	0.159	0.134	0.132	0.113	0.142	0.160	0.133	0.154	0.099	0.098	0.109	0.104	0.163	0.132	0.136	0.117	0.143	0.171	0.133	0.159	0.096	0.104	0.104	0.104	0.173	0.142	0.137	0.117	0.138	0.174	0.141	0.157	0.097	0.098	0.104	0.102	0.183	0.148	0.132	0.121	0.144	0.159	0.135	0.150	0.100	0.107	0.106	0.099	0.168	0.170	0.191	0.123	0.142	0.102	0.134	0.146	0.094	0.106	0.107	0.107
1:36:43	0.178	0.149	0.121	0.115	0.237	0.165	0.142	0.145	0.095	0.102	0.110	0.103	0.168	0.136	0.134	0.112	0.147	0.188	0.154	0.159	0.098	0.102	0.104	0.102	0.163	0.135	0.138	0.116	0.155	0.165	0.139	0.160	0.095	0.101	0.096	0.108	0.166	0.138	0.136	0.115	0.147	0.167	0.137	0.158	0.098	0.098	0.109	0.104	0.158	0.143	0.140	0.114	0.149	0.176	0.138	0.163	0.096	0.104	0.103	0.105	0.170	0.153	0.141	0.113	0.142	0.176	0.144	0.160	0.098	0.098	0.104	0.102	0.173	0.141	0.135	0.126	0.148	0.164	0.138	0.157	0.100	0.107	0.106	0.099	0.169	0.185	0.180	0.125	0.144	0.102	0.137	0.148	0.094	0.106	0.106	0.108
1:46:43	0.171	0.150	0.125	0.116	0.247	0.167	0.150	0.149	0.095	0.102	0.110	0.103	0.164	0.141	0.136	0.113	0.150	0.187	0.157	0.164	0.098	0.102	0.103	0.101	0.165	0.138	0.138	0.118	0.165	0.172	0.143	0.169	0.095	0.102	0.096	0.108	0.165	0.154	0.148	0.116	0.152	0.174	0.145	0.162	0.098	0.098	0.109	0.104	0.165	0.155	0.146	0.116	0.154	0.180	0.141	0.168	0.096	0.104	0.103	0.104	0.176	0.160	0.146	0.117	0.147	0.182	0.149	0.162	0.097	0.098	0.104	0.102	0.182	0.140	0.136	0.127	0.154	0.170	0.142	0.160	0.101	0.106	0.106	0.099	0.175	0.176	0.163	0.138	0.160	0.103	0.143	0.152	0.094	0.106	0.107	0.107
1:56:43	0.177	0.180	0.135	0.118	0.251	0.173	0.159	0.154	0.095	0.102	0.110	0.103	0.169	0.144	0.140	0.115	0.156	0.190	0.153	0.170	0.098	0.102	0.103	0.101	0.169	0.144	0.141	0.120	0.176	0.179	0.147	0.174	0.095	0.102	0.096	0.108	0.168	0.158	0.166	0.118	0.158	0.181	0.154	0.169	0.098	0.098	0.109	0.104	0.183	0.159	0.151	0.118	0.157	0.185	0.149	0.174	0.096	0.104	0.103	0.105	0.181	0.158	0.151	0.118	0.152	0.190	0.153	0.169	0.101	0.098	0.104	0.102	0.173	0.141	0.138	0.129	0.157	0.177	0.147	0.166	0.100	0.107	0.106	0.099	0.165	0.191	0.161	0.132	0.152	0.103	0.145	0.156	0.094	0.106	0.107	0.108
2:06:43	0.196	0.174	0.142	0.120	0.250	0.180	0.163	0.160	0.095	0.102	0.110	0.103	0.177	0.146	0.144	0.117	0.161	0.198	0.154	0.173	0.098	0.102	0.103	0.101	0.173	0.150	0.144	0.121	0.184	0.184	0.151	0.178	0.095	0.102	0.096	0.108	0.169	0.165	0.170	0.120	0.163	0.187	0.161	0.174	0.098	0.098	0.109	0.104	0.193	0.168	0.154	0.120	0.160	0.189	0.150	0.180	0.096	0.104	0.103	0.104	0.184	0.153	0.157	0.120	0.156	0.195	0.156	0.172	0.101	0.098	0.104	0.102	0.184	0.152	0.145	0.130	0.161	0.184	0.151	0.171	0.100	0.107	0.106	0.099	0.173	0.165	0.151	0.121	0.154	0.104	0.147	0.161	0.094	0.106	0.106	0.108
2:16:43	0.181	0.177	0.152	0.121	0.252	0.186	0.164	0.166	0.095	0.102	0.110	0.103	0.185	0.152	0.150	0.121	0.166	0.203	0.160	0.182	0.098	0.102	0.103	0.101	0.180	0.156	0.151	0.124	0.189	0.192	0.156	0.185	0.095	0.102	0.096	0.108	0.177	0.162	0.162	0.123	0.167	0.194	0.152	0.182	0.098	0.099	0.109	0.104	0.188	0.164	0.158	0.122	0.167	0.199	0.155	0.185	0.096	0.104	0.103	0.104	0.184	0.149	0.160	0.121	0.163	0.202	0.159	0.178	0.097	0.098	0.104	0.102	0.186	0.157	0.150	0.129	0.167	0.188	0.158	0.178	0.100	0.107	0.106	0.099	0.181	0.174	0.159	0.123	0.165	0.105	0.155	0.166	0.094	0.106	0.107	0.107
2:26:43	0.176	0.161	0.155	0.122	0.256	0.196	0.149	0.177	0.095	0.102	0.110	0.103	0.191	0.157	0.155	0.121	0.173	0.213	0.167	0.187	0.098	0.102	0.103	0.101	0.188	0.157	0.165	0.126	0.197	0.198	0.159	0.192	0.095	0.101	0.096	0.108	0.182	0.159	0.157	0.125	0.172	0.205	0.160	0.188	0.098	0.098	0.109	0.104	0.191	0.171	0.165	0.124	0.174	0.206	0.160	0.192	0.096	0.104	0.103	0.104	0.189	0.151	0.172	0.128	0.168	0.210	0.162	0.184	0.096	0.098	0.103	0.102	0.193	0.173	0.155	0.132	0.173	0.194	0.165	0.184	0.102	0.107	0.105	0.098	0.187	0.179	0.159	0.125	0.165	0.105	0.157	0.172	0.094	0.106	0.106	0.107
2:36:43	0.184	0.162	0.157	0.125	0.262	0.205	0.151	0.180	0.095	0.102	0.110	0.103	0.200	0.160	0.160	0.123	0.176	0.225	0.171	0.198	0.098	0.102	0.103	0.101	0.196	0.160	0.184	0.127	0.215	0.207	0.167	0.202	0.095	0.101	0.096	0.108	0.191	0.164	0.160	0.127	0.178	0.216	0.161	0.196	0.098	0.098	0.109	0.104	0.203	0.163	0.170	0.127	0.181	0.216	0.165	0.198	0.096	0.103	0.103	0.104	0.201	0.157	0.186	0.128	0.174	0.221	0.168	0.192	0.098	0.098	0.104	0.102	0.204	0.179	0.160	0.132	0.179	0.200	0.168	0.192	0.099	0.106	0.105	0.099	0.197	0.170	0.166	0.127	0.173	0.107	0.164	0.178	0.093	0.106	0.106	0.107
2:46:43	0.193	0.166	0.161	0.127	0.266	0.215	0.156	0.201	0.095	0.102	0.110	0.103	0.209	0.167	0.166	0.126	0.185	0.235	0.176	0.206	0.098	0.102	0.103	0.101	0.204	0.164	0.185	0.130	0.204	0.216	0.172	0.210	0.096	0.101	0.096	0.108	0.201	0.172	0.164	0.132	0.182	0.228	0.177	0.205	0.098	0.099	0.109	0.104	0.211	0.171	0.175	0.128	0.187	0.228	0.171	0.207	0.096	0.104	0.103	0.105	0.208	0.161	0.170	0.132	0.180	0.231	0.174	0.201	0.104	0.098	0.104	0.102	0.211	0.165	0.162	0.137	0.184	0.211	0.174	0.200	0.100	0.107	0.105	0.099	0.204	0.186	0.176	0.130	0.178	0.108	0.171	0.185	0.094	0.106	0.106	0.107
2:56:43	0.203	0.173	0.174	0.129	0.276	0.223	0.162	0.195	0.095	0.102	0.110	0.103	0.219	0.175	0.171	0.130	0.194	0.247	0.182	0.218	0.098	0.102	0.103	0.101	0.219	0.172	0.199	0.133	0.201	0.227	0.176	0.222	0.095	0.102	0.096	0.108	0.210	0.176	0.171	0.134	0.193	0.240	0.170	0.217	0.098	0.098	0.109	0.104	0.219	0.176	0.180	0.133	0.194	0.239	0.177	0.219	0.096	0.104	0.103	0.104	0.213	0.166	0.198	0.133	0.187	0.239	0.180	0.209	0.097	0.098	0.104	0.102	0.222	0.171	0.168	0.138	0.194	0.222	0.179	0.207	0.100	0.107	0.106	0.099	0.214	0.181	0.194	0.133	0.189	0.109	0.177	0.194	0.094	0.106	0.106	0.108
3:06:43	0.212	0.188	0.171	0.132	0.283	0.234	0.171	0.203	0.095	0.102	0.110	0.103	0.232	0.183	0.179	0.132	0.206	0.260	0.187	0.227	0.098	0.102	0.104	0.102	0.227	0.178	0.200	0.135	0.212	0.238	0.184	0.234	0.095	0.102	0.096	0.108	0.221	0.184	0.174	0.138	0.203	0.253	0.178	0.229	0.098	0.099	0.109	0.104	0.230	0.182	0.187	0.137	0.203	0.253	0.185	0.228	0.097	0.104	0.104	0.105	0.225	0.176	0.184	0.137	0.196	0.251	0.188	0.222	0.104	0.098	0.104	0.102	0.232	0.190	0.177	0.141	0.204	0.232	0.187	0.218	0.100	0.107	0.106	0.099	0.222	0.186	0.206	0.137	0.195	0.111	0.183	0.203	0.094	0.106	0.107	0.108
3:16:43	0.220	0.203	0.166	0.134	0.292	0.247	0.178	0.213	0.095	0.102	0.110	0.103	0.241	0.190	0.187	0.136	0.214	0.274	0.196	0.238	0.098	0.102	0.103	0.101	0.241	0.185	0.182	0.139	0.222	0.251	0.194	0.246	0.095	0.101	0.096	0.108	0.232	0.190	0.180	0.140	0.212	0.265	0.183	0.241	0.098	0.098	0.109	0.104	0.238	0.188	0.193	0.141	0.214	0.263	0.193	0.240	0.096	0.104	0.103	0.104	0.234	0.180	0.186	0.141	0.205	0.261	0.195	0.230	0.097	0.098	0.104	0.102	0.241	0.184	0.179	0.143	0.209	0.241	0.191	0.226	0.100	0.107	0.105	0.099	0.233	0.192	0.194	0.139	0.204	0.112	0.192	0.212	0.094	0.106	0.106	0.107
3:26:43	0.231	0.213	0.163	0.136	0.300	0.260	0.185	0.223	0.095	0.102	0.110	0.103	0.254	0.198	0.196	0.140	0.222	0.288	0.204	0.251	0.098	0.102	0.103	0.101	0.252	0.197	0.189	0.143	0.230	0.263	0.204	0.258	0.095	0.102	0.096	0.108	0.241	0.201	0.191	0.143	0.222	0.277	0.191	0.253	0.098	0.098	0.109	0.104	0.250	0.197	0.201	0.144	0.223	0.274	0.200	0.252	0.096	0.104	0.103	0.104	0.243	0.189	0.193	0.142	0.214	0.273	0.202	0.244	0.097	0.098	0.103	0.102	0.249	0.194	0.185	0.152	0.219	0.256	0.200	0.239	0.099	0.107	0.105	0.099	0.241	0.199	0.202	0.141	0.213	0.113	0.198	0.225	0.094	0.106	0.107	0.107
3:36:43	0.242	0.214	0.169	0.138	0.310	0.274	0.193	0.232	0.095	0.102	0.110	0.103	0.268	0.207	0.204	0.145	0.236	0.302	0.215	0.265	0.098	0.102	0.103	0.101	0.267	0.206	0.199	0.146	0.238	0.278	0.212	0.270	0.095	0.101	0.096	0.108	0.253	0.210	0.197	0.146	0.233	0.293	0.199	0.265	0.098	0.099	0.109	0.104	0.263	0.204	0.213	0.149	0.235	0.287	0.210	0.262	0.096	0.104	0.103	0.104	0.253	0.198	0.204	0.145	0.225	0.285	0.210	0.251	0.096	0.098	0.103	0.102	0.261	0.201	0.192	0.155	0.230	0.266	0.209	0.249	0.100	0.107	0.105	0.099	0.254	0.207	0.212	0.146	0.221	0.114	0.206	0.232	0.094	0.106	0.106	0.107
3:46:43	0.257	0.226	0.174	0.140	0.321	0.292	0.203	0.242	0.095	0.102	0.110	0.103	0.283	0.216	0.213	0.149	0.249	0.320	0.226	0.280	0.098	0.102	0.103	0.101	0.282	0.215	0.207	0.152	0.250	0.292	0.223	0.284	0.095	0.101	0.096	0.108	0.269	0.220	0.206	0.152	0.241	0.307	0.207	0.277	0.098	0.099	0.109	0.104	0.275	0.214	0.220	0.158	0.244	0.304	0.219	0.276	0.097	0.104	0.103	0.104	0.267	0.207	0.212	0.150	0.239	0.298	0.221	0.264	0.105	0.098	0.103	0.102	0.275	0.209	0.200	0.154	0.242	0.278	0.220	0.262	0.100	0.106	0.106	0.099	0.268	0.215	0.220	0.149	0.233	0.116	0.215	0.243	0.094	0.106	0.106	0.107
3:56:43	0.272	0.229	0.184	0.144	0.333	0.310	0.214	0.255	0.095	0.102	0.110	0.103	0.300	0.226	0.222	0.155	0.261	0.339	0.237	0.295	0.098	0.102	0.103	0.101	0.298	0.226	0.217	0.160	0.260	0.312	0.235	0.300	0.095	0.102	0.096	0.108	0.282	0.230	0.218	0.157	0.256	0.326	0.215	0.292	0.098	0.098	0.109	0.104	0.288	0.223	0.231	0.161	0.255	0.319	0.231	0.288	0.096	0.104	0.103	0.104	0.283	0.216	0.224	0.152	0.248	0.316	0.234	0.277	0.096	0.098	0.104	0.102	0.289	0.219	0.209	0.158	0.253	0.291	0.231	0.273	0.100	0.107	0.106	0.099	0.280	0.222	0.229	0.154	0.245	0.118	0.227	0.254	0.094	0.106	0.106	0.107
4:06:43	0.288	0.219	0.193	0.148	0.342	0.330	0.223	0.269	0.094	0.102	0.110	0.103	0.315	0.239	0.233	0.158	0.274	0.354	0.250	0.310	0.098	0.102	0.103	0.101	0.315	0.238	0.227	0.167	0.276	0.331	0.247	0.312	0.095	0.101	0.096	0.107	0.299	0.242	0.224	0.163	0.270	0.339	0.226	0.307	0.098	0.098	0.109	0.104	0.307	0.234	0.239	0.163	0.267	0.336	0.241	0.303	0.096	0.103	0.103	0.104	0.302	0.228	0.232	0.158	0.258	0.334	0.245	0.292	0.096	0.098	0.103	0.102	0.308	0.228	0.219	0.163	0.263	0.304	0.241	0.284	0.099	0.106	0.106	0.098	0.299	0.234	0.239	0.159	0.254	0.120	0.236	0.266	0.094	0.106	0.106	0.107
4:16:43	0.300	0.226	0.201	0.150	0.355	0.349	0.235	0.286	0.094	0.102	0.110	0.102	0.331	0.250	0.245	0.165	0.289	0.371	0.265	0.330	0.098	0.101	0.103	0.101	0.328	0.251	0.237	0.167	0.290	0.345	0.260	0.334	0.095	0.101	0.096	0.108	0.316	0.254	0.236	0.168	0.282	0.358	0.234	0.326	0.098	0.098	0.109	0.104	0.327	0.245	0.250	0.166	0.279	0.352	0.252	0.319	0.096	0.103	0.103	0.104	0.322	0.237	0.245	0.162	0.270	0.351	0.256	0.309	0.096	0.098	0.103	0.102	0.324	0.238	0.229	0.168	0.276	0.324	0.252	0.298	0.099	0.106	0.105	0.098	0.316	0.244	0.250	0.163	0.267	0.122	0.247	0.282	0.093	0.106	0.106	0.107
4:26:43	0.318	0.239	0.210	0.155	0.369	0.364	0.249	0.302	0.095	0.102	0.110	0.102	0.350	0.265	0.257	0.172	0.305	0.388	0.281	0.344	0.098	0.101	0.103	0.101	0.342	0.266	0.250	0.173	0.308	0.361	0.274	0.352	0.095	0.101	0.096	0.108	0.330	0.266	0.247	0.175	0.295	0.371	0.245	0.343	0.098	0.098	0.109	0.104	0.347	0.258	0.262	0.173	0.294	0.366	0.264	0.336	0.096	0.103	0.103	0.104	0.338	0.249	0.254	0.167	0.284	0.367	0.267	0.327	0.096	0.098	0.104	0.102	0.344	0.248	0.239	0.173	0.290	0.336	0.262	0.316	0.099	0.106	0.105	0.098	0.335	0.257	0.261	0.170	0.280	0.124	0.259	0.295	0.094	0.106	0.106	0.107
4:36:43	0.338	0.252	0.221	0.159	0.383	0.381	0.264	0.324	0.094	0.102	0.110	0.103	0.362	0.278	0.271	0.179	0.318	0.408	0.292	0.361	0.098	0.102	0.103	0.101	0.356	0.277	0.263	0.178	0.326	0.376	0.290	0.367	0.095	0.101	0.096	0.108	0.348	0.278	0.259	0.184	0.312	0.390	0.257	0.360	0.098	0.098	0.109	0.104	0.361	0.272	0.274	0.179	0.307	0.386	0.277	0.352	0.096	0.104	0.103	0.104	0.355	0.260	0.268	0.173	0.299	0.384	0.276	0.346	0.096	0.098	0.104	0.102	0.363	0.260	0.252	0.179	0.305	0.355	0.275	0.335	0.099	0.106	0.105	0.098	0.352	0.268	0.274	0.176	0.298	0.127	0.271	0.313	0.094	0.106	0.106	0.107
4:46:43	0.353	0.264	0.231	0.164	0.400	0.401	0.278	0.342	0.094	0.102	0.110	0.103	0.385	0.293	0.285	0.187	0.337	0.427	0.310	0.379	0.098	0.102	0.103	0.101	0.374	0.292	0.281	0.186	0.346	0.394	0.308	0.382	0.095	0.101	0.096	0.108	0.364	0.292	0.272	0.191	0.325	0.406	0.269	0.378	0.098	0.098	0.109	0.104	0.380	0.284	0.286	0.186	0.322	0.409	0.292	0.367	0.096	0.103	0.103	0.104	0.378	0.276	0.280	0.180	0.318	0.402	0.291	0.360	0.096	0.098	0.103	0.102	0.381	0.273	0.262	0.186	0.323	0.371	0.289	0.349	0.099	0.106	0.105	0.099	0.369	0.282	0.285	0.181	0.313	0.130	0.284	0.329	0.093	0.105	0.106	0.107
4:56:43	0.366	0.282	0.241	0.170	0.420	0.421	0.289	0.359	0.094	0.102	0.110	0.103	0.400	0.309	0.302	0.195	0.351	0.451	0.323	0.396	0.098	0.102	0.103	0.101	0.395	0.306	0.297	0.195	0.365	0.417	0.324	0.399	0.095	0.101	0.096	0.108	0.385	0.306	0.286	0.198	0.340	0.431	0.287	0.393	0.098	0.098	0.109	0.104	0.401	0.300	0.301	0.195	0.337	0.428	0.308	0.385	0.096	0.104	0.103	0.104	0.396	0.294	0.296	0.188	0.329	0.424	0.306	0.381	0.096	0.098	0.104	0.102	0.400	0.289	0.274	0.193	0.338	0.387	0.306	0.368	0.099	0.106	0.105	0.098	0.385	0.297	0.299	0.187	0.326	0.134	0.301	0.346	0.094	0.106	0.106	0.107
5:06:43	0.387	0.302	0.255	0.176	0.434	0.440	0.309	0.379	0.094	0.101	0.110	0.102	0.424	0.325	0.318	0.203	0.368	0.474	0.339	0.417	0.098	0.101	0.103	0.101	0.417	0.325	0.313	0.202	0.380	0.437	0.339	0.423	0.095	0.101	0.096	0.108	0.404	0.329	0.300	0.209	0.357	0.449	0.304	0.405	0.098	0.098	0.109	0.104	0.422	0.313	0.315	0.200	0.355	0.450	0.325	0.407	0.096	0.103	0.103	0.104	0.419	0.306	0.312	0.195	0.345	0.440	0.321	0.401	0.096	0.098	0.103	0.102	0.423	0.308	0.284	0.199	0.353	0.407	0.322	0.386	0.099	0.106	0.105	0.098	0.403	0.315	0.317	0.194	0.341	0.138	0.318	0.359	0.093	0.105	0.106	0.107
5:16:43	0.409	0.322	0.269	0.183	0.450	0.462	0.320	0.392	0.094	0.101	0.110	0.103	0.448	0.342	0.331	0.212	0.388	0.497	0.355	0.441	0.098	0.101	0.103	0.101	0.444	0.338	0.327	0.211	0.399	0.461	0.356	0.446	0.095	0.101	0.096	0.108	0.425	0.346	0.315	0.217	0.374	0.477	0.320	0.428	0.098	0.098	0.109	0.104	0.445	0.323	0.330	0.212	0.373	0.476	0.342	0.426	0.096	0.103	0.103	0.104	0.441	0.320	0.325	0.204	0.357	0.467	0.337	0.422	0.096	0.098	0.103	0.102	0.445	0.328	0.298	0.209	0.368	0.430	0.341	0.408	0.099	0.106	0.105	0.098	0.430	0.332	0.334	0.202	0.357	0.140	0.331	0.381	0.094	0.105	0.106	0.107
5:26:43	0.428	0.333	0.283	0.191	0.468	0.485	0.337	0.410	0.094	0.102	0.110	0.103	0.468	0.356	0.348	0.222	0.410	0.522	0.370	0.463	0.098	0.101	0.103	0.101	0.465	0.356	0.346	0.222	0.422	0.485	0.369	0.468	0.095	0.101	0.096	0.107	0.446	0.364	0.329	0.230	0.391	0.499	0.335	0.448	0.098	0.098	0.109	0.104	0.471	0.339	0.345	0.223	0.389	0.503	0.359	0.450	0.096	0.103	0.103	0.104	0.471	0.338	0.339	0.214	0.374	0.489	0.352	0.445	0.096	0.098	0.103	0.102	0.470	0.344	0.314	0.220	0.388	0.452	0.354	0.441	0.099	0.106	0.105	0.098	0.452	0.352	0.354	0.211	0.374	0.145	0.346	0.398	0.093	0.106	0.106	0.107
5:36:43	0.444	0.350	0.299	0.200	0.485	0.507	0.353	0.431	0.094	0.102	0.110	0.103	0.490	0.373	0.364	0.235	0.430	0.546	0.391	0.487	0.098	0.102	0.103	0.101	0.488	0.375	0.364	0.234	0.442	0.509	0.390	0.491	0.095	0.101	0.096	0.108	0.474	0.378	0.340	0.241	0.413	0.525	0.351	0.471	0.098	0.098	0.109	0.104	0.494	0.354	0.361	0.232	0.412	0.538	0.378	0.473	0.096	0.104	0.103	0.104	0.489	0.354	0.354	0.225	0.395	0.511	0.367	0.470	0.096	0.098	0.103	0.102	0.499	0.360	0.326	0.229	0.409	0.479	0.370	0.462	0.099	0.106	0.105	0.099	0.474	0.366	0.370	0.220	0.391	0.150	0.364	0.420	0.094	0.106	0.106	0.107
5:46:43	0.469	0.369	0.314	0.208	0.504	0.531	0.368	0.454	0.094	0.102	0.110	0.103	0.518	0.389	0.382	0.249	0.447	0.573	0.412	0.511	0.098	0.101	0.103	0.101	0.515	0.392	0.383	0.244	0.458	0.532	0.409	0.513	0.095	0.101	0.096	0.108	0.499	0.391	0.357	0.251	0.434	0.554	0.372	0.498	0.098	0.098	0.109	0.104	0.519	0.370	0.378	0.244	0.436	0.579	0.398	0.502	0.096	0.104	0.103	0.104	0.514	0.372	0.370	0.234	0.418	0.544	0.386	0.492	0.096	0.098	0.103	0.102	0.518	0.377	0.342	0.237	0.434	0.506	0.388	0.500	0.099	0.106	0.105	0.098	0.498	0.382	0.391	0.232	0.416	0.154	0.383	0.444	0.093	0.106	0.106	0.107
5:56:43	0.489	0.386	0.328	0.219	0.520	0.556	0.394	0.480	0.095	0.102	0.110	0.103	0.539	0.413	0.403	0.258	0.472	0.597	0.443	0.533	0.098	0.102	0.103	0.101	0.538	0.415	0.402	0.260	0.478	0.556	0.432	0.539	0.095	0.102	0.096	0.108	0.522	0.407	0.374	0.263	0.456	0.580	0.389	0.525	0.098	0.098	0.109	0.104	0.545	0.391	0.399	0.254	0.460	0.606	0.420	0.528	0.096	0.103	0.103	0.104	0.536	0.389	0.385	0.245	0.444	0.602	0.407	0.514	0.096	0.098	0.103	0.102	0.545	0.408	0.358	0.247	0.456	0.526	0.408	0.539	0.099	0.106	0.105	0.098	0.522	0.400	0.409	0.243	0.438	0.160	0.405	0.483	0.094	0.106	0.106	0.107
6:06:43	0.517	0.407	0.343	0.230	0.545	0.585	0.420	0.499	0.094	0.102	0.110	0.103	0.562	0.434	0.426	0.270	0.492	0.619	0.462	0.560	0.098	0.101	0.103	0.101	0.560	0.435	0.425	0.274	0.503	0.581	0.450	0.561	0.095	0.101	0.096	0.108	0.547	0.425	0.390	0.276	0.482	0.609	0.407	0.551	0.098	0.098	0.109	0.104	0.570	0.410	0.417	0.264	0.483	0.636	0.437	0.562	0.096	0.103	0.103	0.104	0.558	0.408	0.408	0.254	0.467	0.657	0.428	0.573	0.096	0.098	0.103	0.102	0.574	0.427	0.372	0.257	0.486	0.575	0.430	0.589	0.099	0.106	0.105	0.098	0.549	0.423	0.430	0.255	0.473	0.165	0.426	0.539	0.093	0.106	0.106	0.107
6:16:43	0.549	0.433	0.364	0.245	0.568	0.612	0.443	0.522	0.094	0.102	0.110	0.103	0.587	0.458	0.453	0.286	0.518	0.648	0.489	0.584	0.098	0.101	0.103	0.101	0.588	0.461	0.443	0.289	0.529	0.605	0.475	0.590	0.095	0.101	0.096	0.108	0.574	0.447	0.417	0.290	0.504	0.642	0.430	0.582	0.098	0.098	0.109	0.104	0.596	0.436	0.440	0.277	0.507	0.681	0.461	0.595	0.096	0.103	0.103	0.104	0.574	0.432	0.432	0.266	0.498	0.687	0.450	0.613	0.097	0.098	0.103	0.102	0.626	0.440	0.393	0.269	0.506	0.616	0.455	0.619	0.099	0.106	0.105	0.098	0.596	0.447	0.451	0.269	0.499	0.170	0.450	0.576	0.094	0.106	0.106	0.107
6:26:43	0.571	0.459	0.385	0.256	0.587	0.638	0.461	0.550	0.095	0.102	0.110	0.103	0.612	0.479	0.472	0.301	0.539	0.672	0.507	0.612	0.098	0.102	0.103	0.101	0.608	0.484	0.465	0.305	0.552	0.628	0.497	0.615	0.095	0.101	0.096	0.108	0.599	0.473	0.439	0.304	0.530	0.671	0.452	0.612	0.098	0.099	0.109	0.104	0.617	0.463	0.464	0.293	0.533	0.717	0.479	0.643	0.096	0.103	0.103	0.104	0.602	0.456	0.456	0.276	0.518	0.724	0.471	0.651	0.096	0.098	0.104	0.102	0.681	0.461	0.414	0.281	0.548	0.634	0.476	0.655	0.099	0.106	0.106	0.099	0.641	0.470	0.472	0.284	0.520	0.177	0.478	0.624	0.094	0.106	0.106	0.107
6:36:43	0.602	0.481	0.406	0.270	0.616	0.664	0.485	0.575	0.094	0.102	0.110	0.103	0.642	0.497	0.498	0.319	0.563	0.698	0.528	0.632	0.098	0.102	0.103	0.101	0.635	0.504	0.484	0.314	0.580	0.655	0.521	0.639	0.095	0.101	0.096	0.108	0.626	0.497	0.466	0.320	0.556	0.712	0.476	0.649	0.098	0.098	0.109	0.104	0.646	0.488	0.489	0.307	0.557	0.743	0.505	0.680	0.096	0.103	0.103	0.104	0.636	0.478	0.480	0.291	0.560	0.785	0.496	0.701	0.103	0.098	0.104	0.102	0.718	0.484	0.439	0.298	0.579	0.684	0.526	0.692	0.099	0.106	0.105	0.098	0.656	0.492	0.495	0.300	0.595	0.184	0.512	0.664	0.093	0.106	0.106	0.107
6:46:43	0.628	0.505	0.428	0.284	0.641	0.685	0.505	0.601	0.095	0.102	0.110	0.103	0.666	0.522	0.520	0.332	0.592	0.717	0.552	0.657	0.098	0.102	0.103	0.101	0.660	0.530	0.511	0.331	0.605	0.681	0.546	0.668	0.095	0.101	0.096	0.108	0.650	0.526	0.492	0.333	0.589	0.739	0.500	0.683	0.098	0.098	0.109	0.104	0.680	0.516	0.516	0.322	0.589	0.782	0.534	0.724	0.096	0.103	0.103	0.104	0.666	0.496	0.503	0.305	0.598	0.813	0.532	0.736	0.104	0.098	0.103	0.102	0.734	0.507	0.463	0.312	0.607	0.734	0.564	0.725	0.100	0.106	0.105	0.098	0.689	0.559	0.521	0.318	0.589	0.192	0.552	0.683	0.094	0.106	0.106	0.107
6:56:43	0.651	0.531	0.450	0.300	0.663	0.707	0.527	0.628	0.094	0.102	0.110	0.103	0.691	0.545	0.543	0.349	0.616	0.734	0.573	0.678	0.098	0.102	0.103	0.101	0.683	0.550	0.530	0.347	0.632	0.707	0.568	0.696	0.095	0.101	0.096	0.108	0.674	0.552	0.515	0.350	0.613	0.756	0.527	0.703	0.098	0.098	0.109	0.104	0.712	0.538	0.544	0.338	0.620	0.804	0.569	0.766	0.096	0.103	0.103	0.104	0.700	0.520	0.531	0.318	0.625	0.844	0.565	0.771	0.096	0.098	0.103	0.102	0.780	0.531	0.496	0.326	0.661	0.787	0.620	0.774	0.100	0.106	0.105	0.098	0.737	0.613	0.549	0.334	0.672	0.199	0.595	0.716	0.094	0.106	0.106	0.107
7:06:43	0.673	0.551	0.472	0.316	0.689	0.720	0.551	0.649	0.095	0.102	0.110	0.103	0.711	0.572	0.565	0.367	0.636	0.744	0.598	0.698	0.098	0.102	0.103	0.101	0.706	0.574	0.558	0.367	0.652	0.723	0.594	0.713	0.095	0.101	0.096	0.108	0.691	0.575	0.542	0.367	0.647	0.784	0.548	0.736	0.098	0.098	0.109	0.104	0.733	0.571	0.578	0.352	0.652	0.844	0.600	0.801	0.096	0.103	0.103	0.104	0.744	0.544	0.562	0.332	0.656	0.874	0.617	0.800	0.096	0.098	0.103	0.102	0.819	0.551	0.522	0.338	0.679	0.851	0.657	0.804	0.099	0.106	0.105	0.098	0.781	0.645	0.609	0.349	0.712	0.208	0.631	0.746	0.093	0.106	0.106	0.107
7:16:43	0.700	0.576	0.493	0.332	0.710	0.732	0.576	0.671	0.095	0.102	0.110	0.103	0.730	0.599	0.588	0.389	0.659	0.756	0.622	0.715	0.098	0.101	0.103	0.101	0.726	0.603	0.586	0.384	0.678	0.745	0.619	0.737	0.095	0.101	0.096	0.108	0.710	0.603	0.565	0.385	0.677	0.799	0.573	0.757	0.098	0.098	0.109	0.104	0.762	0.600	0.606	0.370	0.679	0.879	0.630	0.826	0.096	0.103	0.103	0.104	0.782	0.572	0.591	0.348	0.699	0.894	0.662	0.849	0.096	0.098	0.103	0.102	0.850	0.578	0.555	0.355	0.749	0.907	0.685	0.849	0.099	0.106	0.105	0.098	0.826	0.682	0.653	0.364	0.742	0.219	0.698	0.800	0.094	0.105	0.106	0.107
7:26:43	0.721	0.604	0.514	0.350	0.734	0.745	0.599	0.687	0.095	0.102	0.110	0.103	0.746	0.623	0.611	0.409	0.678	0.766	0.645	0.724	0.098	0.102	0.103	0.101	0.742	0.630	0.611	0.405	0.706	0.764	0.646	0.752	0.095	0.102	0.096	0.108	0.730	0.630	0.591	0.402	0.709	0.817	0.597	0.778	0.098	0.099	0.109	0.104	0.786	0.629	0.643	0.392	0.712	0.904	0.668	0.856	0.096	0.103	0.103	0.104	0.806	0.599	0.631	0.365	0.749	0.921	0.697	0.874	0.096	0.098	0.104	0.102	0.871	0.604	0.585	0.374	0.800	0.946	0.736	0.874	0.099	0.106	0.105	0.099	0.855	0.703	0.711	0.384	0.781	0.228	0.736	0.844	0.094	0.106	0.106	0.107
7:36:43	0.739	0.627	0.537	0.369	0.754	0.751	0.624	0.704	0.095	0.102	0.110	0.103	0.759	0.648	0.633	0.428	0.691	0.775	0.664	0.737	0.098	0.102	0.103	0.101	0.753	0.653	0.639	0.430	0.729	0.787	0.669	0.783	0.095	0.101	0.096	0.108	0.745	0.659	0.619	0.423	0.734	0.845	0.614	0.808	0.098	0.098	0.109	0.104	0.814	0.656	0.674	0.410	0.764	0.927	0.700	0.910	0.096	0.103	0.103	0.104	0.842	0.627	0.668	0.387	0.785	0.945	0.752	0.909	0.096	0.098	0.103	0.102	0.906	0.638	0.628	0.392	0.844	0.985	0.788	0.917	0.099	0.106	0.105	0.099	0.883	0.753	0.759	0.415	0.809	0.238	0.779	0.878	0.094	0.105	0.106	0.107
7:46:43	0.743	0.652	0.561	0.386	0.770	0.763	0.645	0.717	0.095	0.102	0.110	0.103	0.772	0.673	0.654	0.450	0.705	0.786	0.679	0.748	0.098	0.101	0.103	0.101	0.769	0.675	0.662	0.453	0.745	0.801	0.695	0.796	0.095	0.101	0.096	0.108	0.761	0.684	0.640	0.444	0.767	0.851	0.638	0.826	0.098	0.098	0.109	0.104	0.837	0.693	0.701	0.434	0.796	0.938	0.734	0.928	0.096	0.103	0.103	0.104	0.870	0.655	0.705	0.408	0.823	0.959	0.800	0.927	0.096	0.098	0.103	0.102	0.919	0.655	0.651	0.416	0.877	1.006	0.819	0.923	0.099	0.106	0.105	0.098	0.906	0.768	0.798	0.431	0.848	0.248	0.780	0.902	0.094	0.105	0.106	0.107
7:56:43	0.762	0.669	0.585	0.405	0.785	0.771	0.664	0.726	0.095	0.102	0.110	0.103	0.784	0.691	0.673	0.475	0.715	0.795	0.699	0.761	0.098	0.102	0.103	0.101	0.786	0.694	0.680	0.473	0.755	0.818	0.710	0.815	0.095	0.101	0.096	0.108	0.780	0.707	0.666	0.462	0.790	0.882	0.657	0.853	0.098	0.098	0.109	0.104	0.855	0.716	0.734	0.449	0.815	0.968	0.759	0.962	0.096	0.103	0.103	0.104	0.899	0.680	0.731	0.429	0.864	0.979	0.812	0.966	0.096	0.098	0.104	0.102	0.946	0.690	0.714	0.435	0.909	1.031	0.840	0.963	0.099	0.106	0.105	0.098	0.927	0.801	0.836	0.469	0.879	0.262	0.833	0.939	0.094	0.106	0.106	0.107
8:06:43	0.776	0.693	0.609	0.424	0.797	0.777	0.680	0.739	0.094	0.102	0.110	0.102	0.797	0.708	0.689	0.494	0.728	0.799	0.710	0.770	0.098	0.101	0.103	0.101	0.794	0.713	0.703	0.496	0.772	0.836	0.732	0.830	0.095	0.101	0.096	0.108	0.789	0.741	0.687	0.486	0.812	0.884	0.679	0.869	0.098	0.098	0.109	0.104	0.890	0.750	0.766	0.473	0.838	0.980	0.797	0.983	0.095	0.103	0.103	0.104	0.933	0.703	0.764	0.455	0.918	1.002	0.845	0.977	0.096	0.098	0.103	0.102	0.966	0.716	0.757	0.461	0.939	1.044	0.883	0.986	0.099	0.106	0.105	0.098	0.943	0.834	0.869	0.498	0.909	0.277	0.858	0.958	0.093	0.105	0.106	0.107
8:16:43	0.784	0.709	0.636	0.444	0.805	0.784	0.695	0.748	0.095	0.102	0.110	0.103	0.805	0.723	0.702	0.512	0.741	0.814	0.720	0.779	0.098	0.102	0.103	0.101	0.805	0.729	0.719	0.514	0.787	0.859	0.758	0.843	0.095	0.101	0.096	0.108	0.804	0.764	0.701	0.512	0.832	0.901	0.696	0.883	0.098	0.098	0.109	0.104	0.897	0.779	0.774	0.498	0.859	0.990	0.830	1.003	0.096	0.103	0.103	0.104	0.946	0.724	0.786	0.479	0.954	1.011	0.875	0.992	0.104	0.098	0.103	0.102	0.973	0.723	0.785	0.488	0.964	1.065	0.899	0.993	0.099	0.106	0.105	0.098	0.963	0.865	0.865	0.507	0.935	0.293	0.872	0.970	0.093	0.105	0.106	0.107
8:26:43	0.796	0.724	0.657	0.467	0.816	0.790	0.706	0.755	0.095	0.102	0.110	0.103	0.816	0.737	0.718	0.538	0.750	0.825	0.733	0.786	0.097	0.101	0.103	0.101	0.826	0.750	0.735	0.536	0.809	0.870	0.774	0.868	0.095	0.101	0.096	0.108	0.825	0.781	0.730	0.537	0.861	0.925	0.711	0.915	0.098	0.098	0.109	0.104	0.926	0.804	0.794	0.522	0.890	1.015	0.862	1.033	0.095	0.103	0.103	0.104	0.957	0.747	0.823	0.511	0.976	1.029	0.910	1.020	0.098	0.098	0.103	0.102	1.002	0.757	0.814	0.518	1.002	1.092	0.929	1.028	0.099	0.106	0.105	0.099	0.965	0.898	0.916	0.532	0.955	0.306	0.906	0.994	0.093	0.106	0.106	0.107
8:36:43	0.803	0.742	0.680	0.488	0.821	0.799	0.714	0.764	0.095	0.102	0.110	0.102	0.826	0.748	0.727	0.559	0.758	0.835	0.744	0.793	0.098	0.101	0.103	0.101	0.841	0.764	0.751	0.559	0.820	0.882	0.797	0.880	0.095	0.101	0.096	0.108	0.846	0.810	0.751	0.559	0.882	0.946	0.728	0.930	0.098	0.098	0.109	0.104	0.940	0.835	0.831	0.550	0.924	1.029	0.889	1.065	0.096	0.103	0.103	0.104	0.973	0.778	0.838	0.533	0.987	1.049	0.936	1.038	0.096	0.098	0.103	0.102	1.012	0.780	0.849	0.547	1.028	1.111	0.949	1.062	0.099	0.106	0.105	0.098	0.985	0.932	0.960	0.563	0.974	0.321	0.944	1.019	0.093	0.106	0.106	0.107
8:46:43	0.812	0.752	0.693	0.512	0.831	0.806	0.724	0.772	0.095	0.102	0.110	0.103	0.836	0.760	0.739	0.583	0.766	0.845	0.756	0.802	0.097	0.101	0.103	0.101	0.847	0.783	0.765	0.585	0.839	0.891	0.811	0.896	0.095	0.101	0.096	0.108	0.856	0.828	0.764	0.588	0.902	0.964	0.742	0.944	0.098	0.098	0.109	0.104	0.946	0.850	0.857	0.575	0.938	1.037	0.901	1.071	0.095	0.103	0.103	0.104	0.978	0.803	0.853	0.562	0.997	1.054	0.972	1.041	0.096	0.098	0.103	0.102	1.020	0.807	0.876	0.578	1.025	1.124	0.966	1.073	0.099	0.106	0.105	0.099	0.984	0.954	0.984	0.596	0.986	0.337	0.960	1.032	0.094	0.106	0.106	0.107
8:56:43	0.815	0.762	0.711	0.534	0.838	0.809	0.737	0.779	0.094	0.102	0.109	0.103	0.841	0.772	0.750	0.607	0.777	0.855	0.763	0.811	0.097	0.101	0.103	0.101	0.853	0.797	0.778	0.608	0.847	0.899	0.826	0.908	0.095	0.101	0.096	0.108	0.868	0.850	0.775	0.612	0.915	0.974	0.753	0.959	0.098	0.098	0.109	0.104	0.961	0.878	0.874	0.600	0.955	1.049	0.930	1.084	0.095	0.103	0.103	0.104	0.984	0.822	0.880	0.597	1.007	1.069	0.976	1.057	0.098	0.098	0.103	0.102	1.031	0.832	0.890	0.612	1.032	1.130	0.974	1.087	0.099	0.106	0.105	0.098	0.990	0.969	1.003	0.641	0.998	0.353	0.969	1.052	0.094	0.106	0.106	0.107
9:06:43	0.821	0.774	0.722	0.558	0.843	0.811	0.742	0.784	0.094	0.102	0.109	0.103	0.852	0.780	0.759	0.632	0.785	0.864	0.775	0.815	0.097	0.101	0.103	0.101	0.866	0.814	0.794	0.633	0.863	0.916	0.844	0.924	0.095	0.101	0.096	0.108	0.878	0.870	0.794	0.642	0.939	0.994	0.762	0.986	0.098	0.098	0.109	0.104	0.971	0.898	0.890	0.633	0.973	1.078	0.957	1.111	0.096	0.103	0.103	0.104	0.991	0.847	0.910	0.626	1.054	1.096	1.006	1.083	0.096	0.098	0.103	0.102	1.046	0.861	0.922	0.642	1.064	1.153	1.013	1.103	0.099	0.106	0.105	0.098	1.001	0.986	0.960	0.673	1.018	0.370	1.003	1.067	0.094	0.106	0.106	0.107
9:16:43	0.826	0.779	0.733	0.579	0.850	0.815	0.750	0.788	0.094	0.102	0.109	0.102	0.861	0.794	0.768	0.651	0.795	0.879	0.783	0.822	0.097	0.101	0.103	0.101	0.879	0.836	0.816	0.657	0.878	0.940	0.859	0.933	0.095	0.101	0.096	0.108	0.886	0.894	0.813	0.660	0.962	1.011	0.773	0.997	0.097	0.098	0.108	0.104	0.988	0.926	0.910	0.662	0.993	1.103	0.982	1.129	0.095	0.103	0.103	0.104	1.004	0.864	0.932	0.658	1.075	1.113	1.032	1.099	0.102	0.098	0.103	0.102	1.054	0.905	0.948	0.682	1.081	1.173	1.046	1.112	0.099	0.106	0.105	0.098	1.014	1.005	0.929	0.684	1.032	0.386	1.018	1.086	0.093	0.106	0.106	0.107
9:26:43	0.828	0.789	0.743	0.599	0.853	0.816	0.755	0.792	0.095	0.101	0.109	0.103	0.867	0.802	0.775	0.670	0.798	0.885	0.787	0.825	0.097	0.101	0.103	0.101	0.888	0.845	0.839	0.679	0.888	0.936	0.869	0.952	0.095	0.101	0.096	0.108	0.908	0.907	0.818	0.688	0.974	1.022	0.788	1.017	0.098	0.098	0.109	0.104	0.997	0.943	0.930	0.687	1.007	1.114	0.999	1.140	0.095	0.102	0.103	0.104	1.012	0.883	0.956	0.688	1.085	1.126	1.048	1.118	0.096	0.098	0.103	0.102	1.066	0.945	0.977	0.721	1.088	1.176	1.062	1.131	0.099	0.106	0.105	0.098	1.018	1.017	0.973	0.710	1.053	0.410	1.034	1.106	0.093	0.105	0.106	0.107
9:36:43	0.836	0.799	0.754	0.621	0.861	0.820	0.763	0.798	0.095	0.102	0.109	0.103	0.875	0.810	0.785	0.685	0.806	0.892	0.796	0.831	0.097	0.101	0.103	0.101	0.896	0.852	0.855	0.696	0.898	0.946	0.875	0.960	0.095	0.101	0.096	0.108	0.912	0.925	0.836	0.719	0.987	1.032	0.798	1.025	0.097	0.098	0.109	0.104	1.001	0.954	0.957	0.717	1.018	1.113	1.015	1.147	0.096	0.102	0.103	0.104	1.017	0.904	0.982	0.723	1.090	1.137	1.067	1.127	0.096	0.098	0.103	0.102	1.075	0.975	0.990	0.747	1.091	1.191	1.075	1.144	0.099	0.106	0.105	0.098	1.030	1.027	0.954	0.756	1.058	0.432	1.043	1.112	0.093	0.105	0.106	0.107
9:46:43	0.842	0.801	0.766	0.643	0.865	0.826	0.770	0.800	0.095	0.101	0.109	0.103	0.880	0.820	0.792	0.699	0.808	0.894	0.800	0.833	0.097	0.101	0.103	0.101	0.899	0.857	0.879	0.712	0.905	0.947	0.881	0.965	0.095	0.101	0.096	0.108	0.916	0.937	0.835	0.750	0.990	1.029	0.806	1.025	0.097	0.098	0.109	0.104	1.004	0.961	0.960	0.761	1.018	1.114	1.017	1.140	0.096	0.103	0.103	0.104	1.018	0.914	0.984	0.766	1.101	1.144	1.065	1.126	0.096	0.098	0.104	0.102	1.079	0.992	0.999	0.775	1.089	1.188	1.089	1.141	0.099	0.106	0.105	0.098	1.023	1.024	1.003	0.773	1.053	0.459	1.036	1.107	0.093	0.106	0.106	0.107
9:56:43	0.847	0.807	0.772	0.665	0.872	0.832	0.774	0.801	0.095	0.102	0.109	0.103	0.888	0.834	0.800	0.708	0.817	0.906	0.809	0.842	0.097	0.102	0.103	0.101	0.908	0.871	0.897	0.725	0.918	0.962	0.894	0.977	0.095	0.101	0.096	0.108	0.924	0.945	0.854	0.776	1.013	1.037	0.824	1.042	0.097	0.098	0.109	0.104	1.023	0.975	0.969	0.776	1.033	1.131	1.034	1.158	0.096	0.103	0.103	0.104	1.032	0.929	1.000	0.788	1.110	1.159	1.079	1.142	0.096	0.098	0.103	0.102	1.091	1.006	1.027	0.810	1.109	1.205	1.108	1.158	0.099	0.106	0.105	0.099	1.031	1.034	1.055	0.799	1.064	0.478	1.055	1.115	0.094	0.106	0.106	0.107
10:06:43	0.854	0.814	0.781	0.678	0.874	0.835	0.781	0.809	0.095	0.101	0.109	0.103	0.895	0.837	0.805	0.721	0.821	0.911	0.815	0.847	0.097	0.102	0.103	0.101	0.914	0.881	0.917	0.740	0.929	0.987	0.902	0.980	0.095	0.101	0.096	0.108	0.929	0.961	0.864	0.803	1.024	1.046	0.839	1.040	0.097	0.098	0.109	0.104	1.031	0.988	0.997	0.811	1.048	1.138	1.043	1.161	0.095	0.103	0.103	0.104	1.021	0.944	1.014	0.798	1.115	1.162	1.080	1.146	0.096	0.098	0.103	0.102	1.088	1.021	1.040	0.835	1.111	1.213	1.119	1.162	0.099	0.106	0.105	0.098	1.029	1.049	1.067	0.829	1.074	0.507	1.064	1.127	0.094	0.106	0.106	0.107
10:16:43	0.853	0.818	0.787	0.688	0.876	0.836	0.780	0.813	0.094	0.101	0.109	0.102	0.901	0.846	0.820	0.733	0.829	0.926	0.824	0.859	0.097	0.101	0.103	0.101	0.932	0.903	0.933	0.749	0.948	0.997	0.925	0.993	0.095	0.101	0.096	0.107	0.947	0.974	0.888	0.825	1.040	1.063	0.855	1.058	0.097	0.098	0.108	0.104	1.059	0.998	1.012	0.838	1.055	1.159	1.067	1.179	0.095	0.102	0.103	0.104	1.042	0.954	1.035	0.832	1.127	1.181	1.102	1.167	0.096	0.098	0.103	0.102	1.106	1.045	1.065	0.859	1.125	1.229	1.137	1.185	0.099	0.106	0.105	0.098	1.044	1.056	1.084	0.871	1.094	0.553	1.083	1.138	0.093	0.105	0.106	0.107
10:26:43	0.862	0.826	0.794	0.700	0.882	0.839	0.788	0.814	0.095	0.101	0.109	0.103	0.908	0.855	0.826	0.744	0.837	0.929	0.825	0.862	0.097	0.101	0.103	0.101	0.946	0.922	0.939	0.759	0.960	1.011	0.940	1.008	0.095	0.101	0.096	0.107	0.960	0.986	0.894	0.856	1.048	1.082	0.859	1.069	0.097	0.098	0.109	0.104	1.063	1.009	1.026	0.877	1.070	1.179	1.077	1.202	0.095	0.103	0.103	0.104	1.043	0.969	1.042	0.852	1.147	1.190	1.115	1.183	0.096	0.098	0.103	0.102	1.115	1.070	1.082	0.895	1.147	1.236	1.139	1.195	0.099	0.106	0.105	0.098	1.050	1.064	1.083	0.901	1.099	0.572	1.102	1.149	0.093	0.105	0.106	0.107
10:36:43	0.863	0.836	0.796	0.715	0.885	0.839	0.793	0.815	0.094	0.101	0.109	0.103	0.910	0.868	0.835	0.756	0.845	0.940	0.835	0.868	0.097	0.101	0.103	0.101	0.960	0.938	0.949	0.769	0.974	1.027	0.958	1.027	0.095	0.101	0.096	0.107	0.974	1.005	0.905	0.880	1.071	1.097	0.883	1.083	0.097	0.098	0.108	0.104	1.077	1.039	1.054	0.915	1.094	1.189	1.085	1.218	0.095	0.102	0.103	0.104	1.053	0.989	1.058	0.878	1.153	1.205	1.124	1.201	0.096	0.098	0.103	0.102	1.119	1.084	1.113	0.909	1.154	1.249	1.150	1.204	0.099	0.106	0.105	0.098	1.057	1.076	1.093	0.923	1.103	0.626	1.107	1.156	0.093	0.105	0.106	0.107
10:46:43	0.866	0.845	0.803	0.721	0.884	0.838	0.795	0.819	0.095	0.101	0.109	0.103	0.922	0.877	0.840	0.759	0.853	0.947	0.840	0.877	0.097	0.101	0.103	0.101	0.965	0.946	0.966	0.777	0.986	1.046	0.972	1.052	0.095	0.101	0.096	0.107	0.986	1.012	0.925	0.911	1.082	1.105	0.895	1.103	0.097	0.098	0.109	0.104	1.081	1.061	1.072	0.945	1.123	1.206	1.107	1.242	0.095	0.102	0.103	0.104	1.056	1.003	1.074	0.901	1.170	1.217	1.149	1.222	0.096	0.098	0.103	0.102	1.130	1.106	1.132	0.945	1.171	1.261	1.178	1.219	0.099	0.106	0.105	0.098	1.063	1.084	1.055	0.954	1.117	0.654	1.124	1.173	0.093	0.105	0.106	0.107
10:56:43	0.871	0.844	0.810	0.728	0.887	0.842	0.799	0.821	0.094	0.101	0.109	0.103	0.927	0.887	0.854	0.770	0.860	0.954	0.843	0.878	0.097	0.101	0.103	0.101	0.973	0.949	0.978	0.785	0.989	1.048	0.975	1.046	0.095	0.101	0.096	0.108	0.999	1.021	0.924	0.931	1.083	1.114	0.898	1.102	0.097	0.098	0.108	0.104	1.087	1.070	1.077	0.994	1.134	1.207	1.113	1.242	0.095	0.102	0.103	0.104	1.068	1.010	1.075	0.931	1.161	1.221	1.149	1.216	0.096	0.098	0.103	0.102	1.129	1.105	1.131	0.977	1.183	1.264	1.182	1.217	0.098	0.106	0.105	0.098	1.067	1.088	1.027	0.969	1.126	0.687	1.114	1.169	0.093	0.105	0.106	0.107
11:06:43	0.875	0.852	0.814	0.737	0.888	0.845	0.805	0.826	0.095	0.101	0.110	0.103	0.926	0.893	0.858	0.776	0.862	0.952	0.849	0.881	0.097	0.101	0.103	0.101	0.972	0.950	0.986	0.804	1.005	1.060	0.986	1.049	0.095	0.101	0.096	0.108	0.999	1.023	0.924	0.941	1.093	1.112	0.896	1.100	0.097	0.098	0.109	0.104	1.085	1.073	1.093	1.023	1.132	1.212	1.121	1.245	0.095	0.103	0.103	0.104	1.080	1.020	1.090	0.941	1.175	1.219	1.160	1.218	0.102	0.098	0.103	0.102	1.138	1.122	1.141	0.995	1.191	1.277	1.188	1.220	0.099	0.106	0.105	0.099	1.074	1.090	1.090	0.979	1.136	0.717	1.125	1.179	0.093	0.106	0.106	0.107
11:16:43	0.880	0.856	0.820	0.744	0.892	0.848	0.809	0.827	0.094	0.102	0.109	0.103	0.936	0.895	0.862	0.784	0.869	0.959	0.853	0.888	0.097	0.101	0.103	0.101	0.981	0.970	1.010	0.826	1.016	1.070	0.987	1.061	0.095	0.101	0.096	0.108	1.015	1.037	0.933	0.965	1.096	1.114	0.919	1.112	0.097	0.098	0.109	0.104	1.088	1.075	1.089	1.048	1.152	1.221	1.130	1.251	0.095	0.103	0.103	0.104	1.074	1.036	1.096	0.958	1.177	1.220	1.175	1.232	0.096	0.098	0.103	0.102	1.139	1.134	1.144	1.018	1.198	1.280	1.201	1.232	0.099	0.106	0.105	0.098	1.073	1.108	1.125	0.997	1.144	0.752	1.138	1.182	0.093	0.106	0.106	0.107
11:26:43	0.884	0.856	0.822	0.749	0.895	0.851	0.809	0.831	0.095	0.101	0.109	0.103	0.940	0.904	0.870	0.797	0.871	0.963	0.857	0.889	0.097	0.102	0.103	0.101	0.984	0.980	1.009	0.846	1.018	1.070	1.002	1.066	0.095	0.101	0.096	0.108	1.013	1.039	0.939	0.973	1.106	1.117	0.917	1.121	0.097	0.098	0.109	0.104	1.093	1.078	1.097	1.070	1.165	1.220	1.139	1.250	0.095	0.102	0.103	0.104	1.075	1.040	1.099	0.970	1.187	1.232	1.177	1.240	0.096	0.098	0.103	0.102	1.139	1.139	1.158	1.033	1.203	1.296	1.212	1.238	0.099	0.106	0.105	0.098	1.074	1.105	1.128	1.006	1.153	0.790	1.141	1.189	0.093	0.105	0.106	0.107
11:36:43	0.888	0.864	0.825	0.751	0.903	0.852	0.815	0.833	0.094	0.101	0.109	0.103	0.940	0.907	0.871	0.802	0.875	0.962	0.861	0.892	0.097	0.101	0.103	0.101	0.989	0.983	1.017	0.861	1.028	1.080	1.009	1.068	0.095	0.101	0.096	0.107	1.023	1.041	0.930	0.987	1.106	1.111	0.934	1.130	0.097	0.098	0.108	0.104	1.101	1.086	1.101	1.083	1.152	1.222	1.137	1.249	0.095	0.102	0.103	0.104	1.079	1.049	1.108	0.990	1.167	1.232	1.179	1.233	0.096	0.098	0.103	0.102	1.141	1.134	1.163	1.052	1.206	1.292	1.203	1.234	0.099	0.106	0.105	0.098	1.073	1.110	1.048	1.010	1.155	0.804	1.141	1.185	0.093	0.105	0.106	0.107
11:46:43	0.891	0.863	0.832	0.756	0.906	0.853	0.812	0.836	0.095	0.102	0.109	0.103	0.944	0.918	0.880	0.808	0.889	0.974	0.867	0.898	0.097	0.101	0.103	0.101	0.998	0.994	1.031	0.876	1.032	1.090	1.019	1.066	0.095	0.101	0.096	0.108	1.023	1.056	0.935	0.992	1.110	1.120	0.949	1.132	0.097	0.098	0.109	0.104	1.108	1.100	1.112	1.094	1.164	1.232	1.156	1.258	0.095	0.102	0.103	0.104	1.095	1.056	1.110	1.005	1.164	1.236	1.192	1.238	0.096	0.098	0.103	0.102	1.150	1.144	1.169	1.068	1.208	1.299	1.218	1.240	0.099	0.106	0.105	0.099	1.079	1.127	1.099	1.018	1.164	0.840	1.148	1.196	0.093	0.105	0.106	0.107
11:56:43	0.895	0.870	0.832	0.762	0.906	0.855	0.817	0.838	0.094	0.102	0.109	0.103	0.949	0.924	0.894	0.813	0.892	0.982	0.876	0.900	0.097	0.101	0.103	0.101	1.001	1.004	1.036	0.897	1.049	1.098	1.036	1.079	0.095	0.101	0.096	0.108	1.031	1.064	0.955	1.008	1.120	1.132	0.952	1.135	0.097	0.098	0.108	0.104	1.116	1.109	1.131	1.108	1.178	1.242	1.165	1.263	0.095	0.102	0.103	0.104	1.088	1.063	1.120	1.025	1.208	1.240	1.207	1.246	0.096	0.098	0.103	0.102	1.154	1.169	1.183	1.082	1.215	1.305	1.238	1.245	0.099	0.106	0.105	0.098	1.084	1.128	1.053	1.030	1.168	0.869	1.159	1.207	0.093	0.105	0.106	0.107
12:06:43	0.897	0.879	0.834	0.766	0.909	0.856	0.823	0.847	0.095	0.102	0.110	0.103	0.946	0.925	0.888	0.820	0.891	0.964	0.875	0.897	0.097	0.102	0.103	0.101	0.998	1.002	1.052	0.919	1.048	1.088	1.037	1.071	0.095	0.101	0.096	0.108	1.023	1.066	0.948	1.021	1.123	1.117	0.964	1.133	0.097	0.098	0.109	0.104	1.116	1.123	1.122	1.116	1.179	1.234	1.161	1.264	0.095	0.103	0.103	0.104	1.090	1.068	1.127	1.033	1.213	1.237	1.206	1.236	0.096	0.098	0.103	0.102	1.160	1.153	1.195	1.083	1.217	1.302	1.236	1.245	0.099	0.106	0.105	0.098	1.083	1.132	1.114	1.039	1.159	0.891	1.160	1.207	0.093	0.106	0.106	0.107
12:16:43	0.899	0.883	0.840	0.775	0.910	0.860	0.823	0.848	0.094	0.102	0.109	0.103	0.951	0.934	0.895	0.827	0.904	0.987	0.884	0.905	0.097	0.102	0.103	0.101	1.005	1.012	1.047	0.940	1.062	1.104	1.048	1.101	0.095	0.101	0.096	0.108	1.041	1.079	0.965	1.035	1.129	1.123	0.987	1.148	0.097	0.098	0.109	0.104	1.124	1.124	1.140	1.133	1.197	1.245	1.176	1.274	0.095	0.103	0.103	0.104	1.097	1.078	1.131	1.042	1.228	1.235	1.217	1.249	0.096	0.098	0.103	0.102	1.164	1.173	1.206	1.099	1.233	1.307	1.256	1.266	0.099	0.106	0.105	0.098	1.084	1.148	1.138	1.039	1.186	0.909	1.172	1.210	0.093	0.106	0.106	0.107
12:26:43	0.905	0.889	0.843	0.779	0.915	0.861	0.828	0.851	0.095	0.102	0.109	0.102	0.955	0.943	0.901	0.834	0.904	0.962	0.887	0.904	0.097	0.101	0.103	0.101	1.000	1.015	1.052	0.953	1.053	1.098	1.053	1.072	0.094	0.101	0.096	0.107	1.033	1.073	0.950	1.042	1.129	1.110	0.989	1.143	0.097	0.098	0.108	0.104	1.121	1.126	1.151	1.144	1.181	1.234	1.171	1.266	0.095	0.102	0.103	0.104	1.097	1.087	1.140	1.052	1.220	1.238	1.219	1.243	0.096	0.098	0.103	0.102	1.158	1.171	1.198	1.108	1.229	1.305	1.251	1.262	0.098	0.106	0.105	0.098	1.083	1.145	1.149	1.047	1.187	0.929	1.171	1.204	0.093	0.105	0.106	0.107
12:36:43	0.909	0.894	0.847	0.780	0.919	0.862	0.827	0.857	0.094	0.101	0.109	0.102	0.951	0.942	0.898	0.835	0.908	0.974	0.888	0.906	0.097	0.101	0.103	0.101	0.999	1.016	1.070	0.960	1.053	1.081	1.056	1.064	0.094	0.101	0.096	0.107	1.022	1.067	0.951	1.046	1.132	1.106	0.986	1.139	0.097	0.098	0.108	0.104	1.111	1.129	1.142	1.145	1.175	1.221	1.172	1.258	0.095	0.102	0.103	0.104	1.089	1.085	1.143	1.057	1.218	1.225	1.221	1.243	0.096	0.098	0.103	0.102	1.156	1.173	1.195	1.112	1.228	1.288	1.237	1.258	0.098	0.106	0.105	0.098	1.079	1.147	1.147	1.047	1.177	0.938	1.178	1.205	0.093	0.105	0.106	0.107
12:46:43	0.918	0.905	0.853	0.786	0.922	0.864	0.831	0.857	0.095	0.101	0.109	0.103	0.948	0.943	0.909	0.845	0.912	0.948	0.890	0.905	0.097	0.101	0.103	0.101	1.003	1.031	1.077	0.965	1.061	1.078	1.056	1.059	0.095	0.101	0.096	0.108	1.027	1.072	0.952	1.054	1.130	1.093	0.989	1.130	0.097	0.098	0.108	0.104	1.117	1.140	1.141	1.154	1.175	1.223	1.178	1.243	0.095	0.102	0.103	0.104	1.095	1.083	1.145	1.057	1.214	1.220	1.218	1.234	0.096	0.098	0.103	0.102	1.154	1.174	1.202	1.110	1.228	1.282	1.232	1.254	0.098	0.106	0.105	0.098	1.079	1.143	1.067	1.045	1.178	0.948	1.170	1.205	0.093	0.106	0.106	0.107
12:56:43	0.927	0.915	0.857	0.792	0.927	0.871	0.836	0.860	0.095	0.102	0.109	0.103	0.945	0.944	0.906	0.847	0.902	0.950	0.891	0.902	0.097	0.102	0.103	0.101	0.990	1.025	1.063	0.962	1.056	1.068	1.047	1.057	0.095	0.101	0.096	0.108	1.024	1.064	0.961	1.063	1.126	1.079	0.994	1.123	0.097	0.098	0.109	0.104	1.114	1.139	1.130	1.155	1.167	1.204	1.177	1.234	0.095	0.103	0.103	0.104	1.094	1.086	1.144	1.066	1.208	1.222	1.210	1.228	0.096	0.098	0.104	0.102	1.155	1.172	1.203	1.116	1.223	1.269	1.231	1.248	0.099	0.106	0.105	0.098	1.078	1.141	1.127	1.050	1.181	0.966	1.174	1.202	0.093	0.106	0.106	0.107
13:06:43	0.932	0.915	0.857	0.793	0.929	0.870	0.838	0.857	0.094	0.101	0.109	0.103	0.948	0.948	0.909	0.852	0.892	0.937	0.889	0.898	0.097	0.101	0.103	0.101	0.986	1.021	1.074	0.967	1.052	1.065	1.048	1.041	0.094	0.101	0.096	0.107	1.020	1.063	0.962	1.061	1.125	1.062	1.003	1.107	0.097	0.098	0.108	0.104	1.102	1.130	1.140	1.157	1.163	1.193	1.176	1.225	0.095	0.102	0.103	0.104	1.089	1.087	1.150	1.062	1.201	1.200	1.206	1.220	0.096	0.098	0.103	0.102	1.154	1.163	1.191	1.116	1.218	1.269	1.227	1.239	0.099	0.106	0.105	0.098	1.069	1.140	1.071	1.049	1.179	0.978	1.166	1.193	0.093	0.105	0.106	0.107
13:16:43	0.937	0.923	0.862	0.796	0.931	0.874	0.840	0.860	0.095	0.102	0.109	0.103	0.942	0.946	0.904	0.857	0.896	0.925	0.891	0.899	0.097	0.101	0.103	0.101	0.976	1.030	1.073	0.972	1.049	1.059	1.052	1.038	0.094	0.101	0.096	0.107	1.014	1.070	0.956	1.073	1.131	1.069	1.010	1.101	0.097	0.098	0.109	0.104	1.094	1.134	1.145	1.164	1.164	1.183	1.178	1.213	0.095	0.102	0.103	0.104	1.093	1.086	1.148	1.074	1.207	1.195	1.203	1.214	0.096	0.098	0.103	0.102	1.145	1.172	1.197	1.122	1.218	1.260	1.228	1.225	0.098	0.106	0.105	0.098	1.064	1.136	1.131	1.057	1.180	0.989	1.175	1.184	0.093	0.105	0.106	0.107
13:26:43	0.937	0.926	0.865	0.800	0.932	0.872	0.841	0.860	0.095	0.102	0.109	0.102	0.936	0.954	0.909	0.856	0.896	0.929	0.893	0.899	0.097	0.101	0.103	0.101	0.979	1.027	1.084	0.970	1.052	1.046	1.061	1.036	0.094	0.101	0.096	0.107	1.010	1.072	0.967	1.085	1.128	1.060	1.020	1.101	0.097	0.098	0.108	0.104	1.093	1.147	1.145	1.169	1.165	1.179	1.186	1.212	0.095	0.102	0.103	0.104	1.093	1.095	1.152	1.084	1.202	1.188	1.208	1.210	0.096	0.098	0.103	0.102	1.144	1.185	1.200	1.131	1.214	1.260	1.240	1.229	0.098	0.106	0.105	0.098	1.057	1.141	1.083	1.062	1.183	0.992	1.176	1.194	0.093	0.105	0.106	0.107
13:36:43	0.937	0.926	0.869	0.806	0.935	0.872	0.846	0.863	0.094	0.101	0.109	0.103	0.931	0.955	0.918	0.865	0.902	0.928	0.899	0.898	0.096	0.101	0.103	0.101	0.965	1.030	1.085	0.995	1.048	1.048	1.055	1.033	0.095	0.101	0.096	0.107	1.009	1.070	0.960	1.088	1.134	1.059	1.028	1.101	0.097	0.098	0.108	0.104	1.087	1.150	1.148	1.182	1.175	1.171	1.188	1.197	0.095	0.102	0.103	0.104	1.088	1.101	1.152	1.089	1.202	1.186	1.206	1.200	0.096	0.098	0.103	0.102	1.136	1.174	1.211	1.133	1.222	1.255	1.244	1.227	0.098	0.106	0.105	0.098	1.049	1.142	1.137	1.066	1.183	1.003	1.178	1.192	0.093	0.105	0.106	0.107
13:46:43	0.932	0.924	0.868	0.806	0.933	0.873	0.850	0.859	0.095	0.101	0.109	0.103	0.918	0.953	0.911	0.870	0.890	0.930	0.900	0.895	0.097	0.101	0.103	0.101	0.958	1.021	1.083	1.011	1.039	1.029	1.042	1.017	0.094	0.101	0.096	0.108	0.988	1.069	0.957	1.090	1.119	1.048	1.023	1.085	0.097	0.098	0.109	0.104	1.071	1.147	1.152	1.186	1.167	1.152	1.176	1.192	0.095	0.102	0.103	0.104	1.093	1.102	1.151	1.098	1.194	1.172	1.210	1.190	0.096	0.098	0.103	0.102	1.127	1.174	1.203	1.130	1.214	1.238	1.234	1.224	0.098	0.106	0.105	0.098	1.049	1.141	1.141	1.074	1.179	1.003	1.175	1.180	0.093	0.105	0.106	0.107
13:56:43	0.936	0.916	0.871	0.813	0.936	0.875	0.852	0.861	0.095	0.101	0.109	0.103	0.915	0.954	0.911	0.871	0.886	0.916	0.896	0.893	0.097	0.101	0.103	0.101	0.947	1.015	1.082	0.990	1.025	1.014	1.029	0.999	0.094	0.101	0.096	0.107	0.969	1.058	0.949	1.089	1.103	1.039	1.020	1.075	0.097	0.098	0.108	0.104	1.062	1.143	1.155	1.179	1.151	1.140	1.162	1.187	0.095	0.102	0.103	0.104	1.095	1.090	1.156	1.090	1.149	1.151	1.191	1.172	0.095	0.098	0.103	0.102	1.121	1.184	1.205	1.127	1.212	1.223	1.220	1.209	0.098	0.106	0.105	0.098	1.030	1.132	1.126	1.065	1.156	1.005	1.158	1.160	0.093	0.105	0.106	0.107
14:06:43	0.935	0.928	0.872	0.815	0.933	0.875	0.853	0.858	0.095	0.101	0.109	0.103	0.913	0.952	0.907	0.875	0.889	0.920	0.901	0.895	0.097	0.101	0.103	0.101	0.946	1.022	1.073	0.998	1.033	1.010	1.034	0.999	0.094	0.101	0.096	0.107	0.974	1.071	0.947	1.104	1.105	1.030	1.026	1.068	0.097	0.098	0.108	0.104	1.066	1.145	1.159	1.189	1.149	1.140	1.165	1.185	0.095	0.102	0.103	0.104	1.088	1.092	1.159	1.087	1.143	1.155	1.196	1.180	0.096	0.098	0.103	0.102	1.114	1.182	1.208	1.139	1.204	1.211	1.218	1.196	0.098	0.106	0.105	0.098	1.029	1.133	1.151	1.073	1.160	1.021	1.162	1.165	0.093	0.105	0.106	0.107
14:16:43	0.930	0.930	0.876	0.823	0.934	0.875	0.857	0.861	0.094	0.101	0.109	0.102	0.910	0.951	0.902	0.881	0.877	0.921	0.889	0.888	0.097	0.101	0.103	0.101	0.934	1.024	1.071	1.000	1.017	0.996	1.022	0.991	0.094	0.101	0.096	0.107	0.964	1.055	0.951	1.100	1.085	1.024	1.029	1.059	0.097	0.098	0.108	0.104	1.046	1.138	1.149	1.194	1.141	1.129	1.157	1.179	0.095	0.102	0.103	0.104	1.084	1.092	1.153	1.095	1.147	1.138	1.181	1.163	0.095	0.098	0.103	0.102	1.107	1.179	1.208	1.150	1.198	1.196	1.211	1.204	0.098	0.106	0.105	0.098	1.017	1.129	1.142	1.077	1.146	1.021	1.155	1.153	0.093	0.105	0.106	0.107
14:26:43	0.933	0.929	0.874	0.822	0.930	0.878	0.854	0.862	0.094	0.101	0.109	0.102	0.913	0.950	0.905	0.887	0.879	0.916	0.885	0.890	0.096	0.101	0.103	0.101	0.937	1.022	1.078	1.008	1.013	0.987	1.021	0.988	0.094	0.101	0.096	0.107	0.966	1.047	0.944	1.108	1.071	1.018	1.025	1.057	0.097	0.098	0.108	0.104	1.035	1.130	1.138	1.198	1.136	1.120	1.152	1.167	0.095	0.102	0.103	0.104	1.088	1.094	1.144	1.106	1.153	1.133	1.184	1.164	0.095	0.098	0.103	0.102	1.101	1.174	1.196	1.146	1.188	1.195	1.205	1.193	0.098	0.106	0.105	0.098	1.005	1.127	1.133	1.079	1.133	1.029	1.159	1.145	0.093	0.105	0.106	0.107
14:36:43	0.927	0.927	0.880	0.830	0.934	0.880	0.856	0.864	0.095	0.102	0.109	0.103	0.910	0.945	0.900	0.889	0.873	0.903	0.884	0.890	0.097	0.101	0.103	0.101	0.930	1.003	1.082	1.000	0.999	0.967	0.998	0.983	0.095	0.101	0.096	0.108	0.952	1.037	0.948	1.101	1.058	1.006	1.013	1.038	0.097	0.098	0.108	0.104	1.029	1.119	1.134	1.203	1.114	1.114	1.142	1.150	0.095	0.102	0.103	0.104	1.076	1.086	1.129	1.106	1.142	1.115	1.160	1.147	0.096	0.098	0.104	0.102	1.086	1.176	1.192	1.150	1.180	1.176	1.191	1.180	0.098	0.106	0.105	0.098	1.002	1.121	1.102	1.084	1.128	1.036	1.141	1.132	0.093	0.106	0.106	0.107
14:46:43	0.927	0.930	0.879	0.830	0.934	0.879	0.856	0.862	0.095	0.102	0.109	0.103	0.910	0.951	0.900	0.900	0.874	0.905	0.885	0.891	0.097	0.102	0.103	0.101	0.934	1.002	1.070	1.014	1.002	0.981	1.003	0.983	0.095	0.101	0.096	0.108	0.956	1.041	0.935	1.109	1.061	1.014	1.019	1.043	0.097	0.098	0.108	0.104	1.029	1.123	1.138	1.201	1.118	1.117	1.144	1.162	0.095	0.103	0.103	0.104	1.083	1.085	1.117	1.115	1.140	1.128	1.168	1.147	0.096	0.098	0.103	0.102	1.090	1.173	1.196	1.162	1.181	1.188	1.196	1.188	0.099	0.106	0.105	0.099	1.002	1.122	1.073	1.088	1.127	1.046	1.152	1.137	0.093	0.106	0.106	0.107
14:56:43	0.924	0.920	0.875	0.827	0.931	0.877	0.851	0.860	0.094	0.101	0.109	0.102	0.915	0.944	0.901	0.904	0.876	0.908	0.887	0.888	0.097	0.101	0.103	0.101	0.937	1.004	1.071	1.024	0.999	0.982	1.002	0.983	0.094	0.101	0.096	0.107	0.951	1.026	0.934	1.107	1.060	1.016	1.012	1.038	0.097	0.098	0.108	0.104	1.020	1.114	1.124	1.209	1.112	1.108	1.141	1.157	0.095	0.102	0.103	0.104	1.065	1.079	1.117	1.113	1.130	1.119	1.167	1.147	0.095	0.098	0.103	0.102	1.095	1.169	1.193	1.162	1.164	1.187	1.189	1.184	0.098	0.106	0.105	0.098	0.997	1.113	1.114	1.093	1.126	1.056	1.145	1.122	0.093	0.105	0.106	0.107
15:06:43	0.922	0.922	0.880	0.830	0.932	0.878	0.854	0.859	0.094	0.101	0.109	0.102	0.906	0.945	0.898	0.906	0.870	0.906	0.883	0.891	0.097	0.101	0.103	0.101	0.935	1.001	1.053	1.026	0.989	0.975	0.995	0.980	0.094	0.101	0.096	0.108	0.954	1.025	0.936	1.111	1.054	1.009	1.014	1.046	0.097	0.098	0.108	0.104	1.024	1.107	1.121	1.214	1.114	1.113	1.138	1.153	0.095	0.102	0.103	0.104	1.067	1.076	1.115	1.120	1.127	1.127	1.163	1.143	0.096	0.098	0.103	0.102	1.093	1.166	1.192	1.181	1.161	1.188	1.181	1.177	0.098	0.106	0.105	0.098	0.994	1.113	1.127	1.103	1.119	1.064	1.143	1.137	0.093	0.105	0.106	0.107
15:16:43	0.917	0.919	0.880	0.834	0.931	0.878	0.857	0.863	0.094	0.102	0.109	0.103	0.905	0.938	0.894	0.908	0.869	0.899	0.882	0.887	0.097	0.101	0.103	0.101	0.929	0.984	1.038	1.020	0.993	0.966	0.987	0.982	0.094	0.101	0.096	0.108	0.945	1.019	0.904	1.102	1.041	1.002	1.012	1.041	0.097	0.098	0.108	0.104	1.010	1.098	1.118	1.208	1.088	1.109	1.115	1.144	0.095	0.102	0.103	0.104	1.064	1.064	1.096	1.126	1.079	1.117	1.143	1.133	0.096	0.098	0.103	0.102	1.075	1.156	1.182	1.173	1.155	1.182	1.178	1.172	0.098	0.106	0.105	0.098	0.991	1.109	1.124	1.105	1.111	1.064	1.132	1.121	0.093	0.105	0.106	0.107
15:26:43	0.916	0.916	0.878	0.839	0.936	0.882	0.857	0.865	0.094	0.101	0.109	0.103	0.905	0.931	0.892	0.910	0.866	0.895	0.880	0.889	0.096	0.101	0.103	0.101	0.924	0.979	1.021	1.033	0.986	0.961	0.988	0.981	0.094	0.101	0.096	0.107	0.935	1.003	0.892	1.107	1.028	0.999	0.996	1.037	0.097	0.098	0.108	0.104	1.003	1.091	1.111	1.211	1.095	1.086	1.109	1.138	0.095	0.102	0.103	0.104	1.056	1.051	1.092	1.128	1.075	1.103	1.144	1.127	0.096	0.098	0.103	0.102	1.070	1.155	1.166	1.173	1.141	1.166	1.161	1.162	0.098	0.106	0.105	0.098	0.976	1.099	1.112	1.092	1.102	1.063	1.119	1.109	0.093	0.105	0.106	0.107
15:36:43	0.915	0.913	0.876	0.843	0.936	0.880	0.854	0.864	0.095	0.102	0.109	0.103	0.907	0.937	0.892	0.916	0.873	0.892	0.878	0.890	0.097	0.101	0.103	0.101	0.929	0.978	0.986	1.036	0.994	0.975	0.985	0.982	0.095	0.101	0.096	0.108	0.931	0.999	0.894	1.113	1.030	1.008	1.000	1.035	0.097	0.098	0.108	0.104	1.006	1.091	1.109	1.218	1.081	1.089	1.103	1.140	0.095	0.102	0.103	0.104	1.056	1.047	1.098	1.132	1.109	1.111	1.145	1.131	0.095	0.098	0.103	0.102	1.061	1.153	1.172	1.181	1.144	1.168	1.161	1.163	0.098	0.106	0.105	0.098	0.976	1.093	1.113	1.101	1.099	1.075	1.121	1.121	0.093	0.106	0.106	0.107
15:46:43	0.914	0.911	0.877	0.841	0.935	0.883	0.857	0.864	0.095	0.101	0.109	0.102	0.907	0.929	0.887	0.912	0.868	0.890	0.880	0.888	0.097	0.101	0.103	0.101	0.926	0.970	0.964	1.043	0.991	0.964	0.985	0.975	0.094	0.101	0.096	0.107	0.936	0.995	0.918	1.111	1.034	1.013	0.982	1.040	0.097	0.098	0.108	0.104	0.998	1.082	1.094	1.219	1.084	1.091	1.104	1.144	0.095	0.102	0.103	0.104	1.053	1.038	1.083	1.136	1.107	1.107	1.148	1.135	0.095	0.098	0.103	0.102	1.056	1.144	1.165	1.175	1.139	1.174	1.153	1.159	0.098	0.106	0.105	0.098	0.984	1.083	1.071	1.112	1.091	1.077	1.121	1.124	0.093	0.105	0.106	0.107
15:56:43	0.912	0.910	0.877	0.842	0.934	0.882	0.857	0.861	0.094	0.101	0.109	0.103	0.910	0.938	0.885	0.910	0.863	0.884	0.876	0.885	0.097	0.101	0.103	0.101	0.925	0.974	0.958	1.039	0.981	0.959	0.976	0.965	0.094	0.101	0.096	0.107	0.925	0.987	0.896	1.110	1.026	1.000	0.971	1.035	0.097	0.098	0.108	0.104	1.002	1.066	1.089	1.219	1.063	1.085	1.084	1.137	0.095	0.102	0.103	0.104	1.052	1.039	1.076	1.131	1.098	1.102	1.132	1.124	0.095	0.098	0.103	0.102	1.051	1.127	1.149	1.168	1.131	1.161	1.142	1.145	0.098	0.106	0.105	0.098	0.978	1.079	1.085	1.103	1.091	1.070	1.102	1.107	0.093	0.105	0.106	0.107
16:06:43	0.912	0.904	0.880	0.842	0.934	0.881	0.857	0.862	0.095	0.101	0.109	0.102	0.907	0.928	0.880	0.908	0.864	0.891	0.879	0.883	0.097	0.101	0.103	0.101	0.925	0.975	0.936	1.044	0.977	0.959	0.975	0.976	0.094	0.101	0.096	0.108	0.929	0.968	0.909	1.113	1.032	1.004	0.970	1.021	0.097	0.098	0.108	0.104	1.008	1.074	1.093	1.228	1.058	1.083	1.087	1.132	0.095	0.102	0.103	0.104	1.045	1.033	1.073	1.128	1.090	1.105	1.135	1.125	0.095	0.098	0.103	0.102	1.058	1.123	1.144	1.175	1.123	1.176	1.153	1.141	0.098	0.106	0.105	0.098	0.978	1.077	1.090	1.105	1.082	1.081	1.108	1.111	0.093	0.105	0.106	0.107
16:16:43	0.912	0.904	0.875	0.842	0.933	0.881	0.856	0.864	0.095	0.101	0.109	0.103	0.907	0.933	0.884	0.911	0.865	0.893	0.879	0.887	0.097	0.101	0.103	0.101	0.920	0.974	0.919	1.049	0.994	0.961	0.982	0.971	0.094	0.101	0.096	0.108	0.924	0.971	0.903	1.114	1.031	1.010	0.976	1.030	0.097	0.098	0.108	0.104	1.014	1.064	1.098	1.242	1.077	1.082	1.082	1.137	0.095	0.102	0.103	0.104	1.044	1.028	1.078	1.128	1.095	1.112	1.143	1.127	0.095	0.098	0.103	0.102	1.059	1.124	1.148	1.188	1.129	1.172	1.156	1.143	0.098	0.106	0.105	0.099	0.976	1.081	1.082	1.106	1.077	1.087	1.109	1.109	0.093	0.105	0.106	0.107
16:26:43	0.909	0.901	0.876	0.848	0.938	0.882	0.857	0.868	0.094	0.101	0.109	0.102	0.903	0.917	0.881	0.904	0.867	0.889	0.880	0.884	0.096	0.101	0.103	0.101	0.928	0.970	0.930	1.039	0.981	0.961	0.975	0.973	0.094	0.101	0.096	0.107	0.925	0.976	0.881	1.096	1.032	1.003	0.978	1.028	0.097	0.098	0.108	0.104	1.008	1.058	1.082	1.225	1.056	1.074	1.082	1.130	0.095	0.102	0.103	0.104	1.041	1.036	1.074	1.126	1.083	1.111	1.138	1.122	0.095	0.098	0.103	0.102	1.053	1.124	1.141	1.177	1.116	1.163	1.153	1.145	0.098	0.106	0.105	0.098	0.973	1.073	1.085	1.108	1.077	1.096	1.103	1.107	0.093	0.105	0.106	0.107
16:36:43	0.906	0.903	0.876	0.839	0.936	0.884	0.859	0.865	0.094	0.101	0.109	0.102	0.904	0.923	0.878	0.900	0.863	0.889	0.877	0.887	0.097	0.101	0.103	0.101	0.913	0.967	0.914	1.015	0.979	0.946	0.963	0.960	0.094	0.101	0.096	0.107	0.919	0.965	0.883	1.094	1.023	0.993	0.954	1.016	0.097	0.098	0.108	0.104	0.999	1.041	1.062	1.220	1.044	1.071	1.067	1.119	0.095	0.102	0.103	0.104	1.042	1.031	1.050	1.127	1.067	1.097	1.129	1.110	0.102	0.098	0.103	0.102	1.040	1.110	1.117	1.156	1.103	1.155	1.136	1.132	0.098	0.106	0.105	0.098	0.966	1.067	1.049	1.098	1.063	1.097	1.086	1.093	0.093	0.105	0.106	0.107
16:46:43	0.905	0.900	0.879	0.848	0.938	0.887	0.861	0.870	0.094	0.101	0.109	0.102	0.901	0.919	0.880	0.901	0.862	0.891	0.878	0.883	0.097	0.101	0.103	0.101	0.914	0.954	0.901	1.014	0.980	0.947	0.959	0.956	0.094	0.101	0.096	0.107	0.915	0.953	0.884	1.077	1.018	0.978	0.955	1.009	0.096	0.098	0.108	0.104	0.993	1.040	1.042	1.208	1.035	1.077	1.064	1.120	0.095	0.102	0.103	0.104	1.039	1.026	1.052	1.115	1.059	1.089	1.119	1.100	0.095	0.098	0.103	0.102	1.041	1.096	1.107	1.151	1.098	1.149	1.137	1.122	0.098	0.106	0.105	0.098	0.965	1.056	1.055	1.090	1.056	1.098	1.075	1.089	0.093	0.105	0.106	0.107
16:56:43	0.903	0.896	0.877	0.850	0.939	0.883	0.861	0.867	0.094	0.101	0.109	0.102	0.899	0.920	0.882	0.902	0.864	0.894	0.879	0.886	0.097	0.101	0.103	0.101	0.931	0.968	0.903	1.015	0.992	0.953	0.974	0.960	0.094	0.101	0.096	0.107	0.924	0.965	0.891	1.085	1.030	0.991	0.965	1.029	0.097	0.098	0.108	0.104	1.011	1.042	1.056	1.212	1.042	1.092	1.075	1.131	0.095	0.102	0.103	0.104	1.040	1.028	1.060	1.113	1.057	1.110	1.131	1.119	0.099	0.098	0.103	0.102	1.045	1.098	1.116	1.158	1.109	1.168	1.154	1.131	0.098	0.106	0.105	0.098	0.964	1.063	1.079	1.099	1.064	1.105	1.075	1.100	0.093	0.105	0.106	0.107
17:06:43	0.906	0.895	0.882	0.846	0.935	0.882	0.856	0.864	0.094	0.101	0.109	0.102	0.904	0.919	0.874	0.894	0.860	0.889	0.876	0.881	0.097	0.101	0.103	0.101	0.921	0.958	0.890	0.994	0.985	0.951	0.968	0.961	0.094	0.101	0.096	0.107	0.924	0.958	0.899	1.074	1.019	0.997	0.959	1.027	0.096	0.098	0.108	0.104	1.011	1.040	1.056	1.201	1.048	1.091	1.068	1.129	0.095	0.102	0.103	0.104	1.037	1.024	1.056	1.100	1.012	1.102	1.127	1.117	0.102	0.098	0.103	0.102	1.050	1.076	1.115	1.152	1.103	1.162	1.137	1.135	0.098	0.106	0.105	0.098	0.963	1.055	1.066	1.091	1.063	1.114	1.071	1.102	0.093	0.105	0.106	0.107
17:16:43	0.903	0.897	0.881	0.847	0.936	0.882	0.858	0.868	0.094	0.101	0.109	0.102	0.903	0.914	0.876	0.892	0.863	0.887	0.873	0.883	0.097	0.101	0.103	0.101	0.919	0.966	0.892	0.985	0.990	0.944	0.970	0.961	0.094	0.101	0.096	0.107	0.924	0.951	0.885	1.070	1.032	0.994	0.964	1.018	0.096	0.098	0.108	0.104	1.003	1.033	1.049	1.198	1.047	1.089	1.059	1.127	0.095	0.102	0.103	0.104	1.029	1.017	1.063	1.099	1.073	1.099	1.120	1.114	0.095	0.098	0.103	0.102	1.039	1.083	1.112	1.146	1.098	1.154	1.140	1.127	0.098	0.106	0.105	0.098	0.955	1.054	1.062	1.078	1.065	1.106	1.069	1.097	0.093	0.105	0.106	0.107
17:26:43	0.900	0.896	0.878	0.853	0.937	0.884	0.859	0.871	0.094	0.101	0.109	0.103	0.899	0.919	0.877	0.887	0.864	0.892	0.874	0.882	0.097	0.101	0.103	0.101	0.921	0.955	0.891	0.976	0.991	0.943	0.968	0.952	0.094	0.101	0.096	0.107	0.929	0.946	0.889	1.063	1.026	1.000	0.951	1.023	0.097	0.098	0.108	0.104	1.013	1.036	1.044	1.189	1.046	1.086	1.057	1.127	0.095	0.102	0.103	0.104	1.039	1.011	1.059	1.097	1.071	1.103	1.121	1.113	0.102	0.098	0.103	0.102	1.045	1.068	1.109	1.149	1.110	1.155	1.141	1.136	0.098	0.106	0.105	0.098	0.955	1.061	1.060	1.078	1.053	1.123	1.067	1.102	0.093	0.105	0.106	0.107
17:36:43	0.901	0.897	0.888	0.856	0.940	0.889	0.865	0.875	0.094	0.101	0.109	0.103	0.901	0.908	0.879	0.887	0.868	0.891	0.875	0.883	0.097	0.101	0.103	0.101	0.909	0.944	0.882	0.961	0.983	0.942	0.957	0.945	0.094	0.101	0.096	0.107	0.910	0.929	0.877	1.048	1.010	0.987	0.918	1.001	0.097	0.098	0.108	0.104	0.994	1.007	1.021	1.175	1.021	1.070	1.040	1.116	0.095	0.102	0.103	0.104	1.023	0.998	1.032	1.076	1.055	1.082	1.111	1.082	0.103	0.098	0.103	0.102	1.028	1.040	1.082	1.124	1.080	1.148	1.127	1.109	0.098	0.106	0.105	0.098	0.937	1.055	1.028	1.062	1.022	1.101	1.053	1.069	0.093	0.105	0.106	0.107
17:46:43	0.898	0.891	0.886	0.850	0.939	0.885	0.861	0.872	0.095	0.101	0.109	0.102	0.902	0.914	0.874	0.889	0.863	0.891	0.873	0.882	0.097	0.101	0.103	0.101	0.909	0.950	0.884	0.951	0.977	0.942	0.946	0.942	0.094	0.101	0.096	0.108	0.913	0.936	0.884	1.050	1.011	0.980	0.921	1.002	0.097	0.098	0.108	0.104	0.984	1.009	1.031	1.169	1.008	1.069	1.044	1.122	0.095	0.102	0.103	0.104	1.031	1.003	1.037	1.069	1.062	1.075	1.100	1.090	0.095	0.098	0.103	0.102	1.031	1.017	1.084	1.123	1.077	1.134	1.122	1.112	0.098	0.106	0.105	0.098	0.935	1.049	1.025	1.064	1.028	1.101	1.055	1.068	0.093	0.105	0.106	0.107
17:56:43	0.899	0.891	0.886	0.853	0.939	0.887	0.863	0.875	0.094	0.101	0.109	0.102	0.901	0.908	0.875	0.882	0.864	0.887	0.872	0.884	0.097	0.101	0.103	0.101	0.913	0.939	0.881	0.943	0.974	0.936	0.951	0.941	0.094	0.101	0.096	0.107	0.908	0.926	0.873	1.046	1.010	0.988	0.911	0.998	0.097	0.098	0.108	0.104	0.974	1.001	1.004	1.148	0.997	1.067	1.042	1.114	0.095	0.102	0.103	0.104	1.024	1.002	1.025	1.056	1.004	1.074	1.100	1.085	0.101	0.098	0.103	0.102	1.020	0.961	1.083	1.109	1.070	1.117	1.115	1.119	0.098	0.106	0.105	0.098	0.929	1.041	1.019	1.050	1.022	1.103	1.051	1.060	0.093	0.105	0.106	0.107
18:06:43	0.895	0.891	0.883	0.849	0.940	0.885	0.864	0.874	0.094	0.101	0.109	0.103	0.897	0.908	0.877	0.880	0.865	0.885	0.874	0.882	0.097	0.101	0.103	0.101	0.917	0.945	0.876	0.941	0.974	0.935	0.948	0.933	0.094	0.101	0.096	0.107	0.904	0.927	0.882	1.045	1.009	0.987	0.914	1.008	0.096	0.098	0.108	0.104	0.978	1.005	1.023	1.153	0.998	1.069	1.045	1.111	0.095	0.102	0.103	0.104	1.030	0.999	1.027	1.055	0.995	1.084	1.093	1.088	0.095	0.098	0.103	0.102	1.025	0.949	1.085	1.115	1.074	1.130	1.120	1.110	0.098	0.106	0.105	0.098	0.926	1.051	1.002	1.050	1.018	1.097	1.050	1.063	0.093	0.105	0.106	0.107
18:16:43	0.893	0.889	0.883	0.854	0.939	0.887	0.866	0.872	0.094	0.101	0.109	0.103	0.898	0.910	0.875	0.873	0.861	0.886	0.871	0.882	0.097	0.101	0.103	0.101	0.911	0.943	0.877	0.934	0.977	0.933	0.950	0.940	0.094	0.101	0.096	0.107	0.907	0.922	0.874	1.034	1.009	0.981	0.914	1.005	0.096	0.098	0.108	0.104	0.971	0.989	1.033	1.139	1.003	1.064	1.039	1.108	0.095	0.102	0.103	0.104	1.033	1.001	1.027	1.042	1.033	1.075	1.107	1.089	0.095	0.098	0.103	0.102	1.035	0.930	1.082	1.100	1.068	1.130	1.122	1.114	0.098	0.106	0.105	0.098	0.919	1.042	0.984	1.050	1.009	1.095	1.049	1.059	0.093	0.105	0.106	0.107
18:26:43	0.897	0.888	0.882	0.850	0.936	0.885	0.869	0.878	0.094	0.101	0.109	0.102	0.899	0.908	0.874	0.882	0.868	0.889	0.873	0.883	0.096	0.101	0.103	0.101	0.909	0.932	0.875	0.923	0.976	0.941	0.949	0.935	0.094	0.101	0.096	0.107	0.905	0.925	0.873	1.035	1.014	0.987	0.909	0.999	0.097	0.098	0.108	0.104	0.982	0.989	1.024	1.146	1.011	1.072	1.031	1.104	0.095	0.102	0.103	0.104	1.025	0.997	1.016	1.041	0.997	1.077	1.099	1.084	0.103	0.098	0.103	0.102	1.030	0.918	1.074	1.095	1.068	1.144	1.119	1.119	0.098	0.106	0.105	0.098	0.914	1.040	1.000	1.043	0.998	1.087	1.043	1.054	0.093	0.105	0.106	0.107
18:36:43	0.896	0.890	0.882	0.853	0.940	0.885	0.867	0.877	0.094	0.102	0.109	0.103	0.897	0.916	0.876	0.878	0.869	0.891	0.872	0.883	0.097	0.101	0.103	0.101	0.909	0.941	0.877	0.938	0.975	0.946	0.954	0.943	0.094	0.101	0.096	0.108	0.898	0.930	0.879	1.041	1.020	0.998	0.928	1.007	0.097	0.098	0.108	0.104	0.988	0.996	1.028	1.147	1.028	1.070	1.035	1.115	0.095	0.102	0.103	0.104	1.024	0.997	1.021	1.051	1.008	1.079	1.106	1.093	0.095	0.098	0.103	0.102	1.036	0.903	1.078	1.089	1.074	1.147	1.123	1.123	0.098	0.106	0.105	0.099	0.911	1.039	0.997	1.044	0.993	1.086	1.034	1.046	0.093	0.105	0.106	0.107
18:46:43	0.894	0.884	0.883	0.857	0.942	0.890	0.874	0.882	0.094	0.101	0.109	0.103	0.898	0.901	0.874	0.874	0.865	0.888	0.873	0.884	0.096	0.101	0.103	0.101	0.899	0.927	0.875	0.929	0.966	0.923	0.938	0.925	0.094	0.101	0.096	0.108	0.888	0.908	0.870	1.030	0.995	0.982	0.906	0.990	0.096	0.098	0.108	0.104	0.979	0.972	0.985	1.124	0.975	1.044	1.014	1.104	0.095	0.102	0.103	0.104	1.006	0.979	0.998	1.035	0.971	1.057	1.093	1.073	0.095	0.098	0.103	0.102	1.019	0.893	1.048	1.063	1.040	1.120	1.098	1.083	0.098	0.106	0.105	0.098	0.896	1.032	0.975	1.024	0.950	1.062	0.987	1.016	0.093	0.105	0.106	0.107
18:56:43	0.896	0.882	0.882	0.856	0.946	0.891	0.878	0.885	0.094	0.101	0.109	0.102	0.899	0.901	0.874	0.875	0.868	0.886	0.870	0.885	0.097	0.101	0.103	0.101	0.894	0.917	0.879	0.912	0.962	0.914	0.918	0.911	0.094	0.101	0.096	0.107	0.879	0.894	0.868	1.013	0.978	0.965	0.892	0.972	0.097	0.098	0.108	0.104	0.952	0.932	0.962	1.101	0.944	1.019	0.994	1.079	0.095	0.102	0.103	0.104	0.985	0.970	0.977	1.021	0.926	1.045	1.082	1.039	0.095	0.098	0.103	0.102	1.005	0.891	1.008	1.043	1.010	1.102	1.084	1.069	0.098	0.106	0.105	0.098	0.881	1.020	0.927	1.004	0.928	1.048	0.950	0.947	0.093	0.105	0.106	0.107
19:06:43	0.894	0.882	0.879	0.858	0.943	0.890	0.876	0.884	0.094	0.101	0.109	0.102	0.899	0.903	0.874	0.873	0.867	0.890	0.870	0.886	0.097	0.101	0.103	0.101	0.897	0.923	0.878	0.898	0.970	0.914	0.926	0.918	0.094	0.101	0.096	0.107	0.879	0.893	0.869	1.016	0.995	0.971	0.898	0.980	0.096	0.098	0.108	0.104	0.959	0.933	0.982	1.102	0.928	1.028	0.991	1.083	0.095	0.102	0.103	0.104	0.984	0.967	0.968	1.022	0.908	1.051	1.078	1.058	0.102	0.098	0.103	0.102	1.010	0.891	1.007	1.051	0.997	1.101	1.101	1.078	0.098	0.106	0.105	0.098	0.883	1.029	0.920	0.995	0.932	1.053	0.926	0.934	0.093	0.105	0.106	0.107
19:16:43	0.889	0.880	0.879	0.859	0.946	0.890	0.878	0.883	0.094	0.101	0.109	0.102	0.891	0.906	0.875	0.877	0.868	0.893	0.869	0.884	0.097	0.101	0.103	0.101	0.906	0.934	0.873	0.905	0.982	0.931	0.941	0.920	0.094	0.101	0.096	0.107	0.882	0.889	0.871	1.024	0.996	0.975	0.897	0.989	0.096	0.098	0.108	0.104	0.959	0.930	0.985	1.123	0.926	1.038	1.003	1.094	0.095	0.102	0.103	0.104	0.979	0.971	0.959	1.028	0.934	1.064	1.094	1.058	0.097	0.098	0.103	0.102	1.001	0.887	0.991	1.051	0.983	1.114	1.112	1.085	0.098	0.106	0.105	0.098	0.880	1.032	0.930	0.990	0.927	1.046	0.934	0.926	0.093	0.105	0.106	0.107
19:26:43	0.890	0.881	0.879	0.864	0.946	0.894	0.875	0.883	0.094	0.101	0.109	0.102	0.891	0.901	0.875	0.876	0.869	0.893	0.866	0.882	0.096	0.101	0.103	0.101	0.904	0.938	0.873	0.910	0.970	0.925	0.929	0.922	0.094	0.101	0.096	0.107	0.879	0.884	0.872	1.018	0.989	0.970	0.898	0.985	0.096	0.098	0.108	0.104	0.965	0.926	0.988	1.119	0.920	1.026	0.996	1.095	0.095	0.102	0.103	0.104	0.980	0.961	0.957	1.019	0.937	1.068	1.093	1.074	0.095	0.098	0.103	0.102	1.005	0.887	0.981	1.044	0.969	1.124	1.116	1.094	0.098	0.106	0.105	0.098	0.882	1.032	0.930	0.989	0.927	1.049	0.926	0.926	0.093	0.105	0.106	0.107
19:36:43	0.890	0.878	0.879	0.865	0.946	0.889	0.875	0.880	0.094	0.101	0.109	0.102	0.891	0.900	0.874	0.874	0.869	0.890	0.869	0.883	0.097	0.101	0.103	0.101	0.900	0.930	0.874	0.899	0.962	0.917	0.928	0.916	0.094	0.101	0.096	0.107	0.876	0.882	0.870	1.014	0.986	0.958	0.893	0.985	0.096	0.098	0.108	0.104	0.946	0.917	0.974	1.109	0.901	1.020	0.974	1.089	0.095	0.102	0.103	0.104	0.975	0.961	0.940	1.009	0.951	1.063	1.083	1.067	0.095	0.098	0.103	0.102	0.989	0.887	0.955	1.014	0.955	1.119	1.104	1.093	0.098	0.106	0.105	0.098	0.873	1.019	0.896	0.979	0.914	1.032	0.925	0.922	0.093	0.105	0.106	0.107
19:46:43	0.890	0.882	0.881	0.870	0.950	0.893	0.877	0.882	0.094	0.101	0.109	0.102	0.893	0.900	0.870	0.871	0.869	0.894	0.869	0.885	0.096	0.101	0.103	0.101	0.895	0.918	0.872	0.887	0.970	0.907	0.924	0.910	0.094	0.101	0.096	0.107	0.880	0.879	0.873	1.009	0.980	0.955	0.892	0.970	0.096	0.098	0.108	0.104	0.935	0.914	0.966	1.101	0.901	0.998	0.955	1.080	0.095	0.102	0.103	0.104	0.972	0.946	0.931	0.998	0.967	1.052	1.068	1.056	0.095	0.098	0.103	0.102	0.988	0.887	0.933	0.991	0.959	1.110	1.096	1.070	0.098	0.106	0.105	0.098	0.875	1.015	0.926	0.962	0.914	1.030	0.925	0.922	0.092	0.105	0.106	0.107
19:56:43	0.886	0.883	0.879	0.871	0.951	0.897	0.876	0.887	0.094	0.101	0.109	0.102	0.886	0.898	0.876	0.874	0.868	0.900	0.873	0.886	0.096	0.101	0.103	0.101	0.896	0.922	0.869	0.880	0.964	0.908	0.924	0.897	0.094	0.101	0.096	0.107	0.880	0.871	0.872	0.995	0.984	0.945	0.887	0.961	0.096	0.098	0.108	0.104	0.931	0.908	0.949	1.099	0.893	0.994	0.935	1.055	0.094	0.102	0.103	0.104	0.961	0.946	0.919	0.998	0.936	1.054	1.071	1.050	0.095	0.098	0.103	0.102	0.982	0.884	0.927	0.978	0.944	1.102	1.089	1.068	0.098	0.106	0.105	0.098	0.875	1.014	0.926	0.928	0.901	1.016	0.918	0.912	0.093	0.105	0.106	0.107
20:06:43	0.891	0.877	0.876	0.869	0.948	0.891	0.873	0.881	0.094	0.101	0.109	0.102	0.893	0.897	0.873	0.868	0.869	0.896	0.872	0.883	0.096	0.101	0.103	0.101	0.893	0.917	0.876	0.878	0.969	0.909	0.919	0.897	0.094	0.101	0.096	0.107	0.875	0.869	0.867	0.992	0.988	0.947	0.887	0.963	0.096	0.098	0.108	0.104	0.933	0.914	0.947	1.088	0.893	0.995	0.918	1.058	0.094	0.102	0.103	0.104	0.966	0.945	0.908	0.987	0.899	1.048	1.061	1.038	0.095	0.098	0.103	0.102	0.973	0.886	0.916	0.975	0.940	1.094	1.085	1.048	0.098	0.106	0.105	0.098	0.872	1.014	0.918	0.904	0.903	1.009	0.917	0.904	0.092	0.105	0.106	0.107
20:16:43	0.890	0.877	0.877	0.878	0.950	0.895	0.875	0.881	0.094	0.101	0.109	0.102	0.891	0.899	0.873	0.873	0.866	0.899	0.870	0.888	0.096	0.101	0.103	0.101	0.888	0.916	0.875	0.880	0.955	0.899	0.915	0.892	0.094	0.101	0.096	0.107	0.875	0.870	0.868	0.990	0.977	0.931	0.881	0.950	0.096	0.098	0.108	0.104	0.923	0.899	0.916	1.068	0.884	0.951	0.902	1.052	0.094	0.102	0.103	0.104	0.956	0.939	0.902	0.971	0.894	1.055	1.050	1.014	0.095	0.098	0.103	0.102	0.965	0.886	0.912	0.949	0.924	1.082	1.084	1.035	0.097	0.106	0.105	0.098	0.867	1.008	0.891	0.896	0.893	0.988	0.917	0.901	0.093	0.105	0.106	0.107
20:26:43	0.887	0.876	0.876	0.879	0.950	0.894	0.874	0.882	0.094	0.101	0.109	0.102	0.888	0.899	0.875	0.874	0.869	0.901	0.870	0.888	0.096	0.101	0.103	0.101	0.896	0.920	0.873	0.879	0.966	0.909	0.922	0.893	0.094	0.101	0.096	0.107	0.874	0.868	0.871	0.999	0.990	0.942	0.887	0.957	0.096	0.098	0.108	0.104	0.918	0.906	0.923	1.086	0.883	0.957	0.902	1.059	0.094	0.102	0.103	0.104	0.959	0.937	0.912	0.971	0.901	1.059	1.054	1.021	0.095	0.098	0.103	0.102	0.958	0.884	0.918	0.959	0.938	1.083	1.092	1.040	0.097	0.106	0.105	0.098	0.870	1.007	0.922	0.903	0.905	0.990	0.915	0.903	0.093	0.105	0.106	0.107
20:36:43	0.884	0.877	0.876	0.879	0.951	0.896	0.878	0.884	0.094	0.101	0.109	0.102	0.887	0.899	0.875	0.876	0.871	0.904	0.870	0.891	0.096	0.101	0.103	0.101	0.895	0.926	0.871	0.882	0.980	0.911	0.927	0.899	0.094	0.101	0.096	0.107	0.876	0.870	0.873	1.014	1.000	0.956	0.890	0.973	0.096	0.098	0.108	0.104	0.931	0.906	0.930	1.088	0.888	0.957	0.904	1.074	0.094	0.102	0.103	0.104	0.957	0.928	0.912	0.977	0.911	1.073	1.063	1.029	0.095	0.098	0.103	0.102	0.967	0.887	0.922	0.953	0.948	1.105	1.114	1.056	0.098	0.106	0.105	0.098	0.872	1.016	0.922	0.904	0.900	1.001	0.915	0.905	0.092	0.105	0.106	0.107
20:46:43	0.884	0.879	0.878	0.882	0.952	0.894	0.879	0.884	0.094	0.101	0.109	0.102	0.886	0.896	0.872	0.872	0.871	0.906	0.871	0.888	0.096	0.101	0.103	0.101	0.894	0.911	0.871	0.878	0.966	0.901	0.918	0.895	0.094	0.101	0.096	0.107	0.876	0.869	0.873	1.007	0.986	0.941	0.879	0.959	0.096	0.098	0.108	0.104	0.911	0.895	0.913	1.063	0.884	0.943	0.888	1.055	0.094	0.102	0.103	0.104	0.944	0.921	0.893	0.956	0.892	1.057	1.048	1.012	0.095	0.098	0.103	0.102	0.957	0.883	0.911	0.929	0.941	1.080	1.089	1.038	0.098	0.106	0.105	0.098	0.868	0.997	0.919	0.899	0.902	0.962	0.920	0.904	0.093	0.105	0.106	0.107
20:56:43	0.886	0.877	0.875	0.883	0.950	0.895	0.878	0.884	0.094	0.101	0.109	0.102	0.886	0.899	0.875	0.871	0.870	0.905	0.870	0.887	0.096	0.101	0.103	0.101	0.896	0.909	0.871	0.878	0.970	0.906	0.915	0.895	0.095	0.101	0.096	0.107	0.873	0.867	0.870	0.997	0.995	0.934	0.882	0.958	0.096	0.098	0.108	0.104	0.918	0.895	0.913	1.077	0.884	0.937	0.889	1.066	0.094	0.102	0.103	0.104	0.940	0.917	0.899	0.956	0.895	1.059	1.055	1.002	0.095	0.098	0.103	0.102	0.952	0.883	0.918	0.930	0.941	1.097	1.088	1.039	0.097	0.106	0.105	0.098	0.865	0.993	0.916	0.893	0.904	0.958	0.914	0.900	0.093	0.105	0.106	0.107
21:06:43	0.884	0.875	0.876	0.880	0.953	0.893	0.874	0.883	0.094	0.101	0.109	0.102	0.883	0.894	0.873	0.872	0.868	0.905	0.867	0.886	0.097	0.101	0.103	0.101	0.892	0.905	0.871	0.877	0.956	0.898	0.912	0.891	0.094	0.101	0.096	0.107	0.870	0.869	0.871	0.996	0.991	0.939	0.879	0.956	0.096	0.098	0.108	0.104	0.906	0.893	0.901	1.053	0.881	0.928	0.882	1.049	0.095	0.102	0.103	0.104	0.938	0.911	0.897	0.940	0.890	1.054	1.042	0.982	0.095	0.098	0.103	0.102	0.948	0.888	0.915	0.928	0.934	1.076	1.081	1.020	0.098	0.106	0.105	0.098	0.864	0.988	0.909	0.893	0.897	0.952	0.907	0.908	0.093	0.105	0.106	0.107
21:16:43	0.887	0.873	0.874	0.879	0.955	0.893	0.876	0.884	0.094	0.101	0.109	0.102	0.886	0.900	0.875	0.873	0.868	0.908	0.870	0.889	0.096	0.101	0.103	0.101	0.895	0.908	0.875	0.883	0.952	0.898	0.910	0.892	0.094	0.101	0.096	0.107	0.870	0.864	0.869	0.998	0.986	0.939	0.877	0.951	0.096	0.098	0.108	0.104	0.908	0.883	0.894	1.057	0.879	0.915	0.877	1.031	0.094	0.102	0.103	0.104	0.933	0.899	0.892	0.933	0.891	1.055	1.038	0.959	0.095	0.098	0.103	0.102	0.941	0.881	0.913	0.917	0.926	1.065	1.063	1.002	0.098	0.106	0.105	0.098	0.861	0.987	0.885	0.888	0.892	0.911	0.919	0.896	0.093	0.105	0.106	0.107
21:26:43	0.883	0.871	0.875	0.880	0.959	0.895	0.873	0.881	0.094	0.101	0.109	0.102	0.885	0.900	0.872	0.872	0.869	0.909	0.870	0.888	0.096	0.101	0.103	0.101	0.890	0.909	0.869	0.883	0.965	0.895	0.909	0.893	0.094	0.101	0.096	0.107	0.871	0.868	0.869	0.997	0.987	0.946	0.878	0.939	0.096	0.098	0.108	0.104	0.897	0.879	0.889	1.052	0.878	0.907	0.879	1.002	0.094	0.102	0.103	0.104	0.933	0.892	0.889	0.926	0.908	1.057	1.041	0.946	0.095	0.098	0.103	0.102	0.935	0.883	0.912	0.911	0.918	1.073	1.068	0.991	0.098	0.106	0.105	0.098	0.863	0.991	0.906	0.888	0.905	0.903	0.926	0.896	0.093	0.105	0.106	0.107
21:36:43	0.886	0.869	0.875	0.879	0.959	0.898	0.871	0.878	0.094	0.101	0.109	0.102	0.885	0.902	0.875	0.874	0.865	0.909	0.872	0.891	0.096	0.101	0.103	0.101	0.889	0.906	0.873	0.883	0.950	0.888	0.895	0.890	0.094	0.101	0.096	0.107	0.871	0.865	0.869	0.988	0.974	0.928	0.875	0.929	0.096	0.098	0.108	0.104	0.885	0.876	0.881	1.044	0.879	0.899	0.878	0.963	0.094	0.102	0.103	0.104	0.930	0.890	0.889	0.908	0.887	1.039	1.015	0.925	0.095	0.098	0.103	0.102	0.917	0.881	0.905	0.892	0.904	1.028	1.051	0.959	0.097	0.106	0.105	0.098	0.863	0.980	0.894	0.886	0.893	0.890	0.918	0.891	0.093	0.105	0.106	0.107
21:46:43	0.885	0.868	0.875	0.878	0.965	0.900	0.872	0.881	0.094	0.101	0.109	0.102	0.888	0.902	0.877	0.874	0.865	0.908	0.871	0.895	0.096	0.101	0.103	0.101	0.889	0.900	0.873	0.881	0.952	0.885	0.895	0.893	0.094	0.101	0.096	0.107	0.874	0.868	0.870	0.979	0.970	0.920	0.877	0.906	0.096	0.098	0.108	0.104	0.883	0.872	0.870	1.020	0.879	0.891	0.876	0.928	0.094	0.102	0.103	0.104	0.929	0.886	0.889	0.898	0.885	1.026	0.985	0.919	0.095	0.098	0.103	0.102	0.906	0.880	0.901	0.894	0.909	1.001	1.035	0.945	0.097	0.106	0.105	0.098	0.862	0.968	0.895	0.882	0.892	0.884	0.897	0.889	0.093	0.105	0.106	0.107
21:56:43	0.885	0.869	0.874	0.881	0.965	0.905	0.875	0.879	0.094	0.102	0.109	0.102	0.884	0.904	0.878	0.877	0.869	0.908	0.872	0.894	0.096	0.101	0.103	0.101	0.886	0.898	0.870	0.883	0.945	0.885	0.883	0.893	0.094	0.101	0.096	0.107	0.872	0.865	0.866	0.982	0.968	0.916	0.878	0.899	0.096	0.098	0.108	0.104	0.881	0.868	0.871	0.996	0.879	0.890	0.874	0.912	0.094	0.102	0.103	0.104	0.932	0.882	0.885	0.898	0.884	1.014	0.965	0.914	0.095	0.098	0.103	0.102	0.897	0.882	0.893	0.895	0.908	0.973	1.015	0.935	0.098	0.106	0.105	0.098	0.862	0.961	0.888	0.883	0.888	0.878	0.903	0.887	0.093	0.105	0.106	0.107
22:06:43	0.882	0.864	0.875	0.877	0.964	0.905	0.871	0.875	0.094	0.101	0.109	0.102	0.885	0.904	0.877	0.875	0.865	0.907	0.877	0.895	0.096	0.101	0.103	0.101	0.888	0.891	0.870	0.881	0.945	0.886	0.882	0.892	0.094	0.101	0.096	0.107	0.873	0.865	0.868	0.976	0.972	0.903	0.880	0.895	0.096	0.098	0.107	0.104	0.881	0.866	0.872	0.960	0.879	0.889	0.873	0.907	0.094	0.102	0.103	0.104	0.924	0.884	0.882	0.891	0.882	1.003	0.939	0.904	0.095	0.098	0.103	0.102	0.889	0.880	0.892	0.895	0.901	0.938	0.972	0.929	0.097	0.106	0.105	0.098	0.862	0.956	0.885	0.880	0.888	0.875	0.893	0.887	0.093	0.105	0.106	0.107
22:16:43	0.883	0.861	0.871	0.877	0.961	0.904	0.868	0.876	0.094	0.101	0.109	0.102	0.885	0.905	0.879	0.878	0.865	0.904	0.874	0.896	0.096	0.101	0.103	0.101	0.887	0.888	0.872	0.880	0.936	0.887	0.881	0.893	0.094	0.101	0.096	0.107	0.870	0.861	0.864	0.966	0.967	0.895	0.871	0.890	0.096	0.098	0.107	0.104	0.880	0.866	0.869	0.922	0.874	0.883	0.874	0.899	0.094	0.102	0.103	0.104	0.920	0.883	0.878	0.883	0.881	0.987	0.926	0.903	0.095	0.098	0.103	0.102	0.883	0.876	0.888	0.890	0.901	0.915	0.927	0.921	0.097	0.106	0.105	0.098	0.860	0.940	0.882	0.878	0.886	0.869	0.894	0.887	0.092	0.105	0.106	0.107
22:26:43	0.879	0.860	0.874	0.875	0.960	0.902	0.864	0.873	0.094	0.101	0.109	0.102	0.883	0.900	0.877	0.875	0.863	0.902	0.875	0.895	0.096	0.101	0.103	0.101	0.889	0.885	0.872	0.878	0.941	0.885	0.877	0.889	0.094	0.101	0.096	0.107	0.871	0.864	0.865	0.969	0.956	0.896	0.875	0.893	0.096	0.098	0.107	0.104	0.878	0.865	0.870	0.902	0.875	0.885	0.872	0.898	0.094	0.102	0.103	0.104	0.927	0.882	0.878	0.890	0.880	0.964	0.913	0.900	0.095	0.098	0.103	0.102	0.886	0.876	0.891	0.892	0.903	0.917	0.912	0.921	0.097	0.106	0.105	0.098	0.861	0.933	0.882	0.879	0.883	0.872	0.899	0.889	0.092	0.105	0.106	0.107
22:36:43	0.876	0.860	0.870	0.874	0.958	0.905	0.864	0.873	0.094	0.101	0.109	0.102	0.885	0.899	0.878	0.876	0.864	0.900	0.875	0.895	0.096	0.101	0.103	0.101	0.891	0.885	0.868	0.879	0.938	0.885	0.877	0.889	0.094	0.101	0.096	0.107	0.867	0.860	0.863	0.964	0.959	0.891	0.875	0.892	0.096	0.098	0.107	0.104	0.877	0.864	0.870	0.890	0.874	0.885	0.873	0.896	0.094	0.102	0.103	0.104	0.920	0.883	0.874	0.886	0.879	0.947	0.914	0.895	0.095	0.098	0.103	0.102	0.882	0.877	0.891	0.889	0.905	0.919	0.907	0.913	0.097	0.106	0.105	0.098	0.862	0.924	0.880	0.880	0.883	0.871	0.893	0.885	0.092	0.105	0.106	0.107
22:46:43	0.881	0.861	0.870	0.876	0.967	0.910	0.871	0.880	0.094	0.101	0.109	0.102	0.880	0.906	0.877	0.880	0.870	0.911	0.879	0.899	0.096	0.101	0.103	0.101	0.894	0.888	0.868	0.880	0.920	0.888	0.881	0.896	0.094	0.101	0.096	0.107	0.869	0.866	0.868	0.963	0.951	0.895	0.879	0.893	0.096	0.098	0.108	0.104	0.880	0.863	0.871	0.887	0.877	0.887	0.876	0.899	0.094	0.102	0.103	0.104	0.923	0.883	0.877	0.887	0.882	0.925	0.908	0.898	0.095	0.098	0.103	0.102	0.883	0.878	0.891	0.889	0.906	0.922	0.900	0.924	0.097	0.106	0.105	0.098	0.861	0.925	0.883	0.880	0.886	0.868	0.896	0.887	0.093	0.105	0.106	0.107
22:56:43	0.878	0.860	0.870	0.876	0.963	0.907	0.869	0.877	0.094	0.101	0.109	0.102	0.879	0.901	0.874	0.878	0.871	0.906	0.881	0.897	0.096	0.101	0.103	0.101	0.894	0.886	0.865	0.878	0.916	0.889	0.880	0.891	0.094	0.101	0.096	0.107	0.869	0.865	0.866	0.953	0.952	0.893	0.878	0.892	0.096	0.098	0.107	0.104	0.879	0.863	0.871	0.883	0.878	0.888	0.874	0.898	0.094	0.102	0.103	0.104	0.919	0.880	0.879	0.880	0.880	0.914	0.900	0.894	0.104	0.098	0.103	0.102	0.883	0.876	0.891	0.886	0.899	0.906	0.890	0.915	0.097	0.106	0.105	0.098	0.860	0.911	0.882	0.879	0.885	0.861	0.894	0.887	0.093	0.105	0.106	0.107
23:06:43	0.878	0.859	0.872	0.875	0.961	0.907	0.869	0.876	0.094	0.101	0.109	0.102	0.879	0.899	0.878	0.875	0.869	0.907	0.883	0.899	0.097	0.101	0.103	0.101	0.894	0.889	0.864	0.879	0.905	0.888	0.884	0.892	0.094	0.101	0.096	0.107	0.869	0.863	0.867	0.931	0.933	0.894	0.880	0.895	0.096	0.098	0.108	0.104	0.880	0.865	0.867	0.881	0.877	0.892	0.874	0.896	0.095	0.102	0.103	0.104	0.914	0.881	0.877	0.885	0.881	0.910	0.902	0.893	0.095	0.098	0.103	0.102	0.881	0.875	0.890	0.885	0.897	0.905	0.891	0.913	0.097	0.106	0.105	0.098	0.862	0.901	0.880	0.881	0.885	0.862	0.891	0.885	0.093	0.105	0.106	0.107
23:16:43	0.879	0.857	0.872	0.872	0.963	0.908	0.871	0.875	0.094	0.101	0.109	0.102	0.878	0.897	0.878	0.876	0.871	0.906	0.880	0.901	0.096	0.101	0.103	0.101	0.895	0.885	0.863	0.873	0.894	0.887	0.881	0.889	0.094	0.101	0.096	0.107	0.867	0.864	0.862	0.927	0.926	0.893	0.881	0.893	0.096	0.098	0.108	0.104	0.880	0.864	0.871	0.878	0.873	0.891	0.873	0.897	0.094	0.102	0.103	0.104	0.913	0.881	0.876	0.878	0.878	0.900	0.896	0.893	0.098	0.098	0.103	0.102	0.880	0.873	0.887	0.883	0.894	0.899	0.885	0.911	0.097	0.106	0.105	0.098	0.859	0.891	0.882	0.877	0.884	0.857	0.883	0.885	0.093	0.105	0.106	0.107
23:26:43	0.873	0.851	0.872	0.872	0.957	0.904	0.868	0.872	0.094	0.101	0.109	0.102	0.880	0.897	0.880	0.879	0.869	0.905	0.882	0.896	0.096	0.101	0.103	0.101	0.893	0.891	0.865	0.876	0.892	0.890	0.884	0.889	0.094	0.101	0.096	0.107	0.866	0.860	0.863	0.914	0.907	0.891	0.878	0.895	0.096	0.098	0.107	0.104	0.874	0.864	0.869	0.879	0.874	0.890	0.872	0.897	0.094	0.102	0.103	0.104	0.913	0.880	0.876	0.876	0.881	0.895	0.889	0.892	0.095	0.098	0.103	0.102	0.877	0.872	0.890	0.882	0.893	0.896	0.885	0.908	0.097	0.106	0.105	0.098	0.860	0.886	0.881	0.876	0.881	0.856	0.881	0.887	0.093	0.105	0.106	0.107
23:36:43	0.874	0.852	0.868	0.872	0.959	0.905	0.869	0.875	0.094	0.101	0.109	0.102	0.877	0.899	0.883	0.882	0.872	0.905	0.879	0.896	0.096	0.101	0.103	0.101	0.894	0.889	0.862	0.878	0.895	0.887	0.882	0.890	0.094	0.101	0.096	0.108	0.864	0.863	0.862	0.906	0.907	0.891	0.875	0.896	0.096	0.098	0.107	0.104	0.877	0.865	0.867	0.878	0.873	0.891	0.870	0.894	0.095	0.102	0.103	0.104	0.910	0.880	0.875	0.876	0.878	0.899	0.887	0.893	0.095	0.098	0.103	0.102	0.879	0.870	0.884	0.883	0.892	0.895	0.886	0.907	0.097	0.106	0.105	0.098	0.861	0.885	0.880	0.878	0.880	0.855	0.882	0.886	0.093	0.105	0.106	0.107
23:46:43	0.871	0.850	0.872	0.873	0.956	0.905	0.868	0.873	0.094	0.101	0.109	0.102	0.880	0.899	0.882	0.885	0.871	0.906	0.884	0.898	0.096	0.101	0.103	0.101	0.894	0.892	0.864	0.877	0.898	0.892	0.884	0.890	0.094	0.101	0.096	0.107	0.864	0.862	0.861	0.895	0.902	0.894	0.874	0.895	0.096	0.098	0.108	0.104	0.876	0.866	0.867	0.877	0.875	0.891	0.871	0.896	0.094	0.102	0.103	0.104	0.913	0.881	0.875	0.873	0.879	0.903	0.886	0.893	0.095	0.098	0.103	0.102	0.879	0.873	0.887	0.882	0.891	0.898	0.886	0.906	0.099	0.106	0.105	0.098	0.859	0.883	0.878	0.875	0.883	0.855	0.886	0.889	0.093	0.105	0.106	0.107
23:56:43	0.871	0.844	0.866	0.868	0.954	0.902	0.861	0.866	0.094	0.102	0.109	0.102	0.877	0.897	0.883	0.887	0.872	0.898	0.884	0.892	0.096	0.101	0.103	0.101	0.888	0.889	0.862	0.873	0.897	0.888	0.879	0.888	0.094	0.101	0.096	0.107	0.861	0.860	0.858	0.880	0.890	0.892	0.870	0.894	0.096	0.098	0.107	0.104	0.877	0.864	0.866	0.875	0.874	0.893	0.871	0.898	0.094	0.102	0.103	0.104	0.906	0.877	0.875	0.871	0.876	0.893	0.884	0.892	0.095	0.098	0.103	0.102	0.876	0.870	0.885	0.880	0.888	0.893	0.884	0.903	0.097	0.106	0.105	0.098	0.859	0.879	0.877	0.877	0.881	0.853	0.881	0.888	0.093	0.105	0.106	0.107
24:06:43	0.873	0.846	0.869	0.870	0.954	0.907	0.866	0.868	0.094	0.101	0.109	0.102	0.878	0.895	0.884	0.884	0.876	0.904	0.888	0.895	0.096	0.101	0.103	0.101	0.890	0.891	0.863	0.874	0.898	0.890	0.884	0.889	0.094	0.101	0.096	0.107	0.863	0.858	0.858	0.880	0.887	0.894	0.876	0.894	0.096	0.098	0.107	0.104	0.877	0.866	0.867	0.877	0.873	0.893	0.872	0.897	0.094	0.102	0.103	0.104	0.907	0.879	0.874	0.871	0.879	0.896	0.883	0.892	0.103	0.098	0.103	0.102	0.879	0.870	0.884	0.879	0.889	0.896	0.886	0.905	0.097	0.106	0.105	0.098	0.857	0.883	0.879	0.878	0.886	0.855	0.880	0.887	0.093	0.105	0.106	0.107
24:16:43	0.871	0.844	0.870	0.868	0.953	0.901	0.863	0.868	0.094	0.101	0.109	0.102	0.877	0.896	0.881	0.880	0.876	0.899	0.885	0.892	0.096	0.101	0.103	0.101	0.890	0.889	0.862	0.873	0.896	0.889	0.880	0.887	0.094	0.101	0.096	0.107	0.861	0.858	0.858	0.875	0.881	0.891	0.875	0.892	0.096	0.098	0.107	0.104	0.878	0.865	0.865	0.876	0.876	0.898	0.873	0.897	0.094	0.102	0.103	0.104	0.909	0.877	0.873	0.872	0.878	0.896	0.884	0.890	0.095	0.098	0.103	0.102	0.878	0.868	0.884	0.879	0.888	0.896	0.884	0.905	0.099	0.106	0.105	0.098	0.856	0.880	0.877	0.875	0.885	0.856	0.884	0.888	0.092	0.105	0.106	0.107
0:00:00																																																																																																
0:00:00																																																																																																
0:00:00																																																																																																
0:00:00																																																																																																
0:00:00																																																																																																
0:00:00																																																																																																
0:00:00																																																																																																
0:00:00																																																																																																

