mScarlet-i:570,593[2]

Kinetic read	A1	A2	A3	A4	A5	A6	A7	A8	A9	A10	A11	A12	B1	B2	B3	B4	B5	B6	B7	B8	B9	B10	B11	B12	C1	C2	C3	C4	C5	C6	C7	C8	C9	C10	C11	C12	D1	D2	D3	D4	D5	D6	D7	D8	D9	D10	D11	D12	E1	E2	E3	E4	E5	E6	E7	E8	E9	E10	E11	E12	F1	F2	F3	F4	F5	F6	F7	F8	F9	F10	F11	F12	G1	G2	G3	G4	G5	G6	G7	G8	G9	G10	G11	G12	H1	H2	H3	H4	H5	H6	H7	H8	H9	H10	H11	H12
0:07:56	95	118	105	111	81	118	95	127	66	164	74	80	65	118	76	72	100	153	112	90	95	126	103	83	117	117	120	113	100	87	103	157	114	110	84	135	94	92	128	111	141	117	125	110	124	71	107	116	100	134	121	98	114	113	112	96	143	95	147	105	115	149	116	131	115	115	110	111	74	77	119	128	124	124	122	86	128	107	148	102	67	117	147	101	65	107	121	91	150	107	62	120	127	126	108	98
0:17:56	77	101	120	128	96	92	96	123	83	129	125	92	93	100	102	120	119	91	89	136	78	123	109	98	127	100	119	109	132	111	159	112	94	137	133	62	92	100	141	120	93	142	121	118	96	111	142	148	105	119	94	108	89	139	108	108	110	116	99	109	127	100	104	99	133	100	149	124	104	112	109	148	128	111	122	131	125	90	115	105	137	100	134	112	89	83	133	101	126	117	117	82	109	95	129	103
0:27:56	83	138	136	72	99	95	87	118	84	100	107	122	109	118	130	110	118	81	89	64	119	89	114	82	99	104	103	118	105	94	131	108	139	149	79	114	113	76	93	87	118	108	99	86	118	121	147	92	105	134	98	107	135	105	152	127	105	119	97	120	110	122	104	104	119	122	99	145	113	128	110	116	123	129	123	142	99	98	141	132	123	108	112	121	98	113	120	141	130	101	107	97	75	150	117	97
0:37:56	104	140	110	111	77	124	130	119	116	88	94	103	103	127	97	120	156	115	75	75	121	127	107	178	97	126	67	124	107	93	98	97	115	109	127	110	68	133	109	98	101	119	134	96	136	83	110	120	113	139	99	117	110	125	101	106	122	137	98	117	84	127	92	133	87	145	101	140	115	145	128	117	100	115	98	119	89	133	117	147	121	98	101	123	94	158	100	110	112	127	118	99	139	76	114	97
0:47:56	103	118	100	104	113	138	112	87	115	119	110	111	118	102	114	108	147	91	91	112	157	89	119	144	100	111	96	103	61	150	143	68	119	106	82	151	146	149	123	100	118	137	131	70	125	112	118	104	148	148	139	124	73	136	139	86	127	92	159	129	152	113	127	123	83	104	98	131	105	80	143	90	127	99	90	95	116	128	123	98	106	121	96	70	118	131	112	139	87	104	89	98	125	82	133	129
0:57:56	72	127	99	133	104	110	108	153	146	107	94	112	110	91	141	122	119	137	128	118	129	106	98	104	109	160	129	97	112	130	112	119	144	74	68	96	95	130	116	93	90	99	87	169	125	127	113	128	127	159	120	137	178	136	147	133	98	111	113	130	100	116	121	140	106	118	110	160	120	133	106	126	133	156	109	126	132	117	137	97	114	132	110	98	150	137	110	137	138	90	92	97	112	87	94	138
1:07:56	107	121	136	152	113	104	101	114	128	107	90	109	131	98	111	122	85	124	75	77	91	136	101	84	129	91	139	132	129	88	114	137	145	107	108	93	139	112	134	100	101	106	120	112	94	152	100	143	148	126	135	109	132	89	131	120	112	128	101	143	111	115	122	112	151	140	128	145	141	134	145	106	112	106	143	85	118	132	101	126	112	151	111	107	91	128	106	91	166	129	139	109	105	83	116	80
1:17:56	129	121	121	126	105	130	126	108	120	89	131	100	149	88	108	91	148	129	134	100	77	94	78	117	112	116	86	66	104	125	101	133	104	126	111	126	130	93	121	106	112	75	117	88	80	110	118	116	138	138	143	159	115	142	147	123	127	179	189	123	155	148	127	156	170	181	134	123	153	186	174	127	139	168	132	157	129	122	143	112	131	86	101	123	148	138	100	131	155	140	59	106	117	65	69	100
1:27:56	113	138	122	69	111	128	113	98	127	114	124	91	126	112	112	118	79	124	81	113	127	111	129	104	126	79	127	115	111	110	88	126	109	85	114	92	134	119	87	151	129	88	108	80	112	85	109	131	237	142	179	140	155	191	131	158	155	141	171	155	130	161	165	154	182	182	177	149	156	140	150	131	139	170	119	118	122	120	156	136	159	132	161	146	166	117	122	101	157	136	97	81	108	126	107	101
1:37:56	102	118	112	141	111	93	97	115	104	110	143	119	91	135	108	116	98	110	135	91	87	102	88	122	103	111	126	128	135	137	135	112	109	135	108	129	135	125	93	119	106	119	94	110	114	111	108	127	226	244	169	163	197	213	216	184	156	216	194	175	165	182	179	214	122	178	202	185	154	175	235	107	156	205	177	146	153	130	187	155	102	155	165	169	123	156	175	171	124	121	111	87	135	106	106	112
1:47:56	108	149	61	115	140	93	101	121	102	83	86	127	135	105	121	119	126	110	138	83	84	161	107	82	146	93	116	119	115	127	127	68	123	110	110	122	113	107	146	142	91	68	130	99	79	115	124	124	317	256	158	274	232	220	190	226	196	244	230	200	194	144	180	230	173	175	186	232	224	289	240	107	197	192	242	166	156	164	215	176	181	190	162	154	203	169	244	146	204	217	80	104	108	94	117	127
1:57:56	115	123	75	98	133	127	114	103	114	109	108	133	86	129	137	94	142	108	92	120	125	103	86	134	82	157	158	91	112	106	135	88	123	94	109	106	117	116	86	98	137	93	114	123	106	113	111	121	414	280	198	283	287	275	274	249	196	285	253	255	252	201	244	264	286	260	262	260	237	377	304	161	227	203	244	204	172	157	227	204	178	259	210	184	231	220	216	176	187	162	88	80	71	121	119	104
2:07:56	112	118	123	86	117	115	119	123	88	105	105	117	119	134	69	76	131	146	94	86	125	88	133	118	110	120	120	91	88	110	123	60	145	112	126	131	116	102	91	67	131	110	135	130	106	108	85	84	465	371	191	355	300	291	309	276	308	312	344	326	335	309	304	298	356	323	285	332	307	382	408	188	269	310	271	234	228	193	249	246	288	236	302	256	299	284	234	236	288	275	88	87	80	88	92	116
2:17:56	95	161	124	121	103	91	109	116	102	120	119	130	128	137	109	126	122	125	145	128	103	109	120	103	122	138	81	121	92	99	106	122	133	124	115	105	98	126	116	93	103	97	91	92	99	106	110	151	502	455	219	363	391	410	331	347	330	313	367	346	310	369	363	374	315	374	342	330	379	473	485	230	378	338	328	253	221	210	261	332	266	294	309	318	290	352	357	299	288	358	112	85	120	81	112	118
2:27:56	78	125	149	105	114	96	128	107	110	117	145	119	136	101	106	118	104	129	119	121	135	149	113	122	71	129	96	102	131	129	83	106	113	112	122	130	81	137	122	120	118	138	91	126	117	106	147	90	634	577	235	485	418	440	422	377	406	450	471	390	396	393	418	412	461	399	460	419	380	623	584	221	460	405	443	257	245	282	335	356	331	349	295	389	351	404	362	357	404	396	91	102	115	97	88	87
2:37:56	92	110	132	114	113	134	134	101	103	94	82	111	110	101	98	112	122	123	115	134	90	124	123	99	109	134	107	106	138	125	97	107	96	141	96	118	110	122	110	158	108	124	93	105	95	113	84	110	709	553	243	551	529	561	455	505	530	560	553	477	570	482	490	566	560	549	543	537	553	685	684	221	531	454	496	346	305	344	424	481	382	454	382	437	365	454	405	356	444	428	102	98	90	139	139	105
2:47:56	93	119	143	107	86	98	132	132	102	136	121	99	139	105	139	90	120	126	99	103	119	129	131	118	137	150	112	140	124	118	116	129	106	112	118	140	136	107	158	131	92	122	94	139	112	92	106	79	792	766	314	670	623	632	589	520	470	646	608	590	582	538	570	646	630	692	621	568	605	858	715	274	548	609	568	409	336	298	494	488	518	548	450	533	481	527	489	488	501	454	119	57	88	84	88	115
2:57:56	38	121	115	150	113	107	120	153	110	93	99	119	118	138	80	135	94	136	176	109	99	112	109	98	114	104	126	143	119	99	117	84	113	122	77	104	88	84	130	119	86	114	126	128	112	111	136	117	929	937	377	693	766	755	670	614	695	699	754	704	675	667	643	748	714	726	639	671	719	895	982	270	642	725	661	410	444	341	566	546	626	594	529	574	515	598	582	534	667	645	110	123	87	110	144	104
3:07:56	126	119	93	85	126	105	108	141	101	156	129	104	126	93	123	105	109	102	145	110	138	112	86	79	113	106	169	85	75	108	99	115	108	107	133	111	124	108	155	173	124	136	115	152	106	103	160	116	1052	1050	405	828	861	868	792	750	734	843	796	743	775	730	677	915	844	824	881	786	842	1035	1004	338	780	854	714	486	455	458	635	603	671	704	653	700	699	720	685	603	689	669	132	97	103	112	101	104
3:17:56	127	105	146	90	120	85	109	108	114	114	108	126	107	82	109	97	109	138	101	128	95	107	112	119	140	124	109	95	110	103	96	147	130	117	102	132	135	114	97	126	130	126	125	90	111	135	119	139	1101	1083	420	927	913	967	919	902	861	970	903	929	769	868	808	911	920	919	1019	890	907	1208	1152	495	768	867	890	533	521	444	758	784	776	844	702	719	743	829	834	745	828	870	110	102	114	96	139	133
3:27:56	130	106	105	106	97	124	121	105	121	150	119	112	135	125	129	117	125	109	92	132	150	80	114	76	168	91	122	122	109	129	109	103	120	127	148	117	87	137	87	133	112	137	141	97	120	110	79	87	1344	1261	529	989	1086	1080	957	996	1014	1134	962	1008	849	961	925	991	1014	1053	946	1027	1091	1397	1251	425	965	1018	870	675	646	538	793	925	818	933	919	874	895	872	851	791	884	936	93	91	129	102	90	93
3:37:56	104	107	98	124	116	90	111	110	103	120	123	126	122	138	91	137	110	102	145	129	115	95	115	135	98	127	149	90	91	134	112	116	89	100	144	102	125	111	96	118	112	85	116	121	100	118	133	111	1515	1367	534	1166	1220	1224	1095	1064	1090	1161	1220	1132	1059	1022	1053	1095	1235	1114	1223	1162	1181	1523	1414	515	1150	1080	1115	706	745	626	1007	1020	996	957	1024	1020	1002	989	970	895	990	965	87	87	125	94	109	109
3:47:56	94	123	141	87	122	113	127	126	88	137	141	90	101	138	121	150	121	109	105	131	104	98	96	134	129	139	94	132	91	89	105	116	126	120	100	83	88	112	118	105	131	115	162	112	129	95	111	109	1690	1495	629	1296	1285	1280	1249	1230	1323	1308	1278	1193	1126	1186	1171	1330	1373	1205	1334	1342	1245	1628	1668	550	1176	1196	1186	767	755	724	1025	1041	1115	1010	1097	1098	1160	1113	1029	1054	1170	1276	83	95	130	98	82	61
3:57:56	104	117	97	129	104	139	93	118	90	87	126	117	151	100	118	113	134	108	116	95	119	115	101	121	89	87	169	124	116	96	124	119	151	112	87	126	98	102	116	129	82	157	119	120	109	140	114	60	1940	1754	708	1379	1383	1517	1356	1340	1314	1544	1539	1367	1260	1248	1312	1429	1542	1304	1447	1458	1372	1811	1802	661	1322	1295	1308	823	939	785	1210	1238	1236	1161	1180	1176	1106	1225	1162	1185	1254	1386	145	94	84	112	79	92
4:07:56	77	111	117	139	116	123	107	102	114	161	121	119	126	111	123	112	113	91	120	138	116	108	108	87	80	164	107	110	130	100	104	131	131	121	103	67	65	119	107	103	86	114	113	117	94	113	109	115	2207	1913	826	1534	1607	1542	1465	1477	1390	1497	1464	1473	1424	1436	1338	1512	1564	1576	1562	1513	1503	1955	2021	654	1488	1466	1354	953	979	795	1306	1388	1326	1397	1356	1281	1367	1350	1317	1241	1415	1439	104	91	131	131	97	122
4:17:56	101	119	113	105	103	90	120	86	106	123	119	141	107	114	132	144	123	96	98	115	80	97	106	122	110	119	92	112	96	156	93	134	82	140	87	103	118	131	76	119	132	114	113	71	143	105	147	106	2317	2131	901	1657	1720	1743	1549	1596	1496	1764	1690	1685	1596	1578	1490	1771	1702	1601	1601	1666	1645	2122	2049	677	1622	1619	1508	1006	1122	963	1320	1492	1388	1458	1443	1510	1465	1624	1386	1409	1466	1610	99	83	101	85	129	92
4:27:56	71	102	100	126	109	80	107	136	99	91	94	92	82	151	93	104	130	98	87	114	96	97	150	86	122	87	114	152	111	85	124	112	91	81	77	117	121	102	90	127	101	88	131	108	95	114	118	91	2464	2305	1084	1821	1827	1914	1658	1695	1673	1797	1864	1732	1626	1661	1580	1901	1816	1664	1818	1751	1866	2416	2329	890	1744	1773	1729	1217	1220	946	1473	1625	1592	1541	1554	1683	1601	1560	1579	1446	1767	1768	84	101	44	117	86	84
4:37:56	120	117	99	117	106	137	111	120	107	79	109	97	102	112	109	114	106	91	98	111	118	113	111	97	101	82	112	101	148	99	93	123	136	147	74	79	148	88	76	152	141	140	92	117	113	88	116	98	2702	2551	1136	1998	1971	2006	1900	1851	1854	2124	1925	1956	1851	1848	1762	2048	1970	1911	1866	2015	1904	2617	2515	941	1957	1831	1946	1241	1289	1032	1676	1676	1572	1807	1772	1824	1810	1797	1786	1657	1747	1770	123	94	139	119	144	100
4:47:56	95	91	119	109	129	73	118	149	97	91	91	110	89	118	75	95	114	95	103	67	109	91	139	132	121	112	112	155	72	121	80	102	94	95	85	89	75	119	104	135	108	112	98	103	91	114	134	104	2820	2626	1096	2124	2264	2147	2056	2055	2104	2305	2218	2148	2049	1990	1921	2180	2138	2022	2080	2153	2055	2698	2711	1070	2023	2003	2073	1482	1419	1125	1846	1770	1844	1932	1897	1828	1842	1976	1793	1798	1986	1979	93	74	89	88	109	113
4:57:56	104	81	99	111	155	145	85	91	129	140	98	127	113	123	87	88	93	118	102	116	115	132	122	91	100	107	81	113	128	78	82	161	105	81	125	92	134	143	86	127	116	98	139	136	71	106	87	121	3214	2886	1313	2425	2316	2293	2109	2149	2159	2442	2290	2336	2267	2249	2187	2398	2377	2365	2430	2340	2377	3029	2879	1108	2314	2371	2129	1553	1517	1210	1917	2057	2003	2178	2161	2007	2116	2148	2064	2089	2177	2230	137	76	128	100	106	82
5:07:56	88	125	95	102	114	129	112	105	78	122	103	121	121	95	125	75	106	100	85	105	125	142	94	98	117	91	109	126	116	89	111	85	73	114	121	119	93	88	132	126	109	137	116	116	75	89	131	136	3275	3109	1401	2487	2643	2581	2383	2321	2364	2513	2476	2516	2440	2416	2282	2653	2601	2561	2435	2569	2494	3080	3187	1206	2500	2575	2390	1615	1581	1375	2198	2263	2189	2341	2219	2315	2274	2350	2220	2095	2271	2341	123	85	99	130	80	108
5:17:56	107	102	164	97	97	123	87	140	94	120	122	133	119	99	123	91	86	94	96	97	133	138	122	120	110	150	140	106	82	79	106	104	105	131	97	137	157	75	119	98	125	113	113	137	106	138	110	137	3498	3388	1455	2661	2581	2797	2572	2587	2581	2798	2747	2606	2676	2512	2501	2827	2721	2819	2606	2779	2824	3528	3370	1274	2689	2570	2480	1807	1796	1383	2317	2376	2307	2534	2360	2418	2392	2478	2349	2257	2487	2508	109	107	83	114	102	99
5:27:56	116	118	101	91	130	127	92	126	70	85	70	123	127	115	115	121	74	104	136	117	81	80	84	145	132	117	87	58	89	131	121	144	98	99	113	124	119	96	147	123	144	106	125	119	115	129	80	100	3873	3838	1636	2947	3117	3101	2696	2727	2600	2960	2914	2838	2837	2594	2552	3003	2865	2886	2663	2815	2779	3658	3628	1516	2914	2927	2684	1886	1869	1436	2462	2455	2454	2497	2593	2412	2630	2692	2591	2568	2776	2614	135	72	102	112	87	86
5:37:56	93	109	106	126	103	111	112	93	124	131	137	108	115	56	72	110	103	126	117	95	95	96	157	99	80	95	123	117	126	113	109	75	112	128	121	101	87	73	79	92	136	151	93	119	98	136	106	99	3929	4364	1669	3136	3160	3202	2871	2787	2796	3139	3038	3065	2984	2838	2773	3120	3147	2945	3031	2979	2913	3789	3743	1615	2968	2985	2996	2039	2060	1492	2694	2816	2637	2763	2808	2842	2809	2922	2815	2624	2976	2841	93	85	119	92	102	78
5:47:56	114	74	121	71	107	87	112	105	133	127	139	98	106	94	79	117	106	144	105	111	115	112	108	95	110	116	123	100	101	80	97	95	97	127	106	147	93	97	112	109	97	104	113	101	110	153	123	122	4427	4690	1893	3271	3295	3427	3034	2991	2950	3215	3147	3210	3245	3171	2967	3429	3305	3111	3238	3069	3296	4403	4120	1649	3174	3255	3222	2227	2215	1662	2721	2745	2836	3033	2916	3027	2777	3219	2957	2883	3014	2922	103	105	68	105	96	102
5:57:56	102	60	105	109	141	165	149	79	73	128	126	89	122	88	77	88	112	110	109	137	110	127	76	91	104	117	84	134	122	126	118	113	102	101	77	124	108	113	129	106	102	76	160	107	104	119	73	130	4694	5241	1974	3567	3487	3659	3178	3198	3145	3491	3393	3387	3464	3316	3158	3546	3575	3413	3472	3349	3358	5239	4355	1699	3407	3483	3257	2449	2415	1682	3052	2868	2977	3235	3037	3116	3239	3431	3138	3095	3356	3183	88	94	89	137	83	94
6:07:56	105	106	72	97	102	77	111	114	127	111	135	124	108	99	88	103	127	116	96	115	126	115	91	136	92	88	78	99	99	109	104	87	107	136	101	83	87	136	103	107	115	60	138	94	95	165	94	110	5400	5527	2099	3753	3826	3832	3500	3321	3353	3725	3637	3584	3622	3702	3507	3953	4022	3761	3682	3569	3600	5508	4730	1849	3591	3888	3610	2568	2468	1805	3065	3082	3018	3407	3348	3313	3334	3685	3408	3171	3494	3424	102	81	63	129	143	98
6:17:56	79	103	98	133	143	119	80	111	102	97	116	125	150	111	111	96	91	127	111	93	99	104	91	93	97	87	110	142	112	74	97	98	137	102	114	121	129	93	129	114	98	101	122	94	87	118	94	97	6109	5778	2187	4276	4141	4322	3898	3578	3674	3910	3972	3976	4054	3912	3839	4435	4263	4088	4016	3820	3810	5881	5444	2108	3842	4098	4000	2822	2819	1947	3353	3460	3340	3550	3500	3554	3788	3887	3630	3412	3762	3631	97	79	100	93	108	80
6:27:56	97	82	110	109	109	125	112	105	87	96	74	83	87	108	120	101	90	101	96	95	103	78	148	107	114	126	114	109	120	111	90	111	89	136	86	110	81	96	129	107	109	104	100	116	112	114	103	90	6717	6277	2419	4395	4545	4418	4091	3792	3935	4366	4033	4188	4033	4675	3979	4573	4563	4325	4300	4355	4347	6396	6082	2139	4297	4481	4027	2885	2823	2020	3486	3701	3576	3774	3751	3700	3892	4070	3858	3564	4046	3780	111	111	104	117	99	105
6:37:56	119	95	107	99	99	119	98	89	89	98	92	84	117	99	86	137	113	142	138	98	115	101	105	69	103	121	101	99	139	92	86	99	98	118	103	91	108	103	132	103	135	100	110	105	90	99	94	121	7175	6739	2628	4855	4975	4781	4567	4268	4059	4511	4456	4446	4626	4863	4466	4919	4786	4530	4570	4358	4396	6875	6299	2293	4664	5349	4461	3150	3035	2147	3987	3857	3705	3983	3833	4106	4230	4484	4101	3951	4291	4022	138	46	98	118	85	103
6:47:56	106	102	93	92	99	140	92	127	118	77	96	133	129	115	119	80	68	74	110	83	109	114	60	121	111	93	98	121	133	100	100	74	85	142	135	132	103	114	116	110	87	122	89	126	126	117	103	95	7512	7103	2784	5452	5391	5334	4909	4424	4434	4901	4702	4705	4938	5005	4815	5249	5151	4906	5226	4826	5047	7385	7059	2526	5244	5544	4753	3213	3266	2379	4000	3989	4099	4201	4183	4270	4697	4928	4578	4440	4549	4390	116	98	116	71	112	87
6:57:56	102	96	101	99	117	109	90	103	107	109	110	86	106	101	85	92	84	69	94	122	89	108	120	133	96	108	117	88	85	159	119	81	121	128	131	117	111	123	115	134	111	103	136	106	142	106	104	115	8066	7554	2950	5841	5630	5774	5216	4601	4647	5352	5159	4919	5277	5425	5042	5841	5638	5433	5472	4914	5356	7815	7770	2701	5777	6044	4942	3584	3396	2452	4171	4349	4286	4674	4507	4550	5026	5388	4914	4579	5059	4622	89	102	107	82	66	97
7:07:56	107	130	113	92	82	95	121	97	103	98	95	120	103	104	115	92	103	98	125	96	87	127	85	122	109	80	99	138	114	99	95	100	100	109	99	116	95	75	119	100	105	86	130	83	151	111	96	110	8672	8144	3073	5928	6324	6045	5846	5407	4932	5709	5512	5109	5743	6094	5550	6364	6287	6309	6025	5801	5704	8509	7885	2743	6308	6597	5124	3769	3646	2543	4634	4695	4539	5073	4699	4944	5608	5855	5552	5004	5567	5076	143	81	97	90	105	112
7:17:56	102	109	137	118	85	104	101	100	102	115	108	125	123	123	136	127	101	103	93	111	110	116	142	133	131	119	95	136	140	130	128	135	115	102	135	94	109	96	82	111	81	115	113	112	104	128	120	112	8887	8593	3227	6705	6563	6459	6250	5272	5363	6398	5930	5690	6136	6207	5915	7074	6614	6665	6560	6145	6167	8899	8446	3166	6506	6901	5466	3923	3912	2743	4905	4813	4899	5306	4890	5102	6163	6194	5834	4966	5815	5196	98	105	131	111	63	126
7:27:56	157	116	104	99	128	128	108	90	95	88	128	72	145	126	87	122	123	87	118	119	124	90	111	115	72	112	109	117	122	96	111	114	113	112	153	100	97	140	85	121	110	92	111	98	119	109	121	125	9303	8876	3535	7081	7151	7341	7001	6040	6061	6788	6541	6247	6539	6450	6363	7739	7135	7255	7109	6465	6837	9132	8994	3149	7014	7305	5951	4281	4056	2864	5509	5290	4965	5704	5414	6033	6374	6746	6200	5427	6548	5551	69	104	112	107	104	106
7:37:56	74	95	99	110	140	130	116	115	80	98	113	118	112	119	125	104	90	108	102	90	144	133	87	128	129	101	143	78	92	118	132	96	96	128	114	141	143	103	166	94	88	89	109	127	120	128	78	134	9489	9446	3477	7546	7883	7807	7064	6867	6410	7075	7093	6496	7286	7337	6825	8196	7505	7579	7722	6763	7615	9554	9191	3120	7586	7796	6461	4412	4242	3094	5429	5784	5391	6239	5760	6750	6720	7299	6453	5635	6927	5812	113	80	106	105	84	98
7:47:56	108	127	101	100	96	149	127	87	89	109	121	113	110	96	133	95	64	103	112	96	115	126	93	112	91	92	87	68	141	74	114	127	77	105	105	110	98	105	116	76	148	83	105	90	115	97	86	122	10038	9745	3978	8093	8048	8028	7668	6986	6756	7417	7225	6678	7435	7563	7046	8399	7940	8055	8085	7141	7784	9820	9209	3404	7640	8260	6768	4890	4600	3150	6194	6277	6200	6234	5990	7238	7217	7700	6930	5938	7257	6215	134	112	123	86	103	76
7:57:56	92	122	103	113	90	78	121	127	121	108	93	100	106	86	100	98	73	134	94	90	119	62	123	94	95	103	93	128	112	120	81	129	90	89	92	85	112	112	138	110	125	96	126	122	84	101	98	98	10667	10008	4036	8279	8501	8535	7945	7247	6971	8145	7870	6943	8162	8100	8011	8843	8555	8378	8168	7423	8063	9714	9522	3551	8489	9054	6939	5227	4789	3189	7107	6759	6816	7166	6658	7506	7696	8041	7491	5991	6998	6500	132	110	118	79	94	146
8:07:56	114	58	114	101	104	136	89	126	150	107	66	110	122	102	134	126	138	81	99	99	92	114	95	122	108	135	110	95	120	134	139	122	107	121	122	105	115	127	96	75	129	89	120	124	108	101	128	107	10890	10206	4193	8953	8854	8807	8159	7743	7511	8053	7844	7719	8298	8623	8163	9327	8878	8817	8625	7586	8535	9586	9934	3836	8821	9323	7235	5898	5204	3396	7900	7312	7313	6588	7506	8026	8262	8623	8033	6051	8070	6620	124	148	110	111	125	96
8:17:56	120	80	133	118	107	88	136	101	110	146	126	108	127	124	128	65	126	83	141	129	104	97	89	122	131	126	145	83	70	94	107	111	115	136	135	108	109	89	80	110	107	114	98	134	102	126	118	108	10842	10540	4662	8876	9275	9216	9043	8422	7840	8419	8235	8240	8397	8575	8603	9758	9094	9408	9176	7839	8884	10075	10054	4027	9156	9660	7519	6158	5721	3243	8731	7737	7434	7686	7854	8359	9000	9012	8152	6280	8390	6650	109	80	104	109	88	79
8:27:56	104	61	108	68	111	126	106	123	124	102	117	94	86	101	120	137	113	102	92	107	109	108	108	134	74	123	115	89	111	100	124	123	97	129	79	113	85	139	67	114	104	126	102	142	101	106	114	134	10768	10552	4700	9543	9297	9486	9486	8301	8137	8766	8534	8319	8670	9277	9130	9954	9752	9290	9168	8242	9442	10359	9918	4499	9523	10205	7912	6645	6397	3464	8566	8032	7917	8079	8063	8795	9241	9107	8418	6279	9070	7028	112	134	112	85	146	88
8:37:56	89	73	61	147	100	76	105	138	98	101	87	87	90	103	124	95	107	116	80	158	116	124	109	124	109	119	128	92	80	107	87	136	116	89	124	92	91	89	111	94	104	132	107	131	98	135	110	102	11321	10912	5055	9711	9568	9824	9936	8928	8352	8944	8835	8493	9241	9543	9770	10324	10015	9784	9823	8662	9952	10484	10244	4604	9843	10722	8276	7093	6897	3588	9249	8476	8164	7688	8445	9074	9403	9370	8917	6520	8828	7016	95	84	90	85	125	90
8:47:56	107	89	141	100	93	134	102	74	132	103	103	99	99	96	113	121	105	98	79	117	110	83	81	134	118	126	110	128	142	109	108	110	77	98	95	82	108	83	115	108	92	115	124	110	132	114	94	101	10981	11017	5457	10133	10096	9808	10040	8838	8684	8866	9164	8844	9069	9831	9780	10673	10254	10113	9824	8784	10454	10435	9967	4841	10071	10643	8150	7833	7400	3592	9608	8827	8613	8508	8634	9283	9595	9566	9294	6550	9383	7119	120	104	128	112	122	99
8:57:56	61	108	115	106	134	80	127	106	131	83	111	109	108	101	68	120	73	105	109	114	95	91	122	121	117	99	156	93	148	90	118	111	98	72	118	84	106	152	79	113	139	102	143	115	116	91	72	142	11315	10871	5896	10397	10464	9890	10429	9410	8811	9251	9432	9167	9691	10305	9705	11033	10343	10434	10611	8726	10406	10647	10257	5119	10270	10737	8239	7764	7542	3581	9517	9308	8659	8200	8769	9410	9812	9726	9915	6718	9223	7652	115	149	115	125	94	132
9:07:56	81	97	108	92	131	107	128	96	113	112	108	130	110	90	126	93	77	123	82	107	106	106	72	151	109	90	64	96	119	125	101	115	56	97	148	77	99	118	90	116	104	115	127	140	139	132	107	113	11362	11110	6609	11044	10471	10189	10415	9593	9142	9449	9429	9298	9825	10441	10077	11137	10708	10414	10765	8643	10521	10433	10304	5486	10402	10833	8592	8417	7926	3623	9811	9487	9404	9105	9261	9748	10084	10282	10018	6770	9554	7568	94	91	136	92	101	71
9:17:56	123	121	155	109	91	125	114	118	103	114	88	84	153	106	85	79	120	88	111	87	80	141	92	102	126	86	103	107	93	129	95	127	114	105	114	134	107	93	111	102	122	121	107	77	100	69	93	104	11457	10986	6758	10817	10879	10518	10998	9948	9795	9659	9361	9753	9838	10380	10372	11008	10848	10579	10829	9068	10567	10663	10511	5716	10791	11196	8412	8936	8284	3642	9908	9758	9603	7827	9283	10098	10206	10194	10441	6887	9814	7128	101	153	118	87	96	114
9:27:56	112	117	93	109	103	90	93	116	80	131	151	123	78	114	158	110	131	127	92	137	127	122	105	88	122	105	105	76	86	80	109	116	131	81	91	71	131	116	155	113	95	107	101	98	97	142	92	146	11683	11046	7120	10835	10742	10689	10827	10042	9686	9793	9715	9722	10203	10508	10461	10962	10809	10331	10726	8978	10704	10644	10366	5992	10816	11207	8685	9325	8484	3686	10559	9883	10091	9784	9634	10227	10287	10578	10115	6896	9982	7168	107	101	114	116	128	114
9:37:56	84	80	137	103	112	125	128	141	123	77	82	131	71	89	70	125	96	117	75	114	129	115	136	147	80	135	93	115	102	100	87	101	115	123	85	84	52	134	132	111	106	87	132	120	118	104	123	70	11514	11435	7401	10838	10622	10639	10904	10020	9883	10330	9907	9783	10099	10605	10394	11175	11119	10621	11166	8343	10873	10792	10587	5925	11209	11129	8637	9664	8734	3815	10219	9951	10116	8498	9617	10380	10295	10301	10405	6832	10236	7393	117	89	115	112	107	119
9:47:56	135	152	96	102	99	140	115	110	105	118	110	103	118	108	91	68	103	133	135	146	114	116	102	108	93	75	105	153	123	87	134	97	132	87	88	101	119	108	82	96	139	113	138	151	112	118	90	100	11820	11563	7377	10829	10689	10787	10640	10043	9757	9854	9547	9780	10270	10739	10224	11055	11047	10793	11417	8535	11019	11000	10425	6092	11119	10985	8740	9648	8975	3756	10626	10224	10133	9111	9513	10439	10341	10815	10594	6942	10574	7626	123	94	94	126	104	103
9:57:56	119	134	133	129	125	103	130	103	82	107	115	88	117	87	108	135	90	107	96	119	117	88	80	121	126	95	105	91	119	92	86	101	109	87	124	145	82	86	116	124	72	122	98	99	132	104	97	126	11838	11750	7688	10998	10755	10849	10813	10012	9833	10049	9532	9996	10212	10532	10306	11081	11033	10740	11411	8694	10719	10882	10391	6358	11107	11464	8605	10017	9264	3702	10676	10277	10116	8642	9653	10497	10395	10499	10555	7133	11019	7433	101	87	140	104	61	118
10:07:56	115	106	90	103	133	123	112	116	114	126	137	109	118	113	131	128	110	81	81	111	105	101	113	150	99	135	56	88	130	126	91	130	122	74	133	126	118	114	78	126	145	102	154	109	122	101	140	117	11295	11673	8147	11491	10968	11161	11042	10268	9960	10049	9574	9976	10527	10691	10430	11232	11130	11032	11423	8646	10924	10749	10638	6493	11268	11430	8715	10073	9382	3807	10616	10397	10268	9352	9562	10525	10086	10636	10738	6951	10443	7626	94	106	121	116	96	102
10:17:56	133	118	75	102	132	91	103	94	83	129	82	149	121	98	120	137	127	98	108	127	130	128	120	98	116	117	135	136	96	113	114	119	120	124	127	129	91	124	120	112	88	100	121	128	81	119	102	91	11362	11654	8239	11375	10910	11100	10760	10116	9778	10359	9704	9704	10531	10811	10427	11154	11014	10690	11553	8628	10691	10714	10054	6918	11159	11371	8843	10252	9579	3703	10809	10259	10328	9598	9220	10121	10384	10108	11094	6914	10095	7337	93	81	107	48	98	104
10:27:56	86	138	99	98	95	99	103	125	127	91	117	108	116	133	106	117	96	113	137	150	102	120	123	125	115	84	89	83	105	133	143	125	114	133	110	94	111	99	106	87	118	131	110	146	89	111	104	127	11630	11681	8464	11199	10835	11045	11154	10224	9938	10446	9639	9705	10248	10784	10699	11285	11044	10689	11355	8791	10944	10860	10172	6935	11336	11731	8829	10414	9879	3725	10857	10625	10040	8964	9301	10197	10187	10565	10891	7042	9788	7293	115	130	103	82	106	78
10:37:56	128	71	126	76	93	129	101	105	97	108	110	89	93	67	97	136	97	122	136	116	115	121	126	119	141	101	120	105	112	132	131	100	157	103	109	163	114	123	128	125	123	117	95	118	78	117	128	91	11628	11671	8559	11397	10814	10965	11297	10407	10012	10247	9811	9745	10226	11099	10602	11382	10815	10789	11398	8396	10947	11210	10452	7012	11744	11767	9167	10859	10031	3822	11099	10595	10393	9552	9520	10424	10140	10430	11176	6947	10145	7534	132	111	74	118	91	104
10:47:56	74	102	114	92	101	119	86	106	106	115	96	108	102	99	109	95	112	140	143	109	118	132	129	122	147	132	114	100	115	110	115	110	126	119	83	84	161	81	124	106	97	115	117	134	124	118	107	124	11854	12022	9062	11341	11239	10923	11352	10334	10220	10078	9910	10028	10462	10970	10603	11419	11026	10961	11712	8702	11018	11263	10776	7107	11769	11903	8864	10885	10052	3726	11130	10706	10116	9607	9812	10595	10593	10455	10841	7053	10129	7356	102	104	82	119	106	90
10:57:56	72	101	107	151	80	149	94	116	101	95	84	117	99	120	89	96	72	109	104	108	92	77	90	155	105	117	142	77	116	111	130	118	77	114	80	116	135	126	155	94	112	91	102	124	103	145	107	103	12115	11817	9290	11883	10955	11094	11543	10418	10685	10300	9756	10443	10318	11106	10984	11424	11371	11072	11659	8806	10870	11216	10964	7271	11623	11875	9056	10897	10365	3736	11262	10942	10730	9230	9901	10512	10490	10812	11432	7275	10742	7166	131	88	62	98	97	113
11:07:56	73	82	98	126	123	68	113	134	132	66	123	74	113	131	123	121	149	108	129	64	70	95	103	125	92	131	107	105	104	102	95	74	128	120	91	92	118	114	116	72	128	91	102	94	130	121	127	133	12182	12106	9026	12006	11425	11180	11471	10632	10475	10464	10124	10310	10687	11332	10933	11364	11442	11374	12003	7804	11637	11536	10979	7546	11574	12507	8831	11149	10493	3602	11219	10950	10546	10076	9846	10724	10852	11184	11250	6997	10924	7473	45	75	119	110	104	97
11:17:56	87	93	127	123	113	76	115	136	91	129	119	116	92	100	145	101	145	96	133	132	117	86	129	109	97	100	129	105	89	103	95	83	88	106	80	85	99	139	138	131	86	163	145	106	106	117	132	88	12377	12001	9330	12105	11436	11315	11476	10799	10446	10209	10392	9913	10772	11212	11053	11591	11538	11298	12068	8918	11300	11439	11045	7112	11826	12167	8965	11111	10310	3770	11379	10983	10363	9368	9843	10575	10451	11076	11461	7151	10673	7399	105	68	156	99	150	121
11:27:56	95	80	102	134	116	159	121	105	137	117	101	110	105	114	92	140	89	84	136	130	98	80	125	120	90	118	127	79	136	82	98	84	100	132	105	90	146	103	117	88	166	128	96	95	117	94	109	96	12397	12382	9558	11796	11698	11303	11477	10467	10601	10257	10099	10404	10786	11271	11153	11514	11607	11701	12194	9062	11225	11359	10920	7120	11915	12272	9075	11438	10597	3917	11264	11038	10338	8711	9565	10756	10628	11066	11385	6993	10802	7481	126	119	93	151	117	112
11:37:56	104	130	115	133	123	99	96	108	108	167	89	106	117	131	148	120	111	104	91	91	83	125	113	164	106	114	123	143	122	102	77	87	114	103	141	125	113	121	148	97	123	109	99	133	70	66	106	134	12796	12357	9330	12138	11727	11392	11744	11255	10696	10366	10647	10302	10921	11244	11322	11450	11847	11956	12108	9545	11547	11282	10945	7721	12000	12545	9135	11639	10607	3797	11195	11177	10397	9780	10114	10824	10750	11316	11747	7176	11484	7074	111	118	115	78	96	95
11:47:56	82	105	104	87	104	94	91	138	111	103	119	114	131	110	120	122	119	108	78	120	92	117	133	114	102	79	87	104	89	101	108	118	99	130	126	122	124	119	98	141	120	102	113	128	98	124	116	86	12868	13056	9680	12483	11925	11786	11940	11216	10952	10637	10712	10525	10996	11529	11141	11761	12054	12356	12486	9146	11846	11936	11168	8037	12308	12354	9023	11431	10806	3871	11726	11235	10512	10068	10001	11174	10906	11173	11850	7035	11513	7499	108	96	144	78	50	85
11:57:56	95	111	117	111	112	102	141	130	96	138	111	161	133	95	84	88	130	124	117	99	101	106	128	134	116	120	128	107	84	126	118	137	119	131	90	128	112	116	91	122	122	93	118	129	120	116	123	98	12810	13127	9720	12356	12006	11653	12080	11098	11072	10695	10461	10794	11186	11815	11392	11953	11977	12384	12710	9445	11645	11732	11350	7981	12629	12754	9230	11876	10812	3680	11511	11345	10595	10854	10297	11061	11100	11284	12171	7164	11856	7358	148	109	73	111	98	86
12:07:56	116	126	125	74	97	119	131	98	97	160	96	87	113	133	122	99	111	47	114	107	97	115	101	121	92	148	150	111	101	146	119	125	122	138	110	83	145	107	131	124	98	121	118	80	92	131	104	89	12861	13175	9802	12520	12159	11858	12656	11212	10928	10603	10762	10452	11186	11638	11590	12317	12222	12348	12894	8777	11850	11501	11132	7893	12431	12392	8966	12141	10626	3766	11708	11268	10718	9809	10043	10917	11333	11607	11802	6865	11132	7238	97	108	116	90	121	120
12:17:56	127	142	125	133	83	111	89	171	85	106	99	106	120	111	133	123	116	80	121	122	72	115	83	149	110	87	117	123	129	114	115	93	150	74	141	114	101	113	111	139	154	132	113	100	106	113	109	145	13006	12972	9436	12475	11930	11902	12166	10837	10722	10487	10586	10357	11374	11595	11288	11845	12075	11874	12301	9023	11682	11403	11132	7679	12269	12257	8979	11818	11040	3807	11451	11374	10513	10147	9997	10821	11317	11403	11953	7048	11388	7571	133	112	110	121	81	100
12:27:56	114	129	117	99	111	122	104	96	126	122	113	113	99	66	121	110	104	86	76	107	99	111	73	109	88	107	137	112	82	79	96	102	135	75	130	91	109	110	126	88	96	127	128	91	119	151	171	98	12837	12914	9728	12504	12052	12242	12072	10988	10604	10824	10420	10227	11026	11895	11267	12014	12158	12027	12146	8554	11603	11374	11097	7755	12360	12556	9055	11968	11130	3684	11420	11252	10469	9396	9954	10700	11194	11297	12065	6984	10452	7389	113	116	75	142	93	72
12:37:56	126	117	141	100	121	98	119	138	96	122	114	128	62	95	129	115	126	106	84	102	105	135	140	126	131	115	116	130	116	100	125	78	136	126	127	107	122	117	106	124	138	112	82	121	75	109	80	92	13232	13211	9597	12803	12213	12487	12630	11160	10811	10794	10767	10613	11534	11765	11695	12408	12294	12438	12349	9041	11634	11590	11316	7944	13053	12697	9030	12576	11284	3834	11490	11432	10658	8866	10192	10789	11330	11554	12234	7284	11636	7599	87	99	64	126	112	103
12:47:56	114	96	120	112	122	81	134	94	116	141	126	106	148	98	132	117	107	104	104	116	124	126	127	124	110	91	95	126	130	101	147	112	72	145	99	145	93	147	127	128	139	85	106	115	119	85	86	92	13133	13423	9939	13018	12391	12699	12447	11535	11382	11241	10936	11155	11579	12167	11666	12683	12407	12824	12753	9134	12054	12464	11692	7730	12974	13322	9256	12599	11499	3892	11823	11978	11157	10540	10423	11481	11414	12135	12238	7217	11741	7325	114	107	112	76	121	115
12:57:56	116	113	113	84	86	100	104	125	139	133	107	103	115	122	101	137	94	92	135	104	111	91	89	129	163	91	127	142	137	135	123	94	131	119	128	97	104	131	102	123	135	121	124	90	79	94	86	134	13167	13799	9689	13064	12450	12977	13061	11859	10916	11243	11082	10975	11765	11761	11947	12693	12530	13143	13044	9582	12393	12582	11527	7803	12732	13256	9291	12761	11687	3817	12175	12136	10845	9905	10304	11639	11359	12235	12661	7017	12147	7539	152	114	98	106	94	56
13:07:56	115	101	158	119	91	106	116	97	124	89	113	139	106	93	111	145	127	107	95	100	112	135	154	87	89	122	110	99	105	130	128	131	126	152	120	147	158	128	134	122	113	142	120	144	108	127	97	101	13001	13349	9943	13193	12781	12905	13093	11758	11519	11343	11161	11082	11924	12029	11905	12636	12682	13423	13245	8872	12478	12302	11366	7677	12878	13501	9167	12775	11975	3965	12161	12448	10776	10740	10644	11337	11730	12110	12610	7246	11740	7715	119	89	84	135	111	119
13:17:56	99	159	136	149	88	98	99	101	107	141	109	129	96	86	123	155	115	109	147	128	107	111	102	115	116	157	136	119	105	119	111	91	104	129	93	112	71	138	137	131	70	175	79	126	95	102	93	120	13317	13689	9678	13445	13259	13120	13244	12175	11434	11695	10812	11247	12206	12551	11953	12980	12938	13397	13808	9305	12723	13232	11435	7676	13166	13552	8888	13097	11817	3743	12975	12251	11241	10030	10760	11642	11963	12494	12727	7096	11376	7674	121	86	91	139	126	93
13:27:56	95	88	132	124	129	104	143	92	101	108	114	136	141	100	107	127	140	117	83	113	91	117	130	126	134	113	106	134	110	118	155	84	103	103	111	91	152	118	139	133	121	75	121	142	120	140	95	124	13675	13749	9985	13810	12925	12937	13511	11899	11253	11223	10912	11244	12004	12271	11874	12690	12880	13440	13215	8436	12927	12463	11381	7795	12982	13559	9229	13067	12282	3704	12203	12358	11218	10264	10471	11734	12155	12056	12563	7169	11548	7723	116	109	122	112	90	83
13:37:56	104	120	141	132	107	99	103	98	138	128	164	146	131	129	94	140	111	95	103	98	120	78	105	134	113	127	99	69	100	119	97	104	101	115	116	104	132	76	120	129	123	144	88	107	95	101	138	94	13450	13921	10185	13954	12962	13171	13532	12206	11883	11519	11044	11259	11932	12033	12164	12804	13094	13442	13527	9183	13005	12523	11076	7811	13356	13655	9362	13257	12284	3831	12947	12652	11381	10857	10589	11596	12180	12166	12389	7300	11649	7648	140	133	98	119	104	81
13:47:56	130	87	101	101	118	98	123	117	137	90	86	81	110	102	129	107	110	101	88	94	101	148	115	110	100	118	82	121	136	125	95	115	163	65	68	75	123	75	125	133	163	133	85	128	121	90	132	124	13741	13404	10265	13660	13244	13231	13330	11715	11648	11279	10803	11110	12287	12385	12251	12862	12888	13184	13830	8943	13048	12562	11433	8034	13306	13637	9403	12962	12406	3858	12763	12666	11504	11137	10474	11531	11977	12399	12794	7285	11922	7574	109	133	127	78	115	103
13:57:56	83	125	100	97	112	113	97	106	102	146	106	106	123	115	143	128	107	117	98	114	110	91	101	102	129	183	151	85	131	109	102	108	155	86	78	116	129	123	71	82	123	126	145	111	97	88	125	126	13926	13808	10299	13728	13229	12984	13690	12191	12052	11636	10999	11281	12637	12459	12320	12918	13531	13525	14057	9726	12895	12927	11508	8158	13779	14156	9323	13798	12238	3786	13179	12445	11651	9632	10781	11882	12238	12582	12873	7150	11940	7748	85	95	64	88	119	99
14:07:56	118	119	78	140	116	102	107	135	103	109	139	92	103	123	158	118	114	150	100	91	117	94	152	110	106	116	100	109	137	104	107	97	103	122	101	121	121	114	111	146	96	125	115	91	82	98	76	121	13642	13544	10353	13850	13693	13314	13589	12375	12140	11350	11223	11133	12566	12555	12541	13162	13464	13443	13828	9107	13313	12702	11843	7939	13601	14107	9639	13247	12350	3862	12916	12244	11703	10793	10548	11911	12287	12958	13123	7221	12141	7615	84	108	123	126	107	129
14:17:56	109	135	138	116	120	119	125	94	119	125	127	110	114	92	136	100	99	94	139	105	99	119	107	131	91	96	120	115	108	130	115	119	81	105	106	94	130	113	125	139	120	166	77	103	144	127	125	129	13706	13331	10376	14037	13918	13339	14224	12138	12034	11494	11362	11287	12593	12633	12188	12922	13186	13169	13991	9498	13367	12638	11674	8088	13555	13973	9429	13537	12324	3694	13158	12545	11806	11085	10953	11809	12340	12583	13026	7286	12519	7684	130	92	139	94	168	96
14:27:56	128	88	118	86	95	152	120	116	70	142	104	122	93	153	112	123	96	99	123	142	133	69	96	132	140	121	120	123	114	123	106	141	135	137	130	109	156	124	151	106	110	110	112	100	91	129	152	98	13704	13770	10782	14309	13728	13151	14482	12005	12183	11594	11072	11472	12753	12602	12366	13460	13364	13581	14282	8680	13354	12948	11421	7961	13689	14427	9552	13967	12464	3848	13150	12639	11660	10438	11073	11721	12641	12729	13194	7480	12512	7654	92	121	109	93	120	78
14:37:56	119	128	122	114	137	108	119	140	94	124	90	125	127	145	111	122	112	133	113	139	131	95	134	125	124	125	122	130	131	123	132	142	105	143	161	113	108	108	110	117	131	131	116	105	128	96	97	105	13657	13707	11150	14147	13968	13569	14138	12567	12228	11923	11361	11420	12642	12892	12371	13318	13421	13318	14497	9656	13429	12963	11801	7870	13455	14361	9260	13973	12709	3734	13576	12343	11693	11447	11108	11964	12979	12892	13348	7284	11928	7756	121	76	119	116	107	94
14:47:56	124	115	150	94	139	96	109	80	86	132	124	79	83	99	113	157	138	71	103	92	116	95	128	144	83	132	90	104	100	141	124	137	118	88	125	104	102	128	116	130	157	121	151	129	103	151	96	124	13567	13599	11300	14069	14009	13497	14129	12353	12025	11607	11742	11226	12450	12957	12672	13499	13755	13572	14506	8842	13483	12551	11706	8118	13530	13929	9272	13933	12516	3933	13863	12418	11714	10482	10827	11716	13237	12755	13197	7281	11838	7623	109	66	108	111	113	129
14:57:56	107	129	119	123	84	124	126	134	128	65	104	106	90	120	131	138	126	117	120	111	100	129	111	142	124	108	111	140	95	90	114	128	160	137	136	123	140	101	93	115	122	106	135	100	62	132	110	125	13593	13511	11163	14253	13858	13723	14337	12436	11967	11754	11418	11330	12616	13021	12600	13307	13644	13352	14023	9645	13408	12984	11874	8273	13401	14457	8982	14230	12717	3905	13565	12872	11901	11576	11044	12115	13101	13004	13091	7134	12002	7789	117	131	117	134	95	87
15:07:56	120	113	101	131	92	115	92	95	106	116	99	109	138	155	97	138	120	117	122	71	132	103	129	111	123	109	125	76	159	72	121	118	119	113	119	109	152	103	110	117	148	139	101	118	161	107	109	83	14063	13838	11624	14487	14263	13862	14333	12695	12398	12008	12058	11647	12728	12786	12718	13030	13656	13777	14094	9151	13384	13063	11951	7999	13987	14224	9410	14192	13235	3744	13537	12998	12014	10224	11083	12215	13111	12971	13463	7466	11882	7556	141	68	141	125	85	113
15:17:56	141	98	116	53	93	118	177	151	72	113	107	131	73	128	110	128	150	106	108	129	104	104	101	109	115	149	123	114	88	107	129	138	116	152	100	109	93	118	131	115	122	135	114	138	120	109	117	139	13681	13588	11431	14134	13574	13462	13988	12034	12052	11577	11211	10886	12770	12860	12625	13398	13197	13816	13705	9501	13098	12545	11665	7911	13502	13945	9209	14186	12768	3905	13487	12401	11535	10724	10501	11882	12732	12647	12952	6956	11358	7798	93	81	115	104	141	105
15:27:56	152	98	105	104	58	116	122	91	116	115	132	105	129	95	109	117	122	160	114	106	128	113	141	108	131	128	78	130	144	102	85	79	81	119	119	145	116	132	91	130	154	146	120	101	113	92	113	111	13595	13758	11833	13963	14043	13457	14278	12434	12291	11634	12017	11242	12948	13051	12599	13671	13994	13542	14322	8803	13541	12745	11898	7940	13655	14602	8777	14492	13351	3673	13595	12975	12038	11306	11259	12050	12975	13175	13157	7103	11423	7722	132	96	109	121	95	134
15:37:56	102	121	158	119	131	94	93	109	106	89	109	151	112	109	164	94	117	121	127	124	152	112	74	139	95	94	106	89	80	127	135	102	80	125	102	99	128	132	131	133	123	129	142	148	133	112	111	119	13755	13606	11888	14525	14036	13593	14757	12339	12664	12143	11962	11187	13177	13213	12807	13654	13660	14112	14596	9536	13679	13158	11664	8262	14122	14965	8820	14511	13307	3839	13906	13043	12096	10677	11433	12311	13186	13585	13593	7320	12786	7557	90	101	100	117	99	129
15:47:56	112	92	143	86	141	68	127	112	136	102	149	125	95	148	107	126	90	105	115	135	118	150	75	131	155	144	98	130	98	167	79	136	122	117	96	152	102	131	174	121	137	132	140	129	128	90	117	123	13676	13954	11947	14643	14428	13759	14699	12436	12981	12419	11893	11526	13136	13148	13017	13843	13887	14262	14652	8958	13747	13479	11732	7993	13746	14728	8900	14728	13670	3722	13993	12916	11850	11167	11718	12532	13473	13412	13648	7472	12414	7584	137	104	131	74	104	105
15:57:56	116	115	123	133	93	75	115	116	96	127	101	90	127	121	92	141	138	134	106	115	107	103	108	126	121	144	93	65	123	116	108	99	120	157	99	99	129	118	131	109	100	160	81	144	139	113	133	98	13828	14114	11981	13902	14393	13799	14623	12243	13123	11987	11575	11320	13104	13373	12931	13933	14302	13451	14252	9514	13654	13052	11360	7944	14210	14835	9058	14483	12977	3783	14015	13058	11966	11407	11059	12257	13450	13328	13579	7326	12045	8052	139	98	92	113	126	104
16:07:56	93	105	82	104	110	105	130	120	142	119	155	119	136	89	119	123	114	126	120	113	94	126	114	115	120	127	87	104	110	126	123	119	74	127	129	100	122	87	93	132	140	161	99	108	123	133	108	102	14040	13848	12281	14234	14229	13652	14745	12443	13019	11923	11980	11472	13349	12881	12874	13745	13990	13686	14024	8902	13823	13094	11540	7936	14123	14772	8931	14767	13544	3926	14410	13050	11947	11541	11054	12517	13373	13450	13522	7472	12721	7823	133	114	109	101	125	75
16:17:56	106	128	117	73	126	109	106	109	162	110	143	117	95	109	134	89	162	133	123	123	130	111	90	136	143	123	150	110	106	125	100	122	94	95	129	131	81	154	119	142	121	134	142	122	113	112	89	146	14112	14126	12006	14292	14099	13580	14526	12477	13148	11812	12114	11739	13132	13133	13140	14278	13747	14103	14876	9847	13930	13083	11593	8014	14035	14913	9316	14920	13442	3939	14097	13071	12022	9910	11065	12596	13136	13419	13271	7319	12604	7787	103	99	92	104	88	101
16:27:56	118	117	146	150	98	128	104	113	147	108	140	103	67	139	121	124	100	116	113	91	89	177	132	133	102	119	128	103	139	99	135	114	122	91	125	101	152	128	143	166	117	108	89	93	131	132	120	128	14149	13738	12228	14632	14324	13812	14614	12560	12794	11848	11807	11453	13004	13009	13126	13929	13842	13857	14347	8703	13720	12661	11813	8280	14309	14652	9099	14611	13304	3892	14093	13212	12293	10544	10924	12103	13326	13641	13378	7147	12957	7671	140	100	118	77	119	91
16:37:56	117	110	121	115	126	95	141	99	99	128	126	135	136	111	122	97	132	126	102	151	140	164	127	110	100	137	67	107	142	105	116	132	113	109	96	106	142	141	142	123	137	116	108	112	87	119	110	77	13785	14188	12216	14542	14253	13675	14438	12669	12866	11823	11833	11422	13235	13281	12887	13902	13951	13961	14600	9688	13963	13115	11983	7985	14081	14801	8819	14525	13750	3853	13999	13156	11985	9867	11119	12329	13433	13664	13501	7378	13711	7775	111	97	132	88	93	106
16:47:56	142	87	127	120	105	97	126	145	154	129	84	97	121	83	147	131	121	117	126	115	141	115	139	141	123	123	115	146	105	157	123	129	108	145	124	149	116	115	151	118	134	181	111	159	109	107	90	78	13983	13910	12010	14716	13843	13591	14640	12333	12851	11709	11858	11078	12934	12953	12881	13851	13780	13886	14535	8935	13750	12823	11331	7384	13941	14507	8693	14730	13560	3832	13722	13018	11930	10349	11104	12320	13356	13535	13687	7407	13049	7924	104	97	62	123	100	121
16:57:56	53	120	137	121	120	102	116	82	156	118	126	132	102	143	100	116	111	135	141	90	143	113	96	146	120	134	120	105	113	119	99	110	109	119	125	112	118	144	109	143	117	158	99	138	130	87	98	122	13810	14414	12080	14627	14097	13557	14387	12781	13173	11902	11735	11168	13080	12699	12664	13864	13991	13612	14362	9728	13509	12783	11451	7850	14258	14661	8943	14651	13683	3727	13492	13329	12133	9366	11165	12181	13596	13456	13907	7108	13107	7753	91	134	121	77	100	145
17:07:56	101	137	159	123	90	114	116	96	145	133	103	87	112	123	105	116	118	107	94	136	114	103	97	91	117	113	127	115	118	65	114	93	143	124	106	111	131	135	125	115	150	154	93	115	114	97	110	111	14085	13705	12140	14323	13899	14102	14073	12701	13043	11773	11993	11570	13003	12937	12591	13896	14170	13803	14624	9044	14152	13242	11718	8124	14236	14684	9021	14923	13508	3909	13942	13693	12458	10615	11234	12148	13574	13705	13494	7406	13384	7758	77	131	116	67	125	137
17:17:56	125	131	117	121	127	120	120	119	95	113	92	154	121	109	93	95	110	134	133	120	102	131	117	158	125	111	119	112	108	150	119	108	124	112	138	117	126	151	134	136	144	121	153	96	129	114	145	99	13752	14319	12131	14445	13998	14015	14451	12735	13558	11689	11942	11268	12901	12895	12950	13780	13911	13696	14591	9957	13628	12958	11614	7953	14255	14747	9116	14978	13502	3980	13734	13625	11962	9474	11290	12205	13605	13472	13685	7289	13361	7836	110	132	96	121	79	112
17:27:56	108	172	122	130	117	134	94	110	133	101	124	67	127	101	107	122	136	89	109	119	133	131	123	124	88	112	110	88	115	108	112	144	141	125	125	114	115	150	136	142	134	180	109	132	113	116	130	146	13847	14386	12598	14543	14015	13898	14545	12636	13210	11988	11956	10925	12782	12955	12672	13935	13779	13874	14408	8763	13984	12479	11559	7904	14119	14821	8897	14898	13252	3722	13755	13125	12138	10376	11598	12030	13417	13409	13840	7397	12789	7750	105	95	99	107	130	90
17:37:56	119	134	129	114	93	136	148	124	109	94	115	110	103	146	128	165	141	116	105	120	103	68	127	148	144	152	116	125	92	156	132	104	119	103	117	136	125	105	156	143	116	146	89	108	125	91	127	80	13819	14255	12665	14389	14100	13814	14714	13207	13303	12415	11991	11228	12907	12912	12439	14004	13920	14187	14554	9813	14126	12756	11644	7992	14126	14693	8726	15187	13825	3856	13761	13549	12143	10554	11732	12137	13756	13664	13752	7276	12775	7719	115	95	95	91	95	89
17:47:56	75	117	96	125	158	133	108	123	104	111	115	110	111	154	91	81	112	87	147	136	127	129	148	105	100	133	136	110	114	157	156	150	119	108	97	118	155	123	128	154	149	130	129	131	121	94	113	105	13676	14422	12657	14655	14011	13630	14818	12643	13186	12189	12087	11062	12689	13021	12686	13912	13777	14056	14757	10054	14100	13083	11211	7701	14593	14990	8555	15373	13857	3781	14360	13587	11832	9729	11320	11907	13815	13366	13831	7409	13148	8124	103	107	99	80	104	135
17:57:56	105	103	114	84	129	74	122	125	89	96	136	116	97	98	141	107	106	115	101	94	132	128	120	114	134	138	141	142	111	145	102	102	132	127	147	127	140	116	116	122	126	107	81	106	135	112	110	113	13965	14225	12377	14703	14139	13910	14764	12707	13231	11882	12229	11113	12550	13032	12649	13694	13671	14057	14849	8881	14015	12837	11512	7867	14118	14808	9073	15426	13697	3762	13766	13548	11749	10835	11271	12309	13999	13690	14040	7318	12515	8035	111	123	83	82	106	107
18:07:56	101	104	102	97	94	118	100	124	120	107	132	135	156	141	66	106	113	103	130	103	132	136	115	111	128	107	114	116	135	101	112	117	148	90	107	96	131	154	128	114	137	130	88	132	102	123	123	116	14052	14341	12737	14533	13913	14009	14644	12587	13250	11473	11684	10919	12770	13026	12633	14120	13869	13791	14487	9838	13865	12658	11226	7574	14074	14860	9055	15453	13609	3754	13869	13140	12020	11088	10804	12328	13755	13183	13826	7140	13017	8192	112	103	69	88	65	79
18:17:56	77	108	114	130	127	105	123	85	125	139	98	101	103	140	117	125	151	128	112	126	113	94	121	146	140	115	114	122	136	98	141	88	93	116	109	125	113	119	120	149	136	120	142	81	100	119	98	121	13612	13602	12743	14516	14176	13693	14869	12922	13339	11572	12039	10993	13130	13019	12964	14213	13780	13702	14977	8692	14151	12774	11548	7845	14419	14856	9194	15377	13985	3869	13951	13533	12426	11874	11061	12488	13814	13621	14290	7409	13310	7978	90	114	104	126	90	102
18:27:56	104	87	126	142	159	133	134	139	135	180	99	118	81	133	99	139	150	86	123	120	96	108	128	129	118	66	140	137	87	93	103	143	110	128	155	144	101	146	98	121	125	161	94	90	120	98	129	124	13890	14208	13011	14885	14207	14109	14740	12827	13534	11481	12019	10946	12662	13148	12497	14223	13874	13894	15004	9856	14464	12294	11359	8065	14655	14969	9227	15302	13804	3998	14289	13551	12288	11722	11029	12608	13705	13621	14055	7269	13036	7914	118	128	107	101	87	79
18:37:56	109	131	111	148	143	100	137	77	153	90	108	98	128	117	122	79	111	152	134	113	135	96	141	125	130	132	122	85	100	130	111	112	141	99	84	112	159	128	140	145	128	136	125	107	74	100	151	66	13685	13975	13071	14945	14419	13758	14995	12840	13560	11401	11916	11058	12499	13302	12598	14420	13908	13838	14865	9062	14044	12350	11440	8148	14387	15120	9027	15432	14163	3930	14442	14011	12120	9813	11107	12914	13613	13725	14437	7387	13610	7998	111	85	153	115	117	111
18:47:56	111	145	124	114	103	104	109	100	118	121	92	85	91	166	113	121	122	108	137	127	117	126	104	143	140	127	121	111	102	117	118	120	158	128	106	123	119	146	102	116	123	90	126	118	124	118	105	108	13908	13824	12680	15025	13731	13790	14508	12996	13224	11624	11860	10746	12642	13212	12470	14026	13535	13887	14638	9754	13841	12217	11242	7727	14250	15046	8974	15365	14047	3637	13766	13924	12062	10345	10657	12217	13126	13579	13975	7122	12995	8089	121	97	93	78	94	104
18:57:56	129	114	120	116	129	139	126	151	90	121	98	85	122	91	92	111	147	128	132	116	141	100	104	136	106	144	136	123	151	94	99	119	95	120	134	119	113	136	134	152	149	151	107	134	99	102	106	119	13516	14086	13215	14659	14047	13612	14551	13142	13351	11488	11918	11147	12782	13001	12548	14286	13620	13453	14684	9449	14197	11858	11276	7906	14704	15044	9045	15579	13959	3800	14388	14187	12102	10769	11097	12215	13894	13751	14420	7364	13322	8100	140	64	115	71	70	96
19:07:56	117	118	141	99	135	86	146	123	144	109	95	131	127	159	103	106	113	122	126	118	122	112	120	130	125	139	100	89	159	124	142	112	113	108	106	122	125	104	107	108	130	90	110	96	101	124	116	101	13391	13837	13260	14495	14257	13436	14585	12938	13600	11760	11771	10875	12792	13135	12712	14130	14182	13817	15034	10120	14224	12049	11209	7952	14436	14837	8936	15482	14114	3757	14397	13894	11760	11419	11070	12049	13821	13304	14381	7518	13248	8025	104	101	134	69	121	83
19:17:56	113	91	115	109	72	123	122	153	129	120	126	140	116	145	132	165	132	136	135	157	104	122	118	108	111	73	153	92	140	132	91	111	139	91	77	142	126	159	135	173	146	137	117	87	134	134	112	118	13376	13823	13295	14601	14238	13450	14951	12877	13379	11290	11993	10954	12904	12780	12882	13946	14176	13679	14772	9410	14205	11378	10849	8181	14821	15053	8304	15306	13794	3631	14223	14011	11987	10778	10950	12592	13543	13552	14159	7492	12695	7966	80	125	80	123	88	107
19:27:56	132	117	106	139	104	104	97	135	109	98	110	97	107	107	94	97	158	111	125	136	143	99	124	129	124	119	156	117	116	87	109	117	99	135	120	107	106	116	186	126	144	117	128	129	86	120	110	98	13232	13775	13192	14585	13996	13631	15069	12820	13230	10709	11943	10613	13018	12689	12517	13994	13702	13857	15128	10147	14282	11377	10846	7794	14372	15020	8771	15730	14276	3917	14343	13749	11456	10916	10803	12482	13381	13282	14188	7476	13259	7994	98	111	69	93	129	98
19:37:56	146	140	153	94	122	122	93	116	105	125	73	145	93	121	104	132	153	143	69	128	111	125	147	132	110	156	117	120	107	115	140	120	118	108	129	115	81	113	138	116	119	138	122	119	105	146	53	83	13238	13845	13230	14255	14249	13728	15196	13093	13449	11271	11827	10728	12742	12818	12498	13979	13720	13862	14901	9637	14039	11477	11152	7845	14313	15188	8745	15836	13912	3814	14407	13922	12001	10400	10604	12265	13717	13349	14461	7269	13445	8127	110	73	156	81	91	111
19:47:56	112	100	119	123	121	127	136	114	148	67	130	150	80	107	112	121	123	140	120	150	105	116	105	148	96	138	143	114	132	81	92	110	152	126	119	109	172	139	131	70	117	145	101	138	105	122	119	106	12961	13127	13074	14605	14319	13331	14757	13243	13038	10865	11641	10388	12665	12974	12140	13801	13633	13332	14574	10227	14299	11186	10541	7715	14316	15494	8260	15653	14122	3782	14270	13662	11824	10926	10463	11839	13858	13214	14341	7413	13973	8045	92	92	86	95	118	112
19:57:56	129	133	127	106	132	95	147	129	138	134	108	75	81	124	122	111	108	112	154	112	99	144	113	144	124	90	96	131	142	155	123	141	108	155	106	130	121	119	131	126	172	134	137	113	121	121	120	116	12625	13199	13027	14045	14110	13041	14613	12950	13218	10701	11769	10518	12595	12868	12148	13304	13807	13597	14512	9205	13918	11033	10218	8000	14033	14817	8342	15694	13498	3672	14484	13847	11870	9039	10952	11897	13636	12923	14379	7169	13617	8001	120	113	92	84	95	101
20:07:56	105	144	108	131	97	93	112	133	124	156	106	113	138	133	128	119	136	102	83	103	119	155	119	99	75	143	109	106	144	126	140	127	120	124	118	167	118	123	149	131	143	136	121	115	101	113	83	112	11844	12941	13105	13882	13653	13155	14552	13329	13341	10851	11717	10084	12737	12659	12242	13698	13464	13579	14280	9952	14049	10661	10019	7834	14146	14693	8644	15655	14043	3865	14133	13584	12068	10160	10726	11735	13650	13250	14110	7110	13170	8250	77	101	119	97	91	102
20:17:56	112	96	76	106	141	124	103	120	128	112	133	140	117	129	113	116	146	113	146	109	104	124	137	153	137	106	142	129	131	91	162	105	134	98	141	124	121	111	123	140	143	58	126	109	111	87	137	107	11670	12397	12920	14143	13648	12949	14973	12713	12794	10746	11057	9541	12708	12709	11825	13488	13675	13272	14075	9110	13562	10280	9794	7692	14222	14643	8053	15744	13900	3692	14384	13421	11671	10052	10190	12159	13082	13081	13625	7375	11939	8186	120	115	119	114	106	115
20:27:56	146	121	125	132	104	132	130	119	92	128	137	106	116	98	102	103	153	113	126	120	114	114	123	159	155	144	82	135	115	149	100	86	116	119	106	107	119	111	101	144	116	166	121	95	138	147	118	114	11231	12369	13053	13871	13377	12833	14778	12474	12399	10426	11364	9011	12111	12547	11606	13548	13543	13150	13975	9472	13163	9813	9274	7772	13689	14451	7896	15241	13814	3794	14439	13390	11284	10099	10269	11563	13145	12810	13589	7174	10960	8035	93	97	112	146	101	108
20:37:56	103	112	128	92	129	117	137	104	142	127	152	109	114	102	106	124	96	151	146	120	95	120	108	115	139	128	114	130	128	99	112	125	128	130	129	147	109	136	129	141	114	145	95	122	121	112	103	103	11108	11969	12959	14188	13143	13220	14815	12377	12150	10310	10926	8838	11845	12546	11300	13271	13324	13003	13878	8437	13179	9394	8629	7863	13863	14719	7930	15614	14326	3820	13929	12532	11176	9734	10258	11369	13136	12783	13556	7202	10903	8038	107	98	82	90	129	93
20:47:56	108	126	151	114	139	120	145	111	115	89	143	123	85	106	164	122	127	123	135	131	106	98	135	152	99	129	58	97	101	129	124	108	120	131	128	138	118	131	136	110	115	142	95	110	113	129	75	111	10898	12124	13157	13902	13116	12476	14513	12295	11807	10320	10372	8546	11511	12326	11384	12857	12671	12735	13444	9702	12964	9167	8078	7591	13724	14288	8025	15359	14427	3826	13569	12975	10862	7876	9919	11368	13090	12644	13565	7278	10591	8015	113	128	68	111	154	107
20:57:56	100	126	106	93	110	99	168	128	88	117	121	113	104	153	132	99	131	128	117	151	141	127	105	113	118	158	125	135	133	137	99	132	138	118	113	132	106	128	109	126	140	153	87	112	131	122	95	107	10653	11808	13249	13314	12649	12452	14041	11885	11533	9183	9844	8216	11330	11921	11133	12502	12442	12574	12842	7824	12452	8196	7510	7938	13347	14198	7831	15296	14220	3692	13634	12611	10680	8430	9229	10913	12855	12251	13050	7442	11045	7933	112	106	86	101	82	128
21:07:56	106	89	111	141	121	152	135	65	133	124	123	136	100	129	168	115	122	129	117	128	125	110	105	109	77	89	140	111	138	128	124	110	107	128	136	91	141	115	133	140	136	128	101	93	109	114	91	106	10525	11675	13244	12921	12437	12343	14089	11706	11242	8929	9616	8105	11077	11964	10869	12433	12132	12263	12811	9234	11931	7997	7327	7876	13007	14129	7717	15049	13883	3812	13445	12401	10633	9175	8775	10589	12668	12314	12932	7049	10456	7831	97	82	94	121	103	100
21:17:56	128	100	123	133	91	99	84	114	121	91	134	108	112	92	114	119	104	96	133	87	124	115	126	141	98	123	125	112	98	81	133	114	153	129	120	144	137	124	148	160	149	128	98	107	100	94	109	128	10454	11043	13061	12794	12221	11746	13474	11123	10971	8120	8522	7885	10413	11870	10489	12263	11988	11908	12424	7709	11531	7703	6918	7632	12640	14144	7755	15066	14006	3630	13487	11950	10073	7793	8310	10402	12513	12258	12894	6973	10151	7808	123	111	139	102	112	132
21:27:56	134	139	128	129	143	102	143	127	120	111	128	141	133	116	115	135	106	125	147	107	106	120	114	90	162	127	140	124	145	92	143	91	135	111	128	97	141	146	152	97	150	159	103	114	82	98	108	104	9868	11044	12975	12318	11904	11356	12829	10493	10527	7918	7536	7535	10067	11677	9760	11540	11533	11537	12138	9045	11248	7147	6832	7846	12584	13379	7538	15188	13335	3671	12676	11500	9391	7885	7675	9716	12658	11348	12528	6889	9710	7656	78	110	107	88	112	97
21:37:56	98	154	81	104	127	98	122	112	109	76	121	105	128	88	120	123	120	109	142	104	130	140	102	134	125	125	145	122	142	134	117	112	108	123	170	139	132	105	132	137	126	110	76	109	95	101	75	108	9930	10821	13073	12241	11507	11097	12859	10469	10298	7902	7476	7556	9681	11035	9116	11301	11698	11162	11870	7245	11087	7093	7026	7912	12274	13170	7388	15180	13360	3493	12895	11925	9080	8258	7926	9326	12278	11340	12378	6876	9907	7761	119	98	96	103	98	78
0:00:00																																																																																																
0:00:00																																																																																																
0:00:00																																																																																																
0:00:00																																																																																																
0:00:00																																																																																																
0:00:00																																																																																																
0:00:00																																																																																																
0:00:00																																																																																																
0:00:00																																																																																																
0:00:00																																																																																																
0:00:00																																																																																																
0:00:00																																																																																																
0:00:00																																																																																																
0:00:00																																																																																																
0:00:00																																																																																																
0:00:00																																																																																																
0:00:00																																																																																																
0:00:00																																																																																																
0:00:00																																																																																																
0:00:00																																																																																																
0:00:00																																																																																																
0:00:00																																																																																																
0:00:00																																																																																																
0:00:00																																																																																																

