EGFP:488,507

Kinetic read	A1	A2	A3	A4	A5	A6	A7	A8	A9	A10	A11	A12	B1	B2	B3	B4	B5	B6	B7	B8	B9	B10	B11	B12	C1	C2	C3	C4	C5	C6	C7	C8	C9	C10	C11	C12	D1	D2	D3	D4	D5	D6	D7	D8	D9	D10	D11	D12	E1	E2	E3	E4	E5	E6	E7	E8	E9	E10	E11	E12	F1	F2	F3	F4	F5	F6	F7	F8	F9	F10	F11	F12	G1	G2	G3	G4	G5	G6	G7	G8	G9	G10	G11	G12	H1	H2	H3	H4	H5	H6	H7	H8	H9	H10	H11	H12
0:08:36	199	150	171	148	169	166	142	177	177	81	100	111	144	183	154	153	144	185	179	196	193	79	97	101	131	168	164	185	164	171	181	167	150	85	107	76	162	179	150	199	184	167	202	154	168	96	84	95	171	162	172	152	158	198	190	212	187	64	97	96	173	165	181	204	151	188	205	186	148	84	110	98	158	155	175	191	173	170	189	171	149	91	89	101	163	155	184	181	163	159	197	178	187	94	98	40
0:18:36	168	158	175	154	167	168	171	189	168	64	76	90	169	144	176	167	153	147	150	168	171	95	99	112	145	194	175	155	178	174	187	168	148	100	67	48	170	152	164	135	163	162	169	183	179	81	95	75	166	150	138	160	193	166	155	197	156	87	87	85	165	175	197	147	189	171	161	179	151	94	94	114	161	162	183	162	175	143	182	173	190	93	109	73	184	189	150	169	162	216	178	168	159	98	81	89
0:28:36	163	185	146	166	180	200	176	168	146	127	82	67	156	207	183	177	175	149	189	159	142	97	68	96	174	151	189	160	170	161	170	180	138	88	80	112	172	189	158	155	187	168	180	171	144	84	104	83	197	165	161	157	172	152	148	176	175	82	89	88	212	174	164	166	169	197	158	187	160	91	102	91	175	182	172	146	184	168	178	201	181	95	92	94	168	163	146	185	184	165	157	185	171	104	80	86
0:38:36	157	173	177	157	169	190	195	159	169	67	63	87	157	197	172	185	165	176	174	196	175	67	98	79	149	166	174	176	132	167	171	178	158	97	65	75	176	164	142	138	165	160	158	183	163	88	81	99	196	167	181	166	158	169	186	194	164	122	89	103	190	130	164	179	186	164	177	189	154	94	103	103	181	166	184	164	197	150	147	169	152	102	103	70	203	166	189	192	192	167	165	169	157	85	84	73
0:48:36	164	170	174	159	163	170	179	183	180	95	93	62	184	175	171	165	183	163	203	189	167	106	87	75	187	168	176	173	182	169	167	163	171	90	84	81	178	164	160	162	187	171	148	164	195	82	77	67	144	178	141	163	151	213	184	192	144	98	71	99	163	156	187	160	148	174	160	203	173	46	79	66	159	162	178	184	176	164	181	150	173	92	74	98	151	165	193	176	168	199	172	203	154	83	114	80
0:58:36	184	209	178	159	168	193	169	175	141	59	100	85	192	188	173	161	157	158	170	179	156	76	64	86	172	172	164	179	167	207	180	176	164	109	90	80	172	150	167	132	197	170	183	202	164	131	73	90	159	158	180	170	193	207	175	183	182	108	73	71	173	178	182	192	164	199	183	179	176	101	101	67	176	165	184	166	180	171	154	151	177	69	91	108	169	187	175	182	164	163	164	184	184	108	76	106
1:08:36	136	168	144	168	179	174	189	189	172	82	77	78	177	170	172	157	170	165	176	158	169	84	106	81	160	176	160	176	190	194	144	192	160	96	111	95	159	171	180	176	199	194	169	203	161	110	97	77	196	204	173	173	164	190	147	222	174	85	119	90	171	188	141	186	172	201	157	192	157	103	75	107	144	171	196	171	149	170	158	165	122	84	99	62	200	149	159	171	174	193	176	207	186	113	69	71
1:18:36	152	186	176	175	165	177	193	175	176	77	66	83	167	160	147	173	184	169	164	180	137	109	66	119	192	191	189	163	186	162	182	143	160	77	74	111	169	188	156	134	201	161	170	183	193	88	102	90	173	179	168	180	187	196	192	202	137	71	103	82	185	163	173	177	186	191	173	163	149	92	97	89	150	172	170	175	184	190	182	185	175	89	73	83	165	189	195	198	189	166	167	201	160	107	95	80
1:28:36	182	189	209	177	185	165	201	191	149	120	101	95	150	169	158	208	193	159	196	175	140	79	88	76	163	199	167	175	188	184	173	167	187	120	78	92	163	170	159	189	172	190	151	181	200	104	105	74	158	197	195	171	174	197	181	221	163	102	101	87	158	197	198	179	136	204	166	162	161	111	85	94	190	161	190	169	172	213	175	184	168	83	103	79	172	175	152	170	146	174	168	184	146	98	84	96
1:38:36	191	189	155	186	192	157	179	188	167	97	85	65	161	159	158	173	174	180	183	184	170	97	123	91	196	128	197	178	209	180	195	189	157	71	96	70	158	192	189	176	200	195	192	190	160	90	98	78	157	147	184	191	209	189	155	232	179	95	76	72	164	179	163	182	181	182	170	225	160	97	96	90	142	211	186	184	190	180	162	164	182	96	73	89	165	158	188	165	167	175	179	212	166	88	107	64
1:48:36	186	176	177	165	166	208	164	180	155	95	76	75	166	187	160	166	181	196	188	183	169	93	97	81	168	174	176	167	193	181	159	209	148	94	79	94	171	152	163	184	203	179	183	171	156	56	72	100	163	188	196	165	214	187	161	242	165	95	94	115	197	213	167	165	202	177	189	191	177	98	111	81	188	204	177	160	202	191	174	165	126	98	57	115	180	187	179	173	179	198	175	218	159	98	68	68
1:58:36	180	193	188	172	185	181	168	175	165	95	107	76	186	191	194	159	187	195	184	174	166	60	101	89	164	170	159	179	167	188	182	193	196	73	85	91	193	208	175	188	196	202	195	204	153	102	93	82	160	185	175	179	186	194	182	226	214	88	73	90	178	187	172	163	167	209	158	225	182	103	61	96	182	180	190	191	178	204	162	155	149	148	119	86	174	165	176	183	211	187	179	242	182	90	113	86
2:08:36	196	170	160	192	197	204	163	186	150	78	103	89	167	168	175	169	182	196	194	186	177	87	96	76	175	199	162	170	189	196	168	185	151	102	118	110	172	144	182	171	172	214	189	197	152	85	75	110	197	170	185	210	217	197	158	239	153	70	87	104	180	156	200	175	171	193	168	240	173	86	89	94	188	175	160	153	196	191	181	178	153	67	67	101	125	174	175	162	178	205	184	254	167	101	79	95
2:18:36	186	189	189	163	194	219	167	177	130	95	101	103	181	200	184	161	182	228	184	177	144	86	75	80	168	180	157	150	174	183	172	197	168	55	89	63	157	181	194	176	179	212	176	211	162	107	106	115	157	180	214	175	200	157	193	270	171	86	105	90	185	183	185	169	182	180	208	251	172	111	97	79	196	194	203	170	204	193	202	167	146	101	112	104	194	153	227	167	210	208	178	248	132	84	106	119
2:28:36	199	172	197	171	181	193	196	204	164	84	73	82	194	186	184	165	181	193	205	178	174	73	78	101	169	170	166	221	219	204	181	200	189	106	70	100	136	161	160	212	191	171	223	210	187	121	70	86	161	190	181	183	235	207	165	283	150	91	97	96	149	153	216	190	198	211	176	246	167	67	107	117	195	169	174	154	193	192	193	164	184	88	86	78	157	165	201	207	223	183	179	281	151	98	109	93
2:38:36	176	200	182	163	146	183	186	200	146	103	101	93	161	202	171	176	207	209	186	161	204	101	93	96	174	196	197	184	194	215	205	200	190	104	78	86	182	198	199	177	167	193	190	204	175	91	103	69	165	205	189	183	197	211	154	281	145	58	100	90	173	193	186	188	186	213	183	284	163	92	103	87	196	180	205	200	209	229	208	160	153	109	125	81	168	199	236	186	201	206	180	272	162	63	81	82
2:48:36	202	175	173	181	182	153	160	207	155	111	75	82	171	174	181	177	207	175	174	183	150	72	84	80	166	200	167	192	208	214	170	204	162	93	58	97	176	186	194	195	196	182	170	202	152	88	100	86	160	166	180	181	224	214	209	291	163	59	79	72	199	184	194	186	194	220	199	298	167	82	96	85	213	180	186	211	203	204	183	153	152	94	79	80	156	160	206	175	217	209	160	310	186	96	73	111
2:58:36	182	179	193	179	195	198	192	216	158	91	94	108	190	206	174	175	186	198	194	206	174	89	76	95	201	180	177	210	222	205	185	189	162	84	97	100	157	178	206	189	193	189	146	221	156	99	122	70	165	195	204	178	235	219	209	346	178	89	75	111	180	179	207	200	199	200	187	299	151	107	90	98	172	201	202	177	227	236	201	156	152	91	77	93	206	185	217	194	229	200	188	332	139	90	113	86
3:08:36	185	178	186	136	215	199	192	192	174	103	63	89	169	208	168	193	168	164	188	183	172	75	107	125	152	179	151	165	195	189	195	201	152	100	84	63	162	170	205	182	191	197	173	222	149	66	84	113	209	203	210	187	207	238	168	370	170	96	93	83	190	206	212	201	185	231	209	333	175	87	100	87	185	193	193	220	215	220	206	161	147	82	88	91	184	184	162	199	217	238	209	340	196	82	101	72
3:18:36	188	178	173	199	161	179	173	209	136	94	97	91	184	184	194	173	194	186	187	193	172	75	86	98	167	182	194	171	212	164	179	209	168	88	82	83	179	175	183	194	222	197	168	203	160	90	77	67	196	173	210	192	233	211	176	371	169	86	73	82	188	180	210	190	207	230	196	356	172	79	103	76	182	211	191	169	217	220	186	153	178	103	82	91	192	143	194	163	200	196	171	369	176	90	97	104
3:28:36	191	210	195	201	187	190	193	224	139	69	85	117	160	209	185	172	214	184	182	216	189	111	60	63	169	174	191	187	192	215	196	200	157	73	85	95	162	167	175	184	182	191	193	194	166	95	78	98	166	184	150	184	225	208	182	394	159	113	85	113	163	192	203	211	236	225	190	348	186	86	83	97	185	166	216	205	218	241	159	175	179	71	88	86	179	201	216	213	224	225	161	402	134	106	95	89
3:38:36	177	175	151	160	209	200	183	220	177	71	63	96	193	209	173	158	163	209	198	231	161	79	98	98	204	169	198	158	215	210	186	234	172	71	85	88	197	158	184	196	197	195	172	223	142	81	112	118	198	176	206	210	226	218	181	393	161	117	86	79	176	172	211	207	220	258	198	355	163	85	103	71	159	175	210	189	255	227	163	147	150	89	99	86	181	174	198	152	218	249	173	391	174	90	106	60
3:48:36	161	176	192	172	190	185	176	207	181	73	71	70	179	159	186	173	218	192	193	178	165	77	87	72	180	189	171	167	198	206	194	217	140	115	94	91	177	177	187	174	188	214	175	222	171	87	83	84	176	186	214	186	234	236	188	399	176	65	119	93	193	175	213	187	236	225	182	387	166	99	92	102	199	216	200	190	223	235	175	152	143	87	87	89	211	179	193	190	206	209	172	415	144	74	86	112
3:58:36	218	156	183	193	172	197	188	215	165	90	97	110	173	155	196	193	173	190	175	216	162	100	78	90	187	171	177	158	200	209	186	222	160	88	95	119	190	190	207	196	206	206	165	240	134	85	111	89	177	175	225	189	229	236	172	428	167	91	92	116	182	178	229	182	213	236	164	399	161	90	96	82	188	148	238	215	245	252	177	164	196	48	93	80	216	165	197	198	272	248	175	423	166	72	65	88
4:08:36	140	168	184	212	216	214	198	249	162	79	98	84	180	189	185	179	207	193	174	212	172	75	71	76	194	181	186	184	165	198	178	221	151	90	97	84	221	162	195	205	198	201	199	211	144	86	85	88	168	188	214	173	240	241	206	493	180	88	102	63	169	170	193	196	238	228	163	447	169	96	98	107	183	169	198	185	250	239	175	149	159	84	89	69	186	189	220	215	238	238	206	428	150	75	89	93
4:18:36	191	174	194	188	187	199	149	208	174	96	81	77	171	206	160	197	185	204	178	219	143	97	95	78	213	207	187	194	208	192	156	243	154	97	111	83	191	182	160	200	202	199	160	206	132	66	82	115	199	187	211	204	248	244	196	509	136	91	94	111	187	167	213	198	244	262	164	448	164	109	106	71	211	183	244	179	243	241	185	166	163	83	116	66	188	176	228	208	233	251	178	481	148	62	93	79
4:28:36	197	184	202	186	201	213	196	241	157	73	94	91	204	179	197	204	246	200	183	209	153	86	94	86	179	173	179	206	219	202	191	243	152	103	92	94	174	173	190	177	228	213	204	205	155	93	84	64	202	177	233	208	235	279	204	464	159	110	89	79	198	203	233	185	250	266	207	485	173	92	94	69	195	182	236	196	270	249	190	182	196	120	75	76	180	171	239	191	259	223	189	497	162	84	95	92
4:38:36	150	170	178	191	209	203	199	253	185	87	105	101	196	215	181	180	220	212	163	229	168	87	94	82	189	210	225	173	183	202	204	224	158	87	89	70	161	197	201	214	205	220	219	217	130	104	76	92	175	167	228	181	247	261	230	550	176	91	84	101	201	221	237	183	253	268	178	478	184	82	84	90	182	187	224	199	246	261	213	157	160	86	58	106	171	186	236	206	231	250	216	557	170	98	116	98
4:48:36	172	218	191	178	220	207	193	233	154	80	96	85	175	195	172	201	201	194	204	255	184	84	79	102	181	188	177	153	229	247	214	229	155	98	77	93	197	159	202	179	227	193	216	222	175	84	102	80	206	185	204	186	258	263	212	564	166	67	94	75	187	180	238	196	259	271	216	523	156	110	91	83	210	193	243	203	253	255	202	162	149	88	104	117	195	176	269	194	265	258	176	572	164	59	90	80
4:58:36	172	212	203	178	198	208	185	233	153	79	98	90	189	185	188	175	212	189	208	249	152	93	67	70	202	166	153	192	192	187	201	246	177	93	85	97	191	195	190	177	171	212	211	241	155	83	82	79	184	196	237	205	264	248	217	612	188	95	76	101	205	181	257	221	248	274	192	583	186	93	81	75	212	176	217	202	271	253	223	184	178	86	76	74	191	194	242	211	282	292	195	583	137	98	78	99
5:08:36	182	216	186	190	223	210	202	239	150	98	81	77	210	212	202	192	219	229	223	264	176	81	94	97	209	192	166	182	237	208	181	242	162	76	89	117	188	192	206	178	210	212	231	246	147	85	111	61	184	196	257	193	301	263	197	671	160	69	117	93	186	219	245	216	248	259	163	580	157	121	89	73	212	198	235	194	291	288	186	178	163	106	67	69	212	210	257	186	278	283	226	589	163	66	80	73
5:18:36	207	189	197	178	239	220	183	250	144	70	91	94	166	190	202	191	206	231	184	273	148	100	47	93	173	178	203	206	201	201	184	239	157	93	88	93	183	197	213	215	217	215	220	279	150	97	109	87	223	205	278	186	279	288	215	676	165	92	86	88	188	175	226	227	307	285	195	638	185	85	71	81	215	217	218	220	295	272	203	170	166	54	83	92	180	205	250	213	263	310	201	630	170	101	61	74
5:28:36	199	188	196	174	205	240	202	245	140	71	76	84	220	193	194	201	216	228	197	252	171	78	81	64	212	203	205	189	241	226	224	241	157	123	99	83	196	215	203	191	222	235	174	261	148	69	79	94	198	188	242	206	262	303	233	693	154	63	90	85	222	193	261	210	287	278	224	669	161	73	94	70	207	217	237	202	302	308	186	148	150	71	98	92	188	215	245	207	307	275	204	658	149	64	97	87
5:38:36	207	207	209	176	225	238	210	238	166	77	83	99	225	206	201	203	212	232	205	265	167	87	96	77	215	221	220	205	206	229	178	228	141	33	93	105	196	195	214	198	216	241	197	278	172	79	86	110	192	206	251	244	284	307	202	662	140	111	96	79	200	222	243	226	290	307	193	688	153	84	97	85	213	175	225	234	308	283	198	186	150	93	107	78	209	211	252	207	307	307	196	697	166	92	88	54
5:48:36	216	222	170	214	223	246	207	252	180	94	121	93	185	218	205	197	230	238	212	266	176	66	94	84	183	180	198	176	238	231	221	291	168	107	94	83	241	200	228	176	250	246	227	272	140	74	90	77	197	194	280	189	297	298	213	748	136	88	75	92	208	172	265	194	271	298	216	689	145	104	92	93	177	193	241	229	308	303	201	161	136	69	80	85	207	217	269	178	283	300	206	708	164	67	73	82
5:58:36	189	183	182	180	205	213	218	280	166	83	88	89	199	206	219	204	230	233	192	287	164	90	81	73	225	187	205	206	203	227	189	307	178	115	61	78	212	183	221	180	226	208	205	282	139	91	95	58	201	214	267	214	299	285	220	773	148	61	80	109	207	200	270	204	338	301	226	753	172	64	108	77	217	184	300	188	319	304	217	140	161	94	98	99	202	207	281	215	300	310	225	780	144	97	108	106
6:08:36	206	215	185	223	228	216	210	292	170	92	66	66	225	225	215	206	226	253	225	302	168	96	81	94	194	194	182	204	228	207	207	306	168	81	90	95	203	205	215	226	247	252	223	280	179	95	114	60	239	216	265	224	328	314	229	824	157	78	86	81	218	212	227	226	287	334	211	781	153	87	98	75	199	228	276	202	333	316	232	153	143	68	92	65	184	227	278	253	335	309	228	806	156	79	96	91
6:18:36	212	177	206	199	229	215	214	338	145	96	102	73	190	221	214	212	249	240	227	327	148	89	95	91	220	210	168	215	230	190	207	315	164	65	76	99	220	209	215	212	248	271	235	313	195	82	90	92	230	220	260	237	307	384	231	884	186	89	74	104	180	217	255	175	337	321	231	836	162	90	102	70	230	214	254	188	328	340	213	159	157	69	92	109	210	195	264	215	335	333	204	861	184	53	74	75
6:28:36	213	172	208	216	259	239	204	310	134	101	81	80	194	219	202	193	246	243	222	360	155	77	80	82	248	218	217	216	223	267	210	338	165	85	93	93	206	209	196	211	243	242	207	291	182	92	79	118	222	218	290	204	358	386	231	925	177	83	81	81	221	234	281	208	336	344	212	835	179	81	82	109	220	226	310	196	349	377	221	171	171	88	78	66	185	215	279	203	335	352	209	904	170	94	73	55
6:38:36	198	183	230	195	214	257	209	343	172	91	101	93	210	186	199	229	251	264	241	336	159	70	95	84	207	205	214	216	248	233	214	302	183	104	124	117	226	206	191	200	271	217	208	358	132	62	31	98	191	202	288	238	326	389	218	978	180	85	90	86	221	225	295	189	381	335	206	921	160	88	82	72	233	214	306	242	372	344	247	154	192	61	91	75	242	234	322	200	377	358	207	947	185	83	84	107
6:48:36	196	205	196	184	268	232	216	339	149	81	76	81	206	175	243	179	232	235	211	367	137	111	76	65	186	196	239	222	265	265	223	341	164	96	70	77	194	213	194	210	248	249	214	360	159	108	108	93	200	196	317	256	398	387	255	1074	163	75	106	90	194	243	284	214	361	399	228	946	160	99	59	110	209	227	295	229	367	399	240	163	146	75	96	98	219	230	293	219	368	396	225	993	126	62	88	88
6:58:36	195	216	222	227	226	253	224	353	181	99	108	94	230	202	207	228	279	261	229	362	176	84	53	77	225	208	228	210	242	260	230	368	156	77	76	60	222	189	220	188	264	244	228	363	160	115	73	76	238	184	317	192	397	390	234	1176	162	58	93	90	216	232	302	229	427	410	244	1000	164	100	88	81	200	210	326	243	401	378	248	145	162	123	86	94	211	228	293	212	391	431	249	1017	173	88	100	87
7:08:36	202	211	204	228	303	273	206	376	155	80	79	75	207	209	220	201	259	248	225	357	142	88	91	94	211	219	226	196	242	289	225	384	171	101	98	90	192	205	199	183	246	284	226	393	185	115	87	64	197	229	340	215	419	454	258	1224	157	90	119	83	236	223	319	228	420	447	234	1095	183	63	94	78	234	227	317	250	402	433	240	170	143	128	106	86	210	216	290	224	386	425	260	1087	170	88	94	106
7:18:36	211	209	210	206	258	265	245	371	164	67	103	84	224	195	237	235	240	256	251	383	164	59	77	71	190	234	224	199	296	275	232	408	149	63	80	79	206	225	199	222	248	243	258	373	183	87	77	114	229	220	331	244	389	437	278	1386	146	82	94	111	219	208	291	245	397	458	243	1199	159	91	93	92	222	232	354	257	373	457	289	146	144	88	102	95	205	204	341	217	415	467	239	1150	169	87	109	92
7:28:36	182	202	238	214	254	297	234	423	152	80	80	94	224	217	203	233	292	280	235	414	158	94	60	103	233	228	205	203	269	268	251	412	175	71	98	72	205	197	202	204	269	312	240	396	112	94	101	99	228	224	347	235	441	476	275	1432	171	84	58	70	251	243	314	235	460	446	269	1291	158	76	94	74	239	224	308	200	405	460	283	163	167	86	78	93	212	215	335	254	434	432	245	1257	178	66	67	72
7:38:36	185	206	230	237	292	278	249	418	161	106	104	48	226	215	228	229	290	264	262	421	161	105	80	81	235	196	214	189	284	298	221	445	187	105	76	90	197	232	248	213	295	306	238	446	156	107	78	74	250	238	367	232	452	480	263	1536	162	71	79	58	219	238	333	240	421	479	284	1436	137	97	74	77	215	262	344	231	484	440	263	149	161	73	58	108	224	231	363	227	428	440	253	1429	176	116	97	87
7:48:36	201	212	230	205	282	261	245	409	162	92	91	82	219	208	231	241	272	277	239	428	163	70	80	62	254	226	229	230	301	316	244	419	186	85	64	84	224	211	230	229	267	304	263	440	148	100	87	85	231	263	352	229	467	481	271	1609	138	95	85	89	226	227	349	212	469	514	283	1589	181	106	66	82	235	243	344	225	474	480	264	147	177	81	82	132	236	196	362	248	472	485	253	1553	159	97	70	77
7:58:36	216	206	234	226	283	309	241	447	149	130	105	116	216	232	236	239	286	316	249	436	145	79	86	96	231	210	221	222	303	299	220	447	181	92	85	105	212	233	216	230	284	296	245	443	162	96	99	79	223	261	369	250	467	483	275	1675	138	49	89	96	272	250	329	239	480	512	303	1680	150	85	66	92	235	227	362	237	488	478	263	147	162	86	81	119	222	211	379	259	465	499	255	1663	152	97	72	95
8:08:36	253	251	236	221	292	306	261	476	163	79	97	77	269	248	249	201	331	324	256	484	127	80	85	88	237	222	265	208	295	287	256	469	175	109	78	81	221	223	221	243	286	315	282	468	171	103	92	95	246	267	401	213	499	503	293	1801	161	98	107	102	240	218	374	216	498	506	310	1710	171	91	99	84	243	250	384	260	484	532	293	178	171	96	86	99	235	229	360	221	500	471	292	1719	161	94	55	84
8:18:36	235	220	234	267	316	276	249	462	168	91	85	63	201	230	220	261	344	310	266	510	173	91	97	94	219	252	228	220	343	296	229	496	166	51	80	84	205	224	230	231	309	277	261	517	152	101	74	54	287	255	377	243	540	532	296	1874	194	96	61	117	244	276	366	265	518	496	266	1778	177	76	91	88	254	272	388	260	496	533	282	176	172	84	98	55	233	259	373	272	518	499	267	1859	205	56	105	104
8:28:36	219	246	277	243	327	296	279	500	180	83	87	76	247	201	241	231	335	324	308	500	174	65	57	94	241	246	263	233	295	316	259	484	163	73	75	69	239	222	223	217	294	322	234	510	197	77	89	78	239	234	433	269	519	521	321	1941	178	85	82	92	263	219	384	265	519	516	320	1941	168	52	59	111	272	249	373	251	510	528	310	165	174	90	82	85	234	250	351	241	516	484	270	1831	154	82	88	68
8:38:36	237	252	244	227	294	319	272	483	164	105	85	97	250	241	260	248	342	322	259	491	175	90	62	76	262	246	223	201	311	294	271	535	157	89	85	69	241	263	241	258	308	318	287	511	164	78	123	61	275	247	388	287	511	529	305	2029	179	110	127	75	269	272	330	267	524	512	299	1970	174	86	80	79	255	252	400	287	516	556	313	169	193	107	64	97	271	276	365	271	501	503	261	1907	165	97	73	83
8:48:36	241	243	238	234	306	313	292	480	157	82	94	104	271	230	218	213	327	295	258	522	178	64	115	88	233	232	261	228	307	345	257	543	151	88	109	92	238	254	265	265	335	324	273	516	174	111	108	116	241	276	434	289	537	580	333	2055	154	77	70	103	270	282	383	240	529	540	339	2010	166	85	104	65	262	288	383	221	505	527	316	162	156	101	101	88	219	260	383	248	504	536	284	1939	171	87	75	79
8:58:36	244	237	252	240	322	311	228	497	162	110	94	77	270	225	274	226	357	334	239	506	167	95	99	102	264	244	246	239	315	301	281	541	170	55	96	107	215	234	229	259	325	291	283	527	152	64	71	75	247	280	414	295	556	575	299	2034	167	71	104	91	275	275	369	260	578	543	280	2061	155	103	106	82	262	263	357	273	565	584	323	190	135	86	71	53	263	289	375	243	501	520	276	1993	152	91	87	63
9:08:36	232	258	251	223	333	329	302	526	165	76	84	63	240	281	249	280	321	322	288	518	178	74	81	85	252	237	259	224	367	335	278	568	165	91	112	102	225	217	252	285	326	325	266	553	204	78	115	80	252	283	450	299	562	610	274	2100	172	101	75	99	276	269	380	273	611	568	320	2104	179	105	58	116	292	264	366	265	527	583	309	167	145	75	82	87	236	265	390	276	477	573	286	2015	157	98	87	103
9:18:36	227	226	255	264	306	352	266	505	148	97	63	69	267	225	254	269	353	338	290	543	192	63	67	107	240	242	277	258	337	335	293	566	146	81	55	71	267	244	244	281	334	348	283	529	180	107	83	61	284	266	437	266	548	574	339	2160	173	88	58	63	292	303	378	282	588	574	320	2153	174	65	68	63	267	291	403	267	519	533	336	159	165	80	105	99	231	302	395	257	510	554	285	2034	174	69	107	80
9:28:36	237	194	262	244	299	361	284	555	153	90	90	95	238	265	244	249	365	376	283	541	139	73	89	86	229	257	263	243	374	316	289	563	143	85	88	96	253	221	249	287	322	348	290	543	162	97	126	61	283	293	489	277	560	604	326	2200	180	80	60	105	251	281	386	274	604	582	374	2193	148	139	56	94	276	286	434	267	556	600	335	168	150	89	87	89	237	256	416	263	524	575	303	2056	126	86	103	95
9:38:36	256	226	253	266	306	326	280	499	175	77	100	61	269	271	268	280	342	357	266	536	153	61	60	113	267	236	263	262	330	359	299	557	149	74	62	87	229	234	274	277	332	352	277	552	151	95	55	57	269	279	432	273	586	573	330	2284	155	89	96	99	284	252	398	287	636	560	324	2280	144	101	87	63	290	294	414	283	562	608	324	165	184	95	120	71	264	258	405	278	536	566	292	2105	141	103	65	82
9:48:36	247	239	276	234	348	343	284	524	153	85	94	109	238	245	271	235	349	368	252	545	183	88	102	86	219	229	275	281	342	349	317	570	153	87	67	97	256	253	257	244	364	347	298	584	184	116	88	86	279	283	482	306	575	590	364	2251	181	79	86	84	287	283	423	286	593	537	327	2255	152	104	92	85	241	281	391	270	541	610	325	137	139	109	74	57	253	262	404	263	532	574	310	2067	154	101	74	68
9:58:36	257	226	268	240	342	324	294	520	183	49	115	96	257	256	264	262	382	355	326	554	151	91	78	94	292	262	275	258	323	331	294	576	152	111	99	52	256	269	267	284	327	342	274	551	174	85	89	67	257	275	461	269	582	589	342	2310	159	89	83	94	285	271	404	289	654	592	343	2277	159	48	92	92	247	299	424	280	574	585	345	163	155	83	79	108	257	285	402	259	536	595	281	2154	168	74	137	90
10:08:36	267	240	260	231	349	340	287	557	196	100	84	95	256	264	290	192	366	343	312	533	136	89	84	87	224	245	242	231	367	335	284	609	137	69	53	83	258	266	281	287	309	374	301	576	166	101	101	137	251	298	476	317	597	631	320	2373	172	122	99	85	279	270	408	292	655	602	339	2286	192	65	82	69	264	289	447	259	569	606	358	135	169	100	83	86	218	256	398	268	554	572	313	2111	145	84	104	90
10:18:36	253	248	238	282	349	326	314	534	129	103	61	101	283	265	251	242	356	358	310	566	146	90	86	97	255	278	267	270	387	373	314	596	161	68	88	90	251	284	285	295	345	340	269	564	170	97	94	95	272	294	465	301	603	592	328	2299	151	123	111	103	295	258	409	294	650	633	307	2249	145	92	101	76	257	275	396	261	552	593	321	146	180	110	65	73	285	265	416	280	566	602	303	2120	176	98	83	91
10:28:36	259	232	257	280	322	349	307	548	154	83	69	69	279	288	275	269	338	350	321	572	176	71	74	61	256	249	295	254	392	330	277	630	167	103	126	103	279	250	287	245	335	332	308	552	167	108	103	94	284	267	462	339	606	615	321	2294	157	97	86	99	282	300	387	279	682	598	330	2254	199	75	113	80	265	322	423	289	607	621	336	163	169	80	100	74	277	319	406	305	587	601	308	2163	183	81	85	68
10:38:36	246	249	266	260	332	357	295	527	166	112	98	88	259	245	302	279	365	363	320	556	174	66	59	97	243	245	278	274	347	335	303	609	157	101	99	64	261	262	264	275	339	347	288	582	153	110	94	99	283	293	477	302	570	621	328	2303	165	97	100	70	276	293	415	303	668	600	355	2287	141	102	94	62	251	292	413	284	605	594	372	167	160	107	89	100	289	262	402	293	573	618	333	2218	154	74	110	86
10:48:36	229	249	267	270	353	375	316	531	130	71	86	68	266	254	265	286	397	361	304	558	154	79	82	78	270	294	267	264	365	376	299	611	159	109	89	95	272	244	269	270	348	357	314	570	169	83	81	81	266	303	488	330	594	590	330	2335	155	93	87	83	313	277	431	281	670	559	376	2275	176	53	88	97	269	305	444	262	613	627	366	166	144	64	77	98	284	278	427	283	557	608	308	2153	165	105	93	78
10:58:36	249	263	254	280	370	360	298	577	171	108	130	74	243	276	256	291	377	373	322	563	140	77	84	93	243	280	297	260	377	364	319	618	177	66	81	62	279	257	279	249	356	362	308	546	155	80	67	96	294	293	500	304	616	641	301	2417	128	102	82	95	271	298	442	285	708	634	351	2340	167	69	98	112	303	306	448	283	591	606	347	145	160	84	97	66	257	279	413	277	564	616	288	2278	180	76	89	72
11:08:36	301	243	285	264	369	356	300	545	122	97	97	79	273	255	266	308	346	384	325	553	150	88	90	92	262	268	279	266	381	326	319	623	158	130	77	70	247	262	278	265	364	331	303	549	147	84	114	77	268	293	466	287	641	641	365	2428	156	87	76	70	293	296	443	312	679	620	352	2395	153	92	71	81	306	291	460	312	607	599	336	160	176	93	68	86	273	273	400	289	572	597	319	2284	130	103	58	82
11:18:36	284	256	246	276	362	384	305	596	191	99	95	99	270	246	265	257	367	384	316	561	150	82	97	69	261	237	285	288	398	373	333	593	147	83	119	75	264	231	272	297	334	365	325	593	170	83	99	70	290	287	507	331	626	622	329	2405	180	107	73	89	303	302	459	281	696	610	341	2387	152	109	60	87	256	309	451	316	642	592	366	189	143	83	92	72	267	264	422	295	582	593	299	2235	164	105	88	83
11:28:36	266	258	280	286	341	374	323	567	141	81	94	105	267	254	287	292	381	365	327	579	183	71	85	114	250	284	263	273	378	393	308	634	168	92	84	104	278	281	282	293	354	349	281	596	184	75	72	122	299	291	520	348	649	617	343	2443	180	85	78	110	276	275	433	315	713	631	377	2328	143	71	81	80	271	320	445	301	600	592	373	131	183	65	100	104	230	294	417	301	566	633	328	2297	191	81	61	99
11:38:36	283	248	286	302	370	362	268	585	170	88	79	91	245	272	267	264	373	369	368	576	148	85	83	61	270	267	296	285	349	381	352	590	187	73	69	69	238	306	262	269	364	394	304	554	141	107	98	75	303	283	480	331	668	634	379	2450	128	63	114	95	303	314	436	295	730	653	333	2337	163	94	105	107	278	320	450	312	607	637	400	155	178	81	126	90	303	300	408	287	551	592	322	2282	168	105	80	117
11:48:36	258	249	265	296	337	346	273	568	152	81	117	84	256	287	259	269	363	354	345	587	163	95	92	85	272	265	274	299	376	365	327	580	167	93	107	78	278	268	273	268	341	364	346	604	175	113	77	93	297	275	493	321	669	637	322	2423	177	99	97	110	273	281	446	294	707	599	355	2330	134	95	89	78	277	305	447	306	629	629	375	166	171	111	108	71	264	261	402	314	603	619	284	2255	153	99	101	99
11:58:36	259	266	285	272	370	376	308	553	173	68	72	74	277	289	286	250	353	379	308	592	152	94	95	107	262	277	270	276	389	363	341	586	151	58	85	78	258	228	271	280	372	343	316	601	172	92	114	68	291	306	465	310	610	637	358	2456	152	90	76	84	287	310	428	321	719	621	390	2407	156	89	81	109	322	321	473	308	614	634	363	169	176	99	74	97	275	282	404	295	598	632	339	2281	150	85	75	88
12:08:36	245	283	296	284	352	368	306	609	147	89	92	53	270	247	260	286	378	377	313	588	161	78	76	88	291	278	270	250	397	368	323	634	167	107	84	115	280	282	275	274	359	374	312	601	180	121	97	77	301	296	501	360	631	656	383	2483	154	109	52	110	304	288	441	313	718	616	386	2463	174	70	86	95	276	307	472	314	630	616	381	154	138	98	116	75	277	286	433	318	606	617	340	2332	170	101	73	75
12:18:36	262	283	270	260	374	322	321	578	166	76	76	101	224	301	274	273	373	376	325	602	170	77	93	95	275	265	276	240	396	370	330	598	159	83	77	78	280	270	261	297	340	378	328	607	168	86	92	90	313	278	501	318	636	637	369	2474	158	86	68	59	310	278	422	303	726	628	367	2460	133	103	105	88	280	307	447	305	633	682	381	175	144	92	84	100	259	291	398	311	579	627	314	2295	160	89	92	92
12:28:36	262	284	287	279	349	342	330	591	139	61	70	93	239	235	257	297	357	363	319	580	164	78	85	67	243	266	280	285	369	387	323	608	167	83	74	114	285	282	273	291	351	383	342	588	175	83	92	91	319	291	449	332	615	653	355	2439	163	82	79	102	263	326	418	315	686	631	410	2456	177	102	85	102	306	313	441	296	626	685	400	148	144	72	93	84	252	318	426	282	567	643	282	2272	151	130	94	94
12:38:36	264	267	296	298	377	357	308	563	173	85	56	94	273	259	273	290	380	378	321	597	178	108	104	93	272	270	271	286	387	355	316	570	148	98	92	82	280	280	280	285	368	366	324	604	165	98	100	52	273	286	493	319	641	625	364	2358	157	72	81	102	301	306	428	317	724	645	370	2414	182	92	81	94	260	310	412	322	625	640	382	148	145	121	93	93	271	291	441	293	585	618	325	2219	161	99	68	111
12:48:36	286	299	278	282	371	340	285	563	182	110	94	99	243	263	291	279	373	373	305	582	172	79	123	83	278	245	283	280	390	366	323	632	148	83	106	74	244	272	248	280	362	367	275	572	141	71	105	97	314	312	441	308	660	619	367	2404	148	85	83	75	276	300	431	341	688	596	359	2460	146	76	79	84	296	300	451	312	617	644	358	175	158	82	89	103	302	272	404	280	601	603	331	2215	156	82	109	96
12:58:36	229	271	304	285	365	354	311	569	160	97	70	91	233	276	274	282	368	376	309	588	159	79	65	71	257	270	282	271	399	356	364	612	152	87	55	73	257	270	281	293	359	372	324	588	166	90	90	56	301	275	479	308	615	644	336	2389	165	95	96	93	309	265	404	340	715	628	368	2406	179	104	78	98	291	323	435	304	615	618	377	140	170	100	89	82	254	303	443	279	595	555	312	2221	149	101	109	106
13:08:36	265	260	257	302	371	339	302	568	172	92	71	56	240	288	274	284	340	403	328	567	151	50	81	106	250	256	264	289	378	342	310	606	162	89	90	114	263	274	282	276	355	360	301	559	183	82	94	72	302	275	435	295	626	614	355	2362	144	129	104	83	302	283	458	304	696	609	374	2395	165	91	78	62	305	321	452	325	617	608	359	193	160	91	76	117	313	310	411	299	582	584	336	2204	155	83	119	73
13:18:36	285	295	272	280	376	377	311	551	166	60	65	110	252	270	278	266	342	366	358	593	149	61	88	106	265	274	277	266	343	376	336	615	159	101	87	99	250	279	286	309	344	365	285	599	177	84	71	88	294	297	442	346	601	609	356	2358	159	99	73	80	306	257	392	336	698	607	343	2454	156	100	88	58	295	346	398	341	622	616	375	155	166	66	87	70	261	314	402	295	567	561	345	2237	180	72	101	93
13:28:36	284	258	297	298	369	355	288	552	142	83	94	81	256	257	278	261	356	357	314	543	140	68	112	97	233	259	258	260	350	341	298	605	172	101	103	68	274	251	268	284	310	357	298	543	183	87	89	69	271	290	435	339	592	602	360	2215	158	101	89	88	287	264	358	322	646	588	355	2352	157	113	86	90	270	292	416	308	584	589	366	173	163	69	86	58	295	253	366	277	549	576	302	2133	160	88	96	84
13:38:36	254	272	288	257	333	353	283	545	168	81	64	65	256	249	274	281	367	355	328	573	198	77	109	84	253	271	250	299	350	370	322	542	143	115	111	93	244	270	261	288	361	336	289	556	169	89	67	84	308	282	448	338	560	584	321	2313	158	69	97	77	281	287	379	301	610	553	328	2352	173	96	106	110	285	303	429	332	590	586	329	156	168	99	98	79	260	269	381	297	544	530	332	2159	166	105	108	96
13:48:36	261	274	277	277	376	374	298	521	160	97	64	80	256	297	278	277	327	335	311	518	173	76	94	71	225	242	284	282	347	344	318	564	165	83	88	62	248	289	257	244	350	343	306	551	162	122	111	81	264	274	433	346	572	589	343	2278	149	63	98	94	279	292	383	337	642	579	345	2338	171	70	79	89	259	306	391	330	576	590	346	169	162	94	81	85	310	243	392	275	524	563	302	2137	156	83	106	72
13:58:36	273	281	260	255	370	351	311	535	137	69	86	106	276	297	254	304	320	364	288	505	172	78	75	99	297	257	274	280	374	347	320	540	170	68	99	64	277	240	249	266	348	343	334	512	182	68	92	92	303	272	413	297	575	558	348	2266	124	75	77	62	262	277	368	292	607	580	356	2371	169	98	93	83	296	299	425	324	565	534	336	169	146	96	99	86	267	249	389	286	531	545	294	2128	169	118	83	91
14:08:36	273	262	278	266	335	358	298	511	133	64	73	93	260	265	275	265	337	327	335	530	136	112	84	69	264	288	291	255	342	325	301	540	162	95	88	87	230	253	248	250	343	329	302	506	153	89	74	83	292	274	413	306	546	565	344	2148	147	115	75	88	280	301	390	294	575	537	334	2274	183	65	100	96	266	269	363	271	540	527	316	190	166	119	77	98	300	283	360	290	530	504	291	2037	162	77	89	93
14:18:36	250	266	265	278	346	326	284	499	158	124	74	86	254	275	231	252	338	325	308	504	160	95	86	91	258	269	273	262	353	342	306	539	169	86	95	80	262	262	260	293	326	340	285	561	149	115	87	74	259	278	442	305	526	568	348	2056	178	100	88	90	278	270	355	302	570	533	311	2154	158	89	61	81	269	265	383	295	523	545	327	179	143	87	99	108	302	294	334	285	483	502	252	1976	161	98	104	84
14:28:36	286	252	264	289	343	337	314	505	150	99	110	98	265	238	281	284	303	346	277	503	192	114	84	86	276	278	289	256	369	346	306	485	181	80	88	59	271	255	257	257	316	340	288	483	159	81	104	90	280	295	415	307	522	527	337	1931	160	106	101	116	313	253	363	278	598	504	290	2096	159	86	81	105	268	281	394	282	550	525	304	165	153	96	96	70	289	269	351	301	494	504	284	1887	141	91	92	74
14:38:36	242	263	277	247	341	324	317	473	137	88	82	71	295	255	243	284	320	315	275	459	155	70	100	93	261	271	278	265	328	330	272	514	178	88	106	83	243	273	285	281	317	323	309	475	148	69	104	61	303	286	403	314	501	528	304	1838	166	99	78	95	264	253	357	320	531	526	316	1942	177	77	77	89	264	279	403	286	490	474	322	170	140	95	98	87	273	280	329	325	446	505	301	1684	167	76	84	90
14:48:36	242	256	271	288	341	326	320	443	153	49	86	87	267	271	270	258	334	339	318	464	179	106	90	58	256	217	268	265	353	355	326	506	168	69	91	78	265	269	290	265	296	328	299	462	178	84	59	110	279	327	375	298	525	496	318	1792	154	76	61	105	282	264	363	276	549	514	315	1903	179	69	95	60	272	294	362	309	512	494	341	147	174	95	111	66	292	279	385	265	500	501	326	1749	185	80	78	71
14:58:36	249	266	261	288	330	308	296	483	165	97	98	128	293	233	284	278	355	358	294	461	165	91	119	98	232	272	278	255	355	315	311	479	193	85	76	78	273	293	283	254	303	351	285	476	174	75	59	86	298	286	371	290	499	498	328	1754	150	103	67	87	263	266	331	276	502	506	296	1813	139	88	100	73	285	252	358	322	520	520	298	183	140	88	88	91	287	280	370	293	513	515	308	1655	175	52	86	56
15:08:36	261	233	287	258	338	342	262	476	168	72	80	119	261	261	248	295	303	319	291	454	148	111	66	103	258	261	292	273	323	311	291	471	185	114	80	93	248	272	258	271	312	327	299	477	156	109	117	65	283	286	391	290	480	499	325	1691	139	97	84	113	268	256	361	281	487	480	310	1768	159	98	87	90	282	261	371	302	470	495	328	156	140	86	107	97	267	267	353	291	471	478	320	1566	168	86	73	89
15:18:36	274	281	254	268	332	321	290	450	164	107	83	94	280	250	303	273	326	336	269	439	189	68	105	93	289	263	288	268	304	339	287	460	190	82	64	62	259	275	278	282	319	330	283	446	167	59	77	72	278	283	363	287	482	473	291	1629	156	109	97	73	262	295	345	270	495	495	291	1760	151	97	87	84	288	296	399	293	468	475	312	168	171	84	82	107	279	290	370	294	476	464	278	1553	165	98	49	112
15:28:36	234	262	253	270	336	286	297	428	132	51	88	109	245	267	240	271	331	332	319	456	158	89	73	89	249	266	255	261	326	326	313	496	179	81	98	97	259	255	259	246	304	317	257	451	159	70	95	89	247	261	407	260	470	463	328	1616	161	66	89	88	277	264	348	300	451	489	326	1680	153	80	91	80	280	268	346	323	455	504	340	165	153	87	81	84	248	285	375	280	491	434	332	1482	161	89	77	105
15:38:36	272	228	270	269	291	317	281	451	143	103	109	97	245	257	270	261	320	327	268	435	157	106	58	93	253	268	256	257	336	332	274	463	139	135	83	101	250	280	256	269	322	326	277	438	152	76	115	74	258	296	401	270	468	460	317	1534	115	108	102	105	252	267	349	292	494	468	314	1662	160	90	74	120	235	319	345	266	456	463	338	169	162	87	77	90	286	252	353	307	452	478	267	1499	159	94	94	104
15:48:36	252	276	292	302	318	319	284	443	152	55	70	91	235	272	271	261	361	324	308	458	160	88	75	81	300	281	276	287	316	346	279	445	150	135	95	86	278	262	279	293	317	311	268	412	157	98	66	110	275	279	361	256	461	483	333	1544	165	109	79	108	287	293	353	273	467	463	320	1556	161	110	84	88	284	283	384	272	487	496	283	181	163	64	89	95	251	254	347	296	447	471	296	1481	172	101	102	116
15:58:36	268	268	233	274	339	335	304	474	151	97	96	88	275	274	272	287	315	325	271	438	171	72	84	118	262	274	288	258	325	332	278	471	164	97	89	73	271	264	266	253	285	341	295	447	153	78	69	82	274	263	404	289	459	439	327	1556	164	85	104	78	247	249	330	310	468	461	321	1617	115	89	70	62	274	288	371	274	495	486	327	170	182	63	64	77	279	252	361	298	460	492	307	1515	163	114	84	82
16:08:36	230	252	250	283	333	318	287	491	154	53	94	72	268	289	264	276	314	290	302	433	163	30	79	91	267	279	271	273	331	328	348	461	169	123	87	78	264	286	274	272	300	321	284	436	153	73	91	82	280	267	402	314	470	458	315	1532	153	109	82	97	286	283	353	269	479	460	325	1592	171	93	73	105	266	304	376	296	472	473	330	157	159	84	120	85	276	310	352	267	466	467	302	1461	169	84	71	83
16:18:36	280	270	287	256	310	298	305	451	160	71	88	90	274	286	294	288	309	321	246	436	164	108	85	117	244	284	274	292	346	314	294	487	145	104	108	104	272	230	254	264	314	333	296	427	159	76	80	95	258	279	364	280	466	494	335	1518	155	50	75	88	288	264	346	288	491	462	304	1544	188	110	86	84	262	273	384	294	473	483	319	167	182	103	79	90	273	265	349	286	446	497	299	1424	148	105	103	96
16:28:36	271	222	291	249	309	315	289	446	139	68	115	66	270	251	286	276	314	316	286	455	142	94	80	81	240	272	302	256	327	338	310	469	143	85	85	83	245	258	280	285	316	332	281	445	140	80	108	110	253	301	371	296	435	494	298	1464	172	76	87	75	289	280	331	266	437	468	331	1591	187	92	111	75	277	273	360	298	459	477	326	156	159	117	109	82	280	281	384	279	470	491	328	1441	140	65	75	49
16:38:36	251	270	260	276	310	325	304	451	167	108	87	86	285	256	269	285	316	304	288	412	171	109	58	104	260	257	261	265	343	311	331	430	156	76	59	91	275	261	251	283	328	313	280	452	147	61	117	111	297	268	340	257	460	466	316	1459	169	76	77	63	294	271	340	299	468	484	305	1526	162	78	56	82	283	256	377	273	478	494	320	157	143	102	69	81	260	295	382	262	436	477	318	1411	155	88	115	85
16:48:36	285	287	278	260	341	352	258	464	180	90	98	110	268	250	280	267	313	314	291	423	180	76	97	95	264	220	260	287	315	321	290	423	145	77	86	91	265	278	261	280	323	294	309	450	156	75	80	92	257	264	403	291	474	467	292	1440	158	74	86	96	271	251	395	289	445	464	320	1519	155	96	53	85	265	299	368	314	445	481	339	202	190	80	88	86	266	286	355	293	447	459	300	1342	151	99	85	76
16:58:36	257	247	275	314	321	328	286	437	178	105	83	73	236	264	281	265	338	316	283	444	183	82	86	66	240	281	271	296	356	323	277	439	185	101	106	86	263	292	295	288	306	322	294	417	148	76	74	105	289	262	355	299	460	475	326	1471	144	62	97	99	289	286	334	280	471	464	290	1542	147	95	88	72	261	282	390	249	468	455	298	218	155	105	97	47	249	274	349	292	481	463	277	1346	154	78	94	66
17:08:36	220	240	270	270	311	324	234	418	162	69	105	98	271	275	283	285	323	317	284	437	177	82	78	129	246	257	240	277	314	348	308	459	170	71	110	75	232	242	302	266	304	324	283	417	134	89	85	93	285	267	388	295	437	502	316	1396	180	77	87	82	285	262	392	304	470	489	294	1478	159	117	86	108	279	260	388	303	461	489	320	192	157	97	110	95	267	295	356	298	450	455	320	1297	151	97	101	85
17:18:36	255	259	250	288	304	298	299	417	150	99	113	74	269	276	289	283	327	324	311	448	174	104	85	82	264	259	286	302	331	307	296	412	178	114	107	69	263	268	287	294	310	317	266	399	162	77	64	102	299	288	373	300	494	464	332	1440	162	98	85	101	264	269	371	319	434	491	291	1522	139	94	95	80	276	267	357	292	436	467	324	189	134	115	70	85	260	283	369	319	443	486	311	1321	183	86	100	67
17:28:36	258	273	280	284	328	366	280	439	159	111	82	73	242	263	253	262	303	318	319	444	164	71	61	93	284	273	280	269	288	335	305	447	160	95	81	77	264	273	300	294	298	309	286	435	169	107	64	53	262	272	375	301	448	460	308	1483	132	113	85	72	272	251	304	266	447	484	305	1530	167	99	94	78	290	274	353	289	486	493	338	164	179	86	99	65	258	269	381	296	452	487	296	1320	165	75	96	100
17:38:36	279	311	273	280	341	310	289	386	107	97	85	85	271	236	257	274	317	321	316	437	179	119	101	75	259	295	275	266	307	305	280	430	140	87	95	95	256	276	292	301	317	329	281	418	167	109	100	103	286	266	351	305	469	444	324	1425	96	77	88	77	253	263	338	276	453	474	317	1505	160	96	108	74	261	271	351	295	482	457	326	190	178	68	97	116	288	293	358	280	482	458	318	1288	164	116	71	82
17:48:36	289	266	304	300	321	342	305	463	139	101	110	92	260	263	291	273	312	322	304	402	196	105	102	78	281	289	298	297	302	297	278	477	169	107	109	76	272	292	294	266	314	301	324	387	161	81	84	75	271	284	379	295	467	455	330	1413	152	89	88	97	283	267	368	306	469	483	328	1477	177	109	56	93	288	278	351	301	431	473	311	209	126	93	78	60	279	268	349	277	468	484	323	1312	142	82	85	89
17:58:36	285	285	276	283	294	313	299	407	145	99	88	111	277	237	263	284	339	327	312	425	152	78	98	76	262	254	270	288	324	313	302	451	166	98	83	84	272	266	290	259	321	300	291	406	171	62	65	80	256	294	354	275	495	463	317	1392	151	94	101	80	286	273	375	299	462	496	314	1443	128	112	100	86	273	259	374	298	467	498	335	190	161	90	85	76	265	273	360	270	412	478	293	1275	130	91	80	85
18:08:36	267	256	288	280	314	337	279	456	145	79	91	110	260	267	296	277	326	333	273	440	152	80	88	46	270	281	266	297	314	352	306	433	164	137	93	64	255	300	296	253	308	339	289	403	175	72	78	67	283	279	389	319	446	489	300	1435	130	64	96	86	286	285	332	308	454	474	319	1428	149	93	100	82	293	292	383	315	434	484	323	213	191	92	96	87	265	293	352	312	431	482	281	1241	145	102	91	117
18:18:36	264	253	286	307	287	302	295	396	180	110	68	70	272	281	284	300	296	324	261	421	172	117	70	91	247	238	289	244	304	325	299	435	171	76	102	107	271	278	285	264	290	298	276	420	152	69	70	81	285	291	385	311	437	478	310	1380	137	49	70	122	289	294	343	295	431	492	317	1431	116	64	107	105	300	300	349	301	447	476	299	201	174	105	80	90	275	277	342	290	475	469	291	1188	165	85	91	66
18:28:36	258	255	282	295	330	306	277	397	153	63	105	81	300	269	262	281	296	323	299	421	149	70	112	72	288	291	305	232	335	303	296	425	148	112	116	76	270	241	274	256	311	315	289	411	139	103	86	93	313	305	394	287	438	464	310	1322	164	90	79	74	281	299	355	304	466	488	320	1386	160	69	90	127	309	269	342	303	452	459	365	200	151	86	81	65	288	290	366	274	446	490	296	1183	179	83	103	106
18:38:36	255	255	282	274	296	328	281	413	156	74	95	75	264	262	309	273	292	304	289	397	177	67	80	112	278	252	286	311	330	298	296	460	172	105	55	89	288	289	279	266	307	330	294	392	162	103	72	76	284	286	364	294	433	454	315	1287	135	109	80	97	243	289	346	281	446	503	294	1362	171	113	94	88	279	272	347	296	411	499	328	198	134	48	85	88	281	277	378	283	425	477	298	1135	160	74	84	100
18:48:36	280	272	312	266	318	320	288	383	154	91	61	95	254	276	286	277	313	297	289	411	160	67	80	74	286	259	280	287	299	318	323	424	154	87	92	83	281	255	252	261	293	324	274	442	174	79	63	95	258	296	365	296	455	438	303	1264	166	52	72	114	277	278	362	292	481	469	336	1378	158	98	105	77	287	276	328	326	434	482	361	202	149	96	75	95	271	285	351	289	445	473	322	1117	174	91	81	95
18:58:36	257	267	289	267	316	299	303	405	149	82	88	64	251	308	266	268	333	332	299	429	152	110	68	101	260	282	283	276	320	291	304	428	153	84	95	65	270	276	259	306	294	328	314	389	138	90	85	74	281	298	382	289	434	468	302	1240	155	95	110	72	288	288	366	284	473	480	323	1387	123	69	93	98	300	291	366	304	439	488	297	224	118	122	116	67	265	280	331	308	436	448	294	1195	192	92	84	112
19:08:36	276	296	273	306	319	301	308	403	139	74	131	98	260	281	246	253	331	327	302	394	153	91	88	113	251	251	268	262	293	326	296	415	141	106	90	87	278	239	289	290	302	333	282	391	179	77	80	111	291	280	386	293	438	496	322	1276	165	103	74	72	283	266	349	294	429	500	281	1400	159	67	97	87	289	270	341	284	431	482	302	214	169	60	82	74	273	263	375	268	440	473	317	1144	166	81	110	85
19:18:36	257	278	287	310	346	300	294	426	158	104	85	70	259	316	266	292	331	339	294	412	190	54	99	73	283	256	261	293	330	337	314	463	138	102	79	108	284	291	262	281	288	341	298	404	182	78	89	75	273	278	379	314	455	450	290	1257	152	109	74	96	286	246	356	300	425	476	297	1377	164	67	72	90	292	299	364	273	434	484	301	225	150	84	94	95	265	261	359	309	428	464	278	1115	153	108	68	68
19:28:36	270	246	275	265	300	336	292	404	151	98	84	104	278	272	305	286	295	275	312	401	128	93	94	86	270	239	278	281	310	320	303	436	163	115	75	68	271	257	266	312	312	314	310	415	144	102	93	64	274	273	363	307	449	495	309	1201	179	95	85	91	252	271	353	322	417	487	303	1373	166	93	98	83	276	299	366	285	398	503	327	222	151	82	87	76	287	306	337	291	408	464	299	1144	144	93	64	73
19:38:36	306	254	275	315	315	323	317	438	164	100	102	86	267	254	285	256	298	322	279	416	157	93	91	77	267	260	274	286	333	319	278	400	138	104	100	59	262	267	253	278	311	320	295	397	158	66	103	104	264	286	359	319	421	478	331	1162	152	73	82	117	270	278	343	324	420	459	339	1317	160	101	90	78	280	300	362	303	415	487	298	218	172	102	87	63	261	282	337	303	388	486	309	1108	140	69	95	92
19:48:36	265	262	291	306	313	305	262	392	180	101	93	83	288	257	306	260	331	307	264	386	155	88	113	112	241	257	287	270	310	309	300	411	171	87	73	97	280	254	277	287	298	311	330	384	158	101	72	91	296	280	371	277	429	453	301	1165	150	107	96	91	282	283	353	304	452	461	319	1309	146	93	100	87	300	270	361	285	403	445	313	229	142	74	88	97	315	266	353	310	417	458	319	1123	113	72	100	77
19:58:36	272	256	271	308	311	329	277	410	178	64	97	81	252	280	281	266	276	340	291	416	174	88	64	134	249	223	265	285	321	292	311	424	160	74	86	77	281	250	277	259	342	304	292	409	161	103	79	74	258	303	365	284	454	477	298	1181	149	74	98	70	285	298	345	289	457	476	307	1358	156	72	87	93	266	309	347	313	460	490	329	233	157	100	98	83	262	294	351	317	411	467	317	1124	122	100	72	78
20:08:36	266	296	279	290	297	321	297	430	157	102	93	99	242	267	284	284	330	305	274	408	146	59	91	126	248	240	277	293	346	285	297	403	165	74	99	112	288	284	260	249	275	319	290	400	157	113	98	68	294	292	353	281	457	486	304	1165	175	74	115	108	265	253	383	289	428	484	321	1363	179	105	95	82	294	280	347	266	415	472	315	238	127	94	69	106	289	287	336	308	406	471	328	1078	150	106	86	89
20:18:36	250	281	306	286	304	343	306	423	138	90	111	60	281	269	286	292	306	314	319	414	176	69	90	104	263	249	281	278	307	291	266	408	167	99	89	95	278	252	271	251	285	353	270	377	177	101	87	75	294	259	375	279	456	488	296	1170	157	118	121	80	294	292	367	284	422	450	316	1409	178	62	117	95	276	299	364	283	403	504	323	248	157	76	101	112	289	271	369	284	384	494	298	1119	172	101	108	80
20:28:36	273	272	250	257	288	320	286	419	138	100	66	82	280	270	258	300	321	342	302	385	167	108	99	83	271	282	274	292	362	334	301	443	162	100	72	80	243	274	277	270	280	327	277	387	154	116	107	64	271	269	398	317	455	442	297	1172	150	79	105	94	287	281	336	335	462	481	345	1349	181	84	68	79	274	319	338	296	439	476	306	271	165	99	100	95	269	294	335	302	380	498	319	1124	192	100	115	100
20:38:36	264	256	310	287	307	314	310	446	162	79	102	88	253	305	312	273	309	291	315	400	159	81	81	86	250	265	283	297	320	320	299	393	183	75	71	81	253	273	297	268	304	306	308	396	168	100	118	83	296	296	372	306	406	439	317	1112	151	94	75	97	276	272	348	282	431	479	325	1309	143	102	66	99	313	287	369	274	401	453	264	261	159	82	65	65	275	267	335	290	389	458	329	1017	141	103	80	96
20:48:36	245	254	283	299	328	316	320	426	182	98	115	75	291	267	250	267	300	277	308	408	153	96	74	104	234	295	286	274	288	330	284	411	165	102	90	113	272	296	307	253	344	288	298	389	162	118	78	93	287	313	348	318	436	477	317	1126	143	76	86	111	303	251	368	307	427	450	323	1278	160	88	111	114	266	247	338	306	436	441	319	317	167	64	71	87	255	302	320	311	367	462	335	1021	158	115	74	124
20:58:36	256	298	321	282	319	322	274	412	160	102	100	117	299	270	257	268	315	318	298	418	170	80	48	122	284	287	296	283	343	330	323	400	154	103	86	95	317	289	258	269	304	327	306	376	151	98	74	116	269	277	359	288	423	455	327	1063	146	94	69	87	296	290	337	299	391	461	304	1255	140	76	96	73	276	293	331	292	424	476	314	281	176	74	98	71	320	275	346	298	402	466	327	1046	127	104	72	87
21:08:36	303	280	295	270	314	332	296	382	142	84	65	76	281	278	259	291	289	315	293	409	151	95	88	102	286	261	265	274	340	318	303	400	147	115	75	88	292	299	275	289	306	318	312	390	171	74	101	105	288	291	358	304	405	438	315	1115	170	93	94	88	290	254	333	287	435	479	302	1237	156	77	76	96	292	286	333	297	429	467	304	311	141	101	103	100	291	269	341	308	373	448	325	1014	154	69	82	72
21:18:36	259	276	291	287	289	311	274	419	158	70	90	88	299	291	297	288	326	322	324	388	152	98	51	99	275	275	263	277	312	326	336	415	126	107	91	65	293	287	252	286	309	319	283	388	174	79	96	61	284	285	375	321	411	435	303	1061	174	83	89	90	283	296	336	293	413	478	301	1204	154	94	90	91	276	272	363	331	425	452	303	323	148	123	58	107	258	303	357	322	396	427	289	1032	167	76	93	85
21:28:36	243	271	294	245	330	312	294	397	112	77	109	81	247	283	278	281	300	336	327	399	158	92	89	76	264	257	272	277	307	351	282	374	165	92	76	96	252	280	258	263	293	307	309	389	158	95	106	83	267	290	359	294	421	460	299	1054	177	64	96	73	259	268	349	296	393	453	304	1180	141	89	57	103	296	312	333	325	390	439	309	372	163	83	82	108	304	297	333	290	397	451	328	1061	189	103	78	84
21:38:36	249	256	263	288	324	331	312	363	151	84	87	120	269	287	258	288	295	330	311	406	159	93	89	85	274	277	274	283	309	328	321	371	165	96	107	115	280	281	263	286	298	300	320	420	157	90	94	72	280	272	375	271	413	455	326	1048	173	79	88	105	268	258	325	317	406	453	310	1112	142	80	75	98	300	274	331	309	413	429	289	360	140	96	66	109	283	261	349	294	409	434	327	1037	159	92	87	57
21:48:36	262	269	295	279	299	316	332	403	167	83	102	78	255	258	282	310	312	307	312	389	169	94	105	115	252	294	266	290	307	327	299	368	155	80	79	102	272	257	273	276	309	306	299	378	124	97	96	101	313	282	359	315	417	449	300	1031	184	64	91	89	290	283	352	273	422	445	348	1060	174	76	98	74	297	285	314	313	419	441	310	373	169	98	74	90	283	307	320	303	397	425	311	1012	175	96	71	83
21:58:36	271	273	294	296	336	339	297	390	140	86	76	68	301	265	298	301	293	314	305	405	167	96	88	68	273	283	263	294	288	297	261	399	162	102	97	64	248	281	285	300	308	315	319	422	179	92	67	69	259	278	357	317	390	404	344	1004	140	94	79	76	265	296	352	289	408	417	301	1035	157	77	74	64	271	312	345	299	425	421	291	397	153	61	59	105	270	275	364	316	368	429	325	1053	156	79	95	87
22:08:36	270	265	308	270	317	343	292	424	175	93	84	89	300	244	284	296	341	313	322	396	171	78	94	98	269	285	289	269	316	299	292	390	150	86	97	120	277	298	281	288	327	326	317	397	150	81	100	92	280	270	321	286	422	424	297	1025	163	117	94	85	308	276	332	312	373	403	290	1030	153	69	100	79	299	278	366	308	425	433	305	406	157	81	88	85	255	255	339	315	397	409	305	1044	160	85	79	109
22:18:36	298	302	303	290	306	337	312	399	149	82	78	90	257	315	272	308	318	335	286	365	144	109	111	87	226	274	268	288	319	320	313	392	149	108	95	72	265	277	272	272	335	300	300	416	149	99	81	74	302	299	325	297	389	421	334	1091	175	80	78	67	308	300	342	317	405	409	283	998	138	85	90	76	303	267	329	298	378	400	349	436	147	70	106	91	284	282	334	289	403	425	329	1031	154	86	89	119
22:28:36	300	263	266	281	322	298	306	405	182	87	76	65	280	302	290	290	299	321	309	401	194	82	96	107	262	313	252	274	306	321	310	392	165	82	106	87	266	278	312	303	331	315	296	424	148	102	71	107	336	286	364	286	391	438	312	1016	176	69	89	81	289	259	341	316	386	409	324	1023	181	108	74	104	255	314	367	299	410	428	327	436	152	77	107	77	271	300	327	285	422	400	311	1031	157	97	95	74
22:38:36	265	280	309	280	309	305	279	375	157	66	114	81	305	281	266	298	325	310	280	409	191	90	103	77	252	265	266	293	281	334	290	396	174	67	78	71	297	277	298	263	315	304	281	391	144	100	86	111	285	268	324	299	377	430	335	1035	161	94	69	104	277	290	343	303	426	404	310	1065	126	87	81	86	310	278	323	286	394	429	322	461	147	109	94	79	272	293	355	273	400	426	318	1054	163	96	76	70
22:48:36	303	278	289	293	294	330	298	406	140	87	79	96	281	273	268	312	329	320	314	395	156	68	87	91	296	275	278	251	353	312	315	399	139	116	94	71	290	287	293	289	285	338	292	388	152	80	100	103	297	293	349	313	408	429	298	1043	148	57	75	69	292	293	356	302	404	384	330	1020	163	62	81	105	287	302	365	302	400	396	312	510	166	46	110	76	273	275	361	320	360	433	312	1017	129	76	88	94
22:58:36	281	294	299	299	278	329	318	405	154	109	79	94	308	295	274	279	277	330	279	411	164	81	71	57	272	297	290	290	316	329	304	349	157	77	76	90	276	264	282	274	314	301	298	376	134	95	103	85	283	276	333	276	398	416	279	1069	176	114	89	82	296	289	344	278	401	430	310	1039	155	88	82	49	284	298	356	282	409	386	278	519	179	108	79	81	301	328	333	319	405	439	318	1049	134	73	69	107
23:08:36	266	297	297	291	319	321	298	397	149	95	70	91	319	271	281	295	297	323	318	403	190	92	89	114	277	256	289	273	324	311	298	380	158	122	86	98	276	271	305	302	323	344	299	375	140	97	95	96	298	312	352	291	384	418	302	1046	137	98	103	52	305	278	325	268	383	414	337	1041	128	72	99	57	288	280	349	289	379	411	335	502	129	58	99	94	264	307	348	320	399	439	328	1074	192	61	83	76
23:18:36	268	279	314	302	318	326	317	413	175	68	98	123	306	268	288	303	311	307	316	402	147	81	89	92	268	272	283	295	331	320	303	407	176	93	81	105	264	288	287	271	291	314	308	396	186	82	98	83	276	297	338	317	392	432	307	1040	174	70	80	87	275	301	364	312	393	406	340	1021	138	87	80	89	316	320	357	299	415	391	309	562	180	92	94	93	270	288	354	314	393	392	301	1031	174	86	93	104
23:28:36	307	272	294	294	300	316	297	412	145	88	109	90	281	275	250	311	312	307	342	417	167	97	96	109	268	272	268	272	279	306	303	406	134	93	78	100	265	268	305	313	312	322	298	393	141	80	70	85	295	276	345	300	395	415	312	1023	192	123	80	83	269	271	338	291	398	418	352	1048	126	79	73	76	302	289	356	332	406	434	343	569	153	75	80	88	287	305	341	312	361	413	306	1030	158	95	94	86
23:38:36	260	304	307	290	323	313	288	382	176	98	85	77	277	250	237	289	342	331	318	386	152	80	84	80	282	273	316	275	309	328	307	401	137	102	63	98	283	266	301	289	322	314	329	400	178	99	68	73	294	318	366	299	397	438	313	1026	156	86	87	61	299	290	349	274	408	418	334	1036	181	84	61	79	293	295	335	287	391	449	291	631	141	100	90	63	261	280	372	321	406	432	307	1055	149	78	96	81
23:48:36	251	290	304	296	338	316	301	392	198	104	108	116	296	297	301	291	331	312	320	352	172	84	97	81	289	276	315	277	307	314	325	391	154	95	107	77	259	285	302	280	308	299	313	377	150	89	90	73	292	298	377	303	374	442	284	1057	136	98	81	97	294	315	325	302	402	385	321	1030	172	79	119	109	310	313	345	307	417	384	340	647	117	65	87	73	315	298	365	318	415	415	309	1079	155	97	69	102
0:00:00																																																																																																
0:00:00																																																																																																
0:00:00																																																																																																
0:00:00																																																																																																
0:00:00																																																																																																
0:00:00																																																																																																
0:00:00																																																																																																
0:00:00																																																																																																
0:00:00																																																																																																
0:00:00																																																																																																
0:00:00																																																																																																

