mScarlet-i:570,593[2]

Kinetic read	A1	A2	A3	A4	A5	A6	A7	A8	A9	A10	A11	A12	B1	B2	B3	B4	B5	B6	B7	B8	B9	B10	B11	B12	C1	C2	C3	C4	C5	C6	C7	C8	C9	C10	C11	C12	D1	D2	D3	D4	D5	D6	D7	D8	D9	D10	D11	D12	E1	E2	E3	E4	E5	E6	E7	E8	E9	E10	E11	E12	F1	F2	F3	F4	F5	F6	F7	F8	F9	F10	F11	F12	G1	G2	G3	G4	G5	G6	G7	G8	G9	G10	G11	G12	H1	H2	H3	H4	H5	H6	H7	H8	H9	H10	H11	H12
0:07:56	99	111	115	129	94	121	100	133	148	147	110	115	118	134	106	104	134	126	128	123	118	87	75	135	101	136	118	144	120	123	145	92	95	131	121	126	137	108	81	83	113	126	66	111	140	102	99	109	164	124	102	115	114	144	75	128	113	112	103	111	97	105	82	125	121	138	112	123	143	93	97	114	103	107	107	118	106	132	112	89	131	143	121	144	123	136	102	120	146	96	88	144	113	101	105	116
0:17:56	127	105	103	80	113	109	120	93	114	108	62	122	136	105	115	103	109	136	114	95	99	115	151	87	107	126	95	86	93	120	58	93	117	135	125	92	99	100	79	83	92	137	97	106	161	159	67	122	131	131	125	89	129	125	96	120	120	52	148	93	176	111	110	96	125	130	104	96	148	116	109	138	78	110	122	92	128	161	109	114	92	113	81	104	116	89	95	117	100	112	129	107	105	116	118	122
0:27:56	127	131	116	105	145	117	108	98	110	145	100	100	124	121	128	87	131	136	124	103	129	150	111	109	96	85	100	120	125	152	109	85	81	128	133	84	126	115	139	106	136	136	111	95	166	118	154	140	129	106	114	102	105	106	134	129	108	110	139	101	145	109	89	106	93	142	109	133	124	92	112	91	86	133	101	98	101	134	144	92	107	115	110	143	106	137	101	114	96	131	143	107	102	118	99	126
0:37:56	102	119	123	108	134	116	84	113	127	90	117	113	126	138	126	112	143	137	108	139	149	91	94	102	140	119	127	134	144	107	145	110	96	132	112	84	125	78	135	123	98	136	120	116	130	73	154	103	86	126	116	133	90	138	159	120	104	100	102	122	93	93	126	119	99	96	118	107	104	115	151	125	122	78	138	116	126	141	112	84	131	87	142	132	83	109	160	105	128	139	128	93	103	87	104	97
0:47:56	85	112	105	72	80	79	114	107	112	125	121	106	118	137	102	134	107	131	108	102	148	81	130	120	55	97	126	116	130	154	98	149	84	113	105	83	137	142	101	100	86	135	121	75	93	119	91	113	96	132	119	149	127	160	114	116	142	96	97	88	122	102	110	135	144	136	90	120	125	134	72	131	105	141	91	105	136	123	96	108	114	152	101	120	131	123	103	122	99	136	129	117	103	83	123	141
0:57:56	104	120	119	99	151	138	87	108	100	108	97	123	99	133	103	104	98	109	103	124	115	102	120	116	134	92	114	124	119	104	105	105	81	101	101	108	95	117	125	101	107	141	113	87	108	112	108	90	130	132	128	132	137	156	83	120	114	89	93	78	116	112	139	102	151	133	158	92	102	87	110	129	118	128	121	147	110	129	103	131	122	111	102	113	135	174	158	108	124	142	121	116	109	96	114	118
1:07:56	131	106	145	128	99	142	125	124	111	70	132	102	110	94	98	139	112	144	97	94	120	127	136	147	73	104	79	108	128	175	97	110	124	117	101	96	117	95	126	83	105	88	103	121	127	119	90	112	154	126	99	129	133	163	131	94	89	121	110	93	134	147	123	153	115	159	160	108	112	92	141	73	112	109	82	129	182	126	165	122	87	91	114	119	156	168	131	111	124	154	131	121	88	99	109	96
1:17:56	106	118	92	142	87	150	114	130	142	103	126	129	77	113	109	113	133	140	126	118	100	89	103	135	112	85	132	109	159	151	115	124	125	89	119	115	130	106	112	121	121	127	129	120	121	103	108	120	182	181	121	103	152	152	148	200	106	99	90	100	152	134	169	108	108	165	154	151	109	117	102	126	124	155	114	150	147	173	140	122	88	101	106	123	142	152	142	133	170	187	134	120	101	95	87	105
1:27:56	105	89	131	134	91	150	144	128	112	110	101	152	111	128	100	113	114	128	133	113	118	87	112	157	113	113	111	104	122	137	117	109	132	157	86	67	139	159	95	118	129	133	146	104	116	91	111	115	168	158	162	172	186	218	162	136	151	97	102	89	165	177	192	192	163	190	182	143	112	86	121	124	151	160	204	159	148	142	161	87	93	124	103	97	199	145	139	121	172	155	136	154	120	97	95	81
1:37:56	110	111	136	86	122	109	150	107	94	149	134	118	135	135	127	107	127	134	121	108	112	103	147	98	136	88	145	121	148	139	134	120	123	102	127	76	127	117	157	134	143	139	131	92	124	113	111	97	157	196	188	169	170	232	207	129	147	105	107	94	171	181	154	202	151	231	181	162	116	112	117	111	192	188	195	206	177	204	180	118	125	94	148	101	218	180	165	182	193	206	189	145	86	100	105	125
1:47:56	99	108	124	136	129	132	126	139	130	96	87	82	139	135	85	96	124	102	117	93	136	100	108	119	92	146	88	136	105	139	102	95	133	87	121	70	144	125	135	109	51	177	115	107	106	144	95	110	220	209	219	202	222	236	189	199	122	123	99	116	191	204	219	202	191	235	203	204	126	108	103	125	215	237	226	193	211	221	202	123	146	118	104	115	288	225	236	179	205	230	176	223	99	119	133	117
1:57:56	121	121	128	126	128	142	110	123	130	136	99	119	105	91	114	138	136	112	153	92	115	105	71	104	94	126	125	97	153	145	128	117	117	119	100	61	106	123	94	132	115	137	117	117	136	79	122	109	264	251	270	270	250	287	192	255	148	110	101	103	274	274	309	261	247	277	172	236	121	123	104	145	228	298	271	233	236	281	257	129	87	91	75	92	226	280	212	234	251	260	237	222	125	104	102	99
2:07:56	131	152	142	118	79	119	132	114	88	114	98	82	111	112	93	140	142	111	90	113	70	112	115	131	110	99	121	113	111	118	114	77	138	107	99	109	112	112	106	101	107	153	91	99	134	126	97	78	285	338	308	285	272	339	304	273	136	115	103	131	284	285	292	301	313	311	237	249	76	100	106	107	376	281	342	287	263	389	291	98	116	95	83	134	257	306	363	290	249	301	291	217	144	83	73	114
2:17:56	110	123	160	103	106	147	99	124	109	105	114	70	120	124	111	150	109	160	127	128	94	113	135	118	115	112	76	138	127	151	137	112	114	114	112	71	121	119	130	115	106	105	86	116	96	115	118	137	384	382	378	340	380	423	354	353	90	110	125	108	366	415	400	368	418	364	385	297	103	113	114	122	429	344	395	345	346	370	358	99	109	111	119	80	310	393	407	406	343	405	390	260	124	91	111	90
2:27:56	121	140	137	99	123	144	139	104	114	123	105	119	105	115	107	127	137	144	132	131	117	60	104	133	98	132	83	122	116	114	106	121	153	110	105	102	99	140	111	106	132	114	125	93	99	121	115	124	461	463	491	413	417	515	425	385	119	105	125	137	390	430	481	362	460	416	435	354	128	104	72	81	462	459	440	417	430	420	431	174	145	133	73	99	327	462	388	372	402	440	405	302	92	102	84	114
2:37:56	137	118	111	112	141	140	112	104	121	103	99	98	117	124	142	154	116	122	132	75	76	93	90	145	93	138	113	134	112	127	107	105	110	97	141	128	99	135	122	126	128	121	152	106	115	129	120	118	492	567	534	498	497	549	488	393	112	125	128	108	555	555	538	520	425	508	477	374	114	124	119	121	524	523	488	485	485	517	455	118	104	92	114	133	385	532	577	513	473	540	453	360	145	116	100	94
2:47:56	142	130	139	129	102	140	94	123	101	92	102	101	95	126	120	149	111	106	117	117	117	94	81	88	117	128	128	127	137	127	121	98	124	129	81	123	113	116	101	128	98	124	87	109	140	113	119	101	595	570	653	615	590	624	585	550	125	121	87	93	645	610	635	617	603	642	582	402	108	87	90	101	614	691	653	513	529	632	561	117	100	88	103	93	442	578	610	589	556	570	537	518	115	107	124	86
2:57:56	107	105	115	104	129	125	119	135	86	103	56	141	93	78	102	101	102	153	135	139	98	133	98	119	100	77	110	86	113	120	152	114	144	130	122	90	84	110	152	105	115	111	154	138	98	106	94	91	743	693	775	621	729	751	604	631	99	91	106	96	713	720	752	651	685	753	599	572	97	140	111	85	701	733	679	609	710	772	716	82	107	106	106	100	538	679	754	629	617	728	667	603	106	88	85	108
3:07:56	54	118	132	106	134	128	118	120	115	139	150	100	126	114	138	113	140	125	129	148	102	88	122	71	116	144	138	107	101	86	144	130	99	111	118	142	87	122	113	102	144	142	108	103	127	122	83	86	752	772	893	708	809	846	885	731	110	86	89	170	795	789	836	778	760	833	718	600	127	117	118	119	753	780	922	751	801	830	871	80	91	119	116	127	665	782	838	783	733	828	760	723	108	95	95	97
3:17:56	122	139	89	109	156	127	122	103	107	79	103	114	97	143	119	136	117	143	133	110	138	111	114	110	109	133	104	137	103	108	151	147	102	108	133	96	110	117	97	117	104	127	118	120	89	103	88	122	951	951	955	875	887	986	853	757	120	78	81	81	890	901	997	848	862	947	839	724	124	116	106	108	829	910	1029	917	865	938	875	105	88	119	80	152	700	997	952	824	820	919	891	772	95	100	94	99
3:27:56	108	133	130	97	105	112	137	147	112	139	79	113	122	115	93	65	123	142	102	135	120	69	126	82	144	152	143	121	95	128	108	130	150	112	61	109	123	76	117	138	101	120	124	99	98	101	89	108	1008	951	1077	973	963	1055	1037	989	128	120	108	89	1095	1053	1163	960	969	1059	984	849	101	127	130	134	984	987	1055	978	971	1021	952	105	111	80	121	106	666	1024	993	924	908	1012	990	840	128	112	118	119
3:37:56	103	101	117	116	132	134	105	133	135	92	115	95	121	142	95	114	98	120	127	111	83	105	95	156	99	95	119	96	116	155	148	109	98	132	89	127	90	95	112	127	112	105	102	123	82	115	98	104	1144	1080	1155	1164	1100	1201	1166	1063	119	133	108	91	1086	1257	1278	1112	1132	1285	1044	957	91	103	89	118	1131	1089	1194	1056	1135	1180	1070	54	109	101	84	106	787	1125	1249	1025	1115	1145	1156	1000	118	109	111	87
3:47:56	116	122	137	98	136	98	112	110	101	120	109	87	87	89	84	87	102	133	118	136	107	100	83	77	121	98	96	63	99	128	124	72	114	116	89	108	129	136	120	105	103	122	107	108	92	109	107	88	1310	1406	1373	1238	1315	1251	1344	1091	125	84	114	105	1267	1231	1369	1266	1189	1327	1187	1009	105	123	101	66	1242	1277	1265	1221	1213	1224	1294	96	106	142	115	111	816	1307	1274	1231	1197	1264	1178	1153	82	112	120	87
3:57:56	86	107	130	103	109	126	114	136	146	83	130	97	109	129	118	110	125	108	102	152	115	118	106	99	102	102	90	99	113	144	109	131	120	111	126	150	113	125	125	133	91	136	107	123	129	116	109	96	1352	1414	1469	1313	1285	1426	1397	1246	97	115	74	76	1424	1307	1483	1399	1366	1364	1302	1197	145	110	126	108	1348	1395	1339	1360	1304	1460	1353	83	162	109	83	78	931	1345	1415	1275	1288	1434	1354	1163	113	122	91	121
4:07:56	132	114	135	91	88	113	121	92	76	78	91	142	122	107	82	63	81	143	80	110	112	84	108	104	138	90	126	111	85	143	109	113	113	132	91	137	77	105	108	131	113	133	111	108	110	137	95	119	1528	1502	1620	1457	1476	1715	1533	1355	139	98	84	96	1559	1463	1575	1455	1496	1592	1474	1309	118	117	98	95	1467	1451	1688	1543	1441	1520	1433	93	152	92	145	116	1053	1533	1591	1441	1387	1518	1473	1274	150	118	108	119
4:17:56	102	112	119	129	133	110	137	105	120	94	100	104	92	122	104	132	78	134	105	84	95	93	112	124	99	108	83	96	114	89	91	114	138	135	101	140	94	145	107	96	117	136	114	84	117	90	89	67	1617	1701	1732	1587	1623	1646	1640	1503	144	133	125	83	1766	1702	1844	1558	1643	1714	1491	1340	130	106	147	125	1691	1662	1739	1582	1538	1686	1509	123	94	84	153	100	1147	1609	1719	1564	1587	1713	1640	1361	98	119	107	113
4:27:56	145	118	135	135	90	138	100	127	100	125	124	98	83	127	114	144	99	112	122	116	126	135	116	108	111	110	103	138	120	107	91	92	101	112	121	95	112	128	86	102	117	111	102	134	108	107	96	110	1837	1917	1898	1735	1835	1853	1822	1580	100	97	132	123	1855	1777	1928	1758	1779	1849	1767	1435	122	122	107	113	1829	1774	1914	1714	1700	1827	1656	85	110	118	127	92	1138	1860	1922	1796	1721	1779	1775	1507	107	93	83	127
4:37:56	116	114	72	117	138	113	99	104	156	73	90	82	127	136	145	128	117	120	104	115	121	101	95	120	84	107	81	101	99	100	114	109	91	110	79	134	75	96	52	59	113	104	74	133	105	107	107	106	2048	1908	2101	1872	1867	2001	1961	1822	111	112	100	131	2035	2065	2175	1756	1762	2068	1880	1592	101	121	96	120	1960	1975	2089	1829	1820	1903	1865	121	66	123	109	103	1373	2040	2233	1967	1962	2021	2028	1705	113	105	122	81
4:47:56	98	160	96	123	113	109	108	75	105	101	116	90	113	138	97	89	88	127	105	121	86	131	99	126	120	105	118	98	96	117	90	90	95	142	101	90	109	102	110	79	92	143	107	105	155	98	139	116	2189	2226	2325	1966	2088	2062	2159	1879	123	89	126	134	2192	2154	2392	1967	2006	2379	2077	1704	129	115	102	115	2075	2150	2257	2044	2019	2196	2098	108	103	71	122	94	1509	2163	2202	2093	2081	2014	2115	1774	93	82	112	142
4:57:56	111	110	143	94	130	142	115	98	121	105	119	124	114	128	81	113	106	129	115	88	122	109	101	99	118	111	90	101	93	108	145	94	105	89	124	129	79	82	137	77	138	82	108	75	130	100	136	128	2413	2429	2756	2245	2141	2295	2411	2066	138	119	72	107	2411	2322	2492	2236	2161	2526	2180	1853	109	112	102	106	2210	2245	2525	2127	2270	2279	2225	94	133	131	103	116	1556	2397	2397	2427	2225	2201	2400	1969	110	101	97	92
5:07:56	111	125	96	134	121	120	92	105	97	96	103	95	85	119	99	139	136	118	107	109	109	111	103	107	131	99	99	103	128	121	114	112	111	101	101	101	97	122	106	153	110	100	104	114	129	127	153	98	2536	2470	2982	2315	2288	2574	2504	2257	89	119	79	99	2475	2514	2522	2351	2354	2600	2328	2201	117	112	126	108	2447	2489	2739	2343	2422	2637	2327	85	97	99	116	113	1706	2605	2711	2774	2471	2431	2348	1996	124	126	114	82
5:17:56	139	105	84	88	135	114	133	121	130	135	78	102	142	106	94	98	74	114	123	123	136	57	127	76	103	53	92	102	122	119	124	110	94	125	96	111	135	110	146	84	129	93	97	116	89	108	106	103	2830	2827	3193	2545	2460	2763	2583	2459	118	140	111	106	2720	2691	2962	2446	2463	2749	2504	2206	88	111	121	116	2650	2813	2956	2517	2501	2807	2573	116	115	94	132	115	1811	2933	2946	3086	2567	2770	2703	2360	127	103	99	93
5:27:56	112	101	69	85	73	118	106	105	122	110	103	114	124	125	128	103	99	127	120	120	72	120	147	124	106	140	98	104	109	90	83	109	90	120	138	76	130	110	143	129	90	120	90	119	120	95	133	114	3053	3160	3353	2762	2714	2899	2765	2427	155	101	110	110	2845	3008	3263	2651	2795	2857	2680	2491	116	123	127	115	2889	2749	3337	2778	2658	2906	2707	94	146	117	104	85	2040	3111	3346	3357	2865	2862	2804	2334	67	120	117	84
5:37:56	88	76	85	103	121	113	90	92	110	123	59	133	106	147	91	104	96	171	99	115	154	90	94	105	90	80	111	110	84	100	127	120	128	68	107	113	111	104	100	90	122	123	111	95	114	103	137	77	3373	3421	3704	3084	2971	3105	2990	2694	115	97	106	114	3214	3182	3352	2986	2865	3087	3004	2534	106	96	138	113	3068	3112	3433	2885	2924	3182	2886	147	126	118	109	118	2176	3352	3475	3667	2843	3016	2925	2597	115	69	97	105
5:47:56	117	115	88	106	111	135	107	104	85	80	97	123	115	116	130	115	110	158	117	104	111	147	109	88	129	106	111	71	154	113	75	85	87	87	122	121	123	56	117	83	127	147	82	120	142	101	131	135	3838	3691	3965	3299	3365	3544	3137	2946	126	92	114	141	3168	3415	3691	3211	3139	3345	3233	2738	92	114	129	118	3236	3306	3855	3232	3424	3320	3260	140	122	132	92	110	2201	3705	4035	4110	3133	3396	3172	2705	92	73	112	101
5:57:56	124	87	116	123	130	112	116	118	112	98	99	89	101	68	70	135	125	79	84	137	117	122	109	76	60	102	91	125	119	113	111	118	113	85	116	69	90	78	106	82	96	93	73	83	124	98	139	84	3850	4052	4085	3519	3763	3871	3478	3074	108	84	93	130	3323	3528	4033	3359	3423	3563	3420	2976	127	88	75	106	3537	3626	4178	3330	3425	3707	3194	89	110	135	106	74	2639	3951	4164	4270	3830	3419	3339	2916	140	80	102	107
6:07:56	111	126	116	113	102	120	101	100	52	92	114	133	82	120	132	99	97	128	96	100	102	126	112	130	91	99	77	142	61	120	158	84	100	130	108	141	108	142	80	96	126	127	117	112	134	105	117	119	4215	4599	4477	3944	4081	4551	3794	3281	95	116	130	114	3608	3955	4197	3711	3537	3829	3749	2989	114	125	86	116	3990	3918	4847	3737	3782	4049	3407	113	134	142	127	94	2745	4587	4833	4736	4367	3714	3426	3075	117	123	94	151
6:17:56	128	140	86	128	57	128	104	126	98	122	146	136	124	101	116	118	121	124	102	140	90	112	110	116	88	56	110	107	133	110	102	107	138	67	102	103	80	93	101	118	66	124	100	156	154	105	125	127	4561	4742	5036	4024	4330	4998	3958	3464	97	95	85	109	4018	4361	4712	3932	4200	4115	4004	3250	125	101	82	98	4167	4298	5314	3878	4402	4437	3736	90	117	87	80	88	2925	4847	5240	5148	4330	4046	3757	3275	102	96	118	106
6:27:56	86	114	131	87	119	120	126	97	110	120	96	88	148	99	139	105	94	168	121	100	93	104	111	105	78	108	90	102	154	137	124	90	82	86	97	88	89	126	101	88	102	116	75	147	118	100	113	112	5074	5135	5168	4646	5035	5468	4530	3597	130	87	131	107	4255	4659	5165	4097	4618	4766	4317	3480	128	104	128	110	4530	4653	5681	4216	4848	5586	4101	93	136	93	92	99	3068	5383	5309	5389	4630	5271	3994	3547	95	108	96	95
6:37:56	104	67	121	99	124	135	96	117	104	135	102	95	82	81	92	110	104	134	130	102	67	128	115	115	112	97	160	150	58	129	102	118	133	77	112	109	124	110	95	106	76	151	109	120	141	91	104	92	5629	5485	5648	5380	5470	5897	5220	4156	114	102	111	113	4893	4872	5638	4914	5056	5235	5003	3599	143	124	145	128	5080	4953	6016	4849	5087	5748	4719	148	142	106	113	97	3267	6009	5929	6126	5266	5890	4311	3737	121	118	108	91
6:47:56	119	90	90	87	91	100	92	136	113	135	126	99	124	90	105	96	125	132	147	74	115	80	129	109	90	112	144	123	129	115	83	80	95	93	106	131	124	89	103	101	81	123	120	105	79	141	119	85	6146	5962	6209	5640	5786	6487	5419	4587	91	118	113	100	5068	5295	6082	5342	5082	5776	5259	3843	92	79	127	55	5658	5282	6482	5189	5460	5912	5390	93	77	95	92	125	3332	5996	6234	6350	5543	6595	4372	3947	108	112	105	138
6:57:56	69	110	109	83	122	89	125	110	125	94	104	126	125	113	121	120	124	153	97	86	70	89	71	104	86	76	121	115	73	113	146	107	115	142	110	100	122	96	91	110	122	139	120	93	110	118	91	147	6687	6655	6786	6256	6340	7088	6564	4936	103	76	90	88	5732	5666	6748	5649	6133	6711	6284	4130	58	140	89	87	6195	5868	7125	5911	6195	6864	6027	114	98	103	120	117	3723	6500	6776	6730	6151	6960	4708	4158	81	108	97	98
7:07:56	102	155	103	125	139	95	134	100	117	130	96	104	128	132	106	127	104	110	86	106	96	107	129	99	76	121	94	113	83	103	98	115	127	99	147	81	107	97	107	106	84	122	59	122	112	117	115	109	6983	7044	7166	6297	6884	7487	6935	5198	104	123	119	100	6486	5974	7110	6240	6441	7667	6705	4750	99	93	98	137	6637	6191	7639	6188	6310	7030	6715	96	157	80	87	103	3898	7083	7306	6859	6509	7347	5169	4543	128	110	91	126
7:17:56	110	81	88	106	126	111	85	117	113	131	108	103	80	67	124	88	98	124	97	102	115	105	80	128	116	54	90	98	111	123	110	119	108	131	118	62	128	84	89	116	142	157	108	101	105	111	134	110	7637	7655	7779	6876	7173	8180	7308	5723	160	99	129	116	6789	6415	7492	6817	6926	8188	7154	5011	123	125	74	100	6846	6408	8652	6856	6744	7865	7213	112	121	90	131	96	4077	7386	8010	7389	7002	7598	5824	4995	119	96	95	121
7:27:56	93	122	109	114	118	116	119	112	105	97	106	125	118	86	116	114	117	95	114	92	102	160	115	116	115	92	93	95	80	125	128	106	108	105	116	121	126	98	109	98	82	124	100	89	115	103	103	113	8325	8394	8470	7609	7690	8526	7839	6216	67	79	109	97	7315	7329	8265	7273	7518	9092	7647	5601	114	97	113	111	7673	7092	9009	7490	7385	8376	7753	127	121	119	131	93	4393	8113	8548	7725	7610	8287	6430	5581	103	92	99	141
7:37:56	100	90	80	160	126	90	105	99	121	110	135	119	78	116	101	125	86	121	96	102	95	106	125	126	113	93	102	92	93	107	86	130	92	116	119	120	128	87	130	105	109	125	78	126	112	85	94	85	8768	8910	9352	8215	8307	9433	8634	6779	133	106	105	83	7845	7785	9029	7699	7984	9213	7827	6452	143	154	75	117	8201	7533	9757	8005	8238	9145	8542	99	114	105	82	153	4388	8611	9142	8113	7915	8787	6946	6321	121	99	101	104
7:47:56	119	124	119	86	90	129	89	125	128	87	104	132	110	96	110	115	112	111	105	97	104	110	80	106	115	106	82	112	100	117	116	83	104	99	126	104	95	113	107	68	118	118	120	127	125	126	86	131	9596	9499	9861	8973	8804	10140	8977	7208	120	94	96	122	8568	8350	9418	8303	8682	9828	8834	7017	124	121	119	80	8553	8173	10674	8780	8903	9580	9190	128	105	154	95	89	4688	9351	9672	8261	8726	9526	7327	7185	109	111	116	101
7:57:56	111	126	119	139	92	124	82	132	137	99	103	136	100	85	101	149	101	89	84	101	91	117	147	130	106	99	91	123	101	116	99	86	108	104	61	119	108	107	87	114	94	118	101	108	134	85	99	91	10307	10396	10983	9921	9647	10940	9445	7785	143	104	144	110	9021	9313	10213	9102	9479	10466	9563	7747	97	101	105	114	9252	8945	11321	9174	9534	10756	10207	128	106	114	107	119	4982	9739	10196	8721	9302	10237	7797	7993	111	91	131	117
8:07:56	98	104	97	115	116	130	88	99	162	84	119	76	113	136	99	104	138	173	97	138	114	98	98	114	100	94	85	119	85	145	135	92	98	134	85	93	140	69	157	122	108	135	112	134	114	89	117	132	10858	10984	11879	11042	10400	11262	9793	9119	111	93	95	108	9666	9676	10983	10021	10025	10763	10265	8361	81	137	106	95	9817	9483	11461	9840	9887	11545	10852	109	106	84	97	105	5323	10174	10951	9592	10017	10882	8109	8676	88	110	89	132
8:17:56	137	127	108	110	77	109	101	86	109	96	146	101	118	94	102	70	117	143	135	118	124	97	133	114	120	110	82	123	111	120	121	108	111	132	131	144	119	137	119	113	127	131	133	102	107	69	126	81	11365	11105	12714	12108	10587	11585	10334	9486	95	108	104	105	9930	10277	11266	10201	10686	11296	10440	8822	138	91	65	93	10306	10036	12163	11222	10655	12033	11272	113	117	125	97	103	6357	10717	11102	9678	10543	11417	8469	9128	94	109	92	119
8:27:56	77	135	140	117	124	100	124	100	131	106	78	112	114	125	101	118	99	99	115	69	126	82	131	105	104	83	83	104	115	141	134	91	115	133	98	86	93	101	107	119	137	118	91	88	118	88	89	108	11411	11732	13358	12768	11142	11924	11166	10050	121	81	89	106	10516	10734	11471	11038	11245	11789	10901	9451	131	111	86	116	10521	10351	12506	11401	11203	12384	12099	133	110	67	77	123	6921	10952	11474	9885	10788	11796	8410	9756	109	87	116	112
8:37:56	133	110	122	96	110	116	110	99	99	91	102	109	103	95	100	98	131	128	108	80	109	132	105	138	101	111	124	93	118	121	130	115	105	124	127	120	85	102	109	141	108	108	125	119	119	111	139	122	11933	12282	13887	13365	11623	12527	11572	10759	114	91	100	103	11104	11060	11845	11792	11762	12074	11611	10332	126	95	92	137	10923	10933	13060	12360	11285	12795	12334	100	119	108	125	107	7925	11230	11453	10551	11125	12501	8702	10287	136	83	119	109
8:47:56	86	146	82	82	122	138	109	148	112	128	114	107	109	88	113	94	110	136	100	139	107	135	139	149	97	95	165	136	93	124	83	129	108	98	110	107	96	147	106	109	115	139	83	125	110	107	104	126	12290	12510	14433	14185	11959	12892	11861	11134	124	92	94	119	11292	11227	12329	12226	12448	12494	11609	10825	114	82	126	110	11139	11292	12965	12736	11815	13504	12507	95	162	99	110	118	8193	11233	11806	10542	10982	12584	9092	10774	111	104	124	91
8:57:56	96	76	115	123	135	153	122	117	133	93	93	132	83	129	158	100	156	116	116	103	105	109	93	118	115	90	127	132	119	146	116	115	87	146	124	135	96	123	144	100	134	125	66	143	134	116	92	75	12031	12521	14750	14804	12417	13192	11651	11448	120	84	120	90	11874	11809	12577	12916	12939	12989	12647	11231	95	116	100	129	11320	11977	13094	13143	12147	13539	12945	170	138	109	122	117	9037	11940	12090	11138	11386	12771	9222	11348	103	75	103	109
9:07:56	119	108	115	124	109	138	104	75	93	130	122	133	97	121	127	126	91	162	72	129	120	91	125	91	122	117	107	127	89	97	107	116	117	116	103	112	123	76	125	122	81	117	136	131	138	128	89	113	12820	12782	15525	15552	13015	13794	11920	11852	117	95	74	114	12352	12026	12843	13141	13581	13657	12994	11904	96	129	74	100	11886	12717	13156	13491	12435	14048	13850	167	103	121	116	87	9474	11955	12364	11404	11908	13332	9386	11528	99	95	111	117
9:17:56	109	92	135	137	106	117	115	90	124	103	94	78	121	130	117	121	100	101	130	94	97	106	99	76	107	116	96	89	64	169	101	79	112	102	86	126	122	137	116	129	104	113	124	113	94	124	81	72	12653	13178	15829	15868	13409	14273	12614	12486	90	68	77	124	12720	12236	12814	13665	14447	14006	13602	12257	109	128	119	105	12078	13576	14037	14171	12891	14442	13822	152	119	111	98	87	9915	12071	12658	11253	12153	13986	9576	11895	129	97	175	117
9:27:56	106	86	107	109	124	119	108	99	131	89	90	146	76	143	95	130	100	138	116	94	127	97	106	100	82	146	98	133	144	92	69	52	164	100	133	115	107	133	108	112	104	139	117	126	114	110	115	131	12858	13465	16382	16163	13336	14339	12825	12887	99	139	122	93	12723	12805	13171	13891	14656	14501	13462	12815	122	131	78	108	12349	14743	13932	14332	13084	14480	13980	103	104	104	118	101	10280	12155	12769	11869	12336	14154	9554	12055	123	128	110	129
9:37:56	76	124	131	95	85	121	115	101	134	109	111	121	105	138	137	134	99	148	119	98	121	141	126	69	83	87	85	100	125	117	110	92	80	116	120	149	88	123	131	108	106	135	105	103	137	125	130	85	13172	13824	16376	16925	13893	14451	13087	13246	136	88	128	82	12969	13189	13386	14160	15007	14607	13909	13355	150	113	132	97	12187	15380	13995	14597	13482	15027	14415	101	126	97	109	140	10484	12696	12843	11962	12826	14759	9586	12518	95	88	97	157
9:47:56	90	98	85	72	84	118	76	107	117	117	101	110	111	115	112	100	110	155	129	103	74	107	118	104	114	120	132	103	124	128	98	108	86	137	110	116	114	108	132	130	105	113	139	120	110	108	99	97	13686	14037	16783	16951	14020	14659	13358	13409	119	119	101	126	12906	12791	13377	14226	15540	14368	13723	13211	70	139	90	129	12234	15450	14006	14717	13537	14761	14404	79	114	106	122	100	11601	12489	12636	11873	12756	14203	9905	12551	93	122	108	73
9:57:56	104	113	135	85	115	120	89	130	112	73	93	136	102	92	122	103	122	128	119	92	102	114	97	117	109	85	124	85	101	115	99	116	165	122	136	145	141	107	102	105	105	152	92	139	113	72	81	119	13437	14128	17378	17532	14142	15115	13186	13764	107	108	101	115	12960	13180	13863	14523	15778	15030	14664	13529	94	120	118	93	12530	16719	14884	14740	13889	15265	14650	125	103	93	93	65	11837	12477	13272	12349	13011	14823	10058	12758	134	133	108	109
10:07:56	109	98	77	139	159	158	128	125	75	114	145	110	127	162	111	133	97	111	112	111	111	120	80	65	121	112	121	125	120	107	104	75	109	113	90	117	137	95	156	123	120	129	131	116	86	125	130	118	14188	14195	17580	18122	14311	15203	14117	14355	118	117	120	118	13116	13130	14244	14924	16351	15297	14853	14018	96	115	120	97	12819	17162	14991	15375	13684	15262	15300	175	108	123	122	134	12167	12966	13623	12335	13273	15068	10209	13071	84	95	109	85
10:17:56	133	135	130	104	137	141	138	112	97	125	80	120	166	100	81	120	112	133	110	125	108	116	134	133	98	90	101	125	123	175	82	128	138	125	86	95	111	126	128	103	132	153	111	124	131	93	133	79	14107	14564	18010	17758	14154	15314	14038	14258	120	84	117	128	13356	13471	14139	14628	16811	14708	14390	13793	155	80	109	112	12808	17013	15007	15529	13865	15109	15021	129	104	110	128	115	12059	12966	13356	11992	13491	15000	10118	13189	117	121	78	140
10:27:56	88	99	132	100	119	143	148	88	125	101	82	93	137	104	74	118	105	108	135	115	113	134	134	110	118	120	105	145	106	147	114	95	133	121	153	109	101	139	101	123	138	141	114	131	112	113	105	110	14323	14741	17716	18147	14204	15168	13453	14362	138	110	107	130	13578	13870	14168	15002	16737	14862	14633	13933	112	76	110	110	12776	17521	14792	15611	14022	15175	15335	129	113	96	116	100	12356	13047	13716	12414	13098	15234	10336	13404	75	148	116	80
10:37:56	137	147	122	70	122	120	96	135	112	80	136	136	102	110	104	95	130	169	110	143	113	121	110	112	96	109	95	107	119	96	111	99	111	100	109	114	96	72	89	138	97	180	97	112	126	109	137	106	14392	14566	17993	18406	14069	15138	14193	14037	111	120	114	82	13581	13838	14184	15131	17095	14993	14719	14024	120	99	83	90	13228	17910	15115	15770	13980	15776	15675	121	110	74	127	82	12473	12933	13059	12314	13470	15418	10341	13498	110	135	123	92
10:47:56	131	98	105	137	84	140	133	128	89	104	123	100	134	130	132	93	125	133	134	105	95	100	116	100	105	94	155	125	140	118	127	102	117	136	138	124	117	126	149	108	90	147	126	144	90	96	69	110	14546	14803	17994	18744	14489	15595	13823	14723	105	77	129	101	13753	14171	14456	15396	17100	15013	15223	14348	125	98	79	122	13115	17996	14924	15919	13930	15352	15579	133	123	120	134	62	12665	13046	13260	12242	13540	15191	10284	13477	126	95	95	114
10:57:56	99	106	124	120	99	90	109	93	108	100	151	117	103	120	113	150	129	144	154	122	103	113	100	129	94	131	122	98	106	141	96	98	49	108	116	88	111	141	102	138	101	105	144	161	100	116	100	118	14762	14857	18291	18680	14649	15638	14480	14678	106	91	84	87	13838	14294	14352	15804	17437	15371	15328	14505	115	136	107	119	13418	18239	15190	16418	14284	15777	15778	100	146	99	98	122	12483	13244	13656	12674	13557	15328	10587	13776	160	109	111	111
11:07:56	121	102	114	137	78	149	92	104	124	99	106	113	120	90	119	76	109	119	122	138	98	102	105	135	113	117	157	129	104	195	136	88	148	79	109	84	91	110	119	112	113	142	122	109	120	141	75	101	14761	15159	18213	19033	14698	15967	14545	14981	114	103	111	131	13961	14484	14412	15601	17550	15444	15888	14483	127	108	113	90	13540	18477	15135	16250	14659	16081	16002	124	135	112	119	81	12493	13364	13226	12184	14137	15330	10385	13937	113	129	105	105
11:17:56	137	117	94	109	101	189	100	115	115	125	88	91	124	112	135	110	171	167	133	107	131	108	87	123	73	161	126	98	111	161	117	125	106	85	96	123	138	148	109	136	105	154	138	109	97	127	113	98	14901	15302	18514	19443	15694	15580	14548	14921	109	110	136	134	14099	14483	15023	15622	17621	15712	16018	14817	119	131	112	124	13148	18654	15612	16419	15097	15694	16482	123	96	101	129	85	13263	13666	13366	12110	13968	15433	10553	14032	109	104	113	135
11:27:56	117	136	113	141	127	136	114	99	120	84	100	124	126	126	126	131	132	177	91	125	149	83	58	87	108	83	101	132	87	132	102	102	123	115	122	131	100	170	110	124	150	139	99	125	125	102	93	114	15292	15371	18433	19547	15483	16408	14969	14974	95	109	88	125	14167	14583	14991	15747	17962	16282	16012	14439	90	110	71	122	13647	18713	15653	16738	15382	16096	16560	119	85	127	128	89	13226	13617	13456	12453	14166	15625	10805	14391	100	75	119	58
11:37:56	110	115	105	119	87	118	87	108	79	114	123	109	114	143	133	134	90	116	84	94	126	99	119	82	125	101	95	118	164	164	96	124	147	119	93	124	106	141	128	148	130	129	101	116	86	92	138	129	15161	15223	18840	19600	15498	15932	14648	15113	107	125	112	102	14274	14689	14937	15740	18190	15972	16409	14690	106	109	129	114	13595	18657	15783	16644	15128	15953	16392	110	93	114	87	100	13087	14146	13553	12130	13775	15912	10887	13918	81	89	129	112
11:47:56	101	113	114	96	105	138	121	86	85	134	98	118	110	81	136	116	141	151	126	95	122	88	111	106	80	92	119	108	105	145	135	131	103	115	109	124	126	135	164	128	125	149	122	82	141	93	87	88	14881	15746	18831	19012	15854	15894	14636	15374	108	93	139	160	13986	15319	14672	15821	18178	15818	16408	14635	100	87	101	96	13687	19137	15819	16615	15154	15929	16880	136	134	109	80	107	13185	13790	13572	12161	13816	15649	10806	14141	105	134	93	95
11:57:56	107	99	126	93	109	141	108	111	95	153	77	61	127	165	83	119	151	131	148	113	128	160	96	80	107	129	95	107	138	156	156	130	148	94	46	118	105	98	81	133	117	176	133	130	113	106	123	91	15401	15783	18604	20017	15719	15929	14767	15394	137	123	121	70	14335	15478	14749	16398	18145	15961	16547	15092	88	134	93	118	13526	19208	15925	17006	15449	16336	16397	139	122	95	98	135	13304	14156	13419	12418	13845	15599	10866	14129	103	133	82	106
12:07:56	129	124	143	109	126	158	134	116	110	118	83	113	93	97	93	77	117	147	105	104	86	88	107	99	113	113	149	139	116	169	140	128	127	111	108	118	87	141	120	134	84	161	81	122	109	103	123	104	15569	16108	18986	19666	15942	16552	15194	15443	153	141	102	128	14611	15605	15144	16347	17807	16433	16577	15291	121	66	103	112	13569	19452	15974	17220	16029	16328	16798	205	107	113	108	95	13847	14529	13845	12365	13963	16058	11144	14687	117	77	78	105
12:17:56	114	115	143	105	124	119	141	103	99	125	103	93	125	115	127	102	88	140	107	122	98	120	68	129	86	120	107	128	157	110	107	103	120	113	84	146	135	153	126	116	125	125	122	107	109	121	103	137	15320	16081	19130	19807	16131	16017	14660	15389	111	120	110	124	14505	15619	15158	16244	17819	16086	16575	15687	94	108	111	108	13839	19564	15808	16797	15663	16972	17061	123	104	109	95	92	13322	14490	14306	12424	14041	16286	11163	14541	115	107	135	113
12:27:56	124	109	162	144	118	103	101	104	130	110	85	71	114	148	138	121	96	123	130	95	89	91	119	89	99	98	155	146	119	128	100	145	121	103	119	88	117	146	105	117	148	142	114	120	104	137	110	95	15558	15628	18642	19534	15581	15960	14581	15397	154	148	89	130	14415	15410	14676	15689	17743	15900	16070	15217	100	103	87	134	13876	19164	15594	16611	15498	16446	16652	121	103	81	142	115	13770	14590	13609	12687	14434	15751	11242	14123	126	124	104	75
12:37:56	135	137	116	113	141	139	108	115	136	107	119	88	142	147	124	81	107	138	137	95	109	90	92	94	120	95	143	120	99	140	119	118	120	105	94	106	153	140	126	116	148	132	132	171	101	112	84	111	15250	15754	18971	20043	15818	15964	14288	15219	94	74	128	106	14229	15394	14700	16011	17707	15982	16254	15265	95	89	104	93	14121	19270	15278	16502	15184	16354	16482	106	88	153	129	110	13696	14732	13774	12574	13902	15803	11061	14073	75	101	78	80
12:47:56	122	96	118	98	113	117	92	115	89	53	109	95	129	106	125	127	99	139	102	116	98	84	111	98	103	115	95	111	130	128	91	144	91	88	88	116	89	128	131	128	155	151	142	112	78	77	75	99	15515	15294	18581	19854	15619	15978	14239	15261	129	110	128	85	14393	15481	14808	16022	18056	16051	15907	15596	129	108	98	128	13935	19240	15387	16894	15480	16699	16886	134	147	102	87	125	13698	14438	13700	12854	14037	15790	11309	14446	134	114	78	83
12:57:56	111	127	114	148	115	112	139	145	114	105	121	76	115	101	105	123	142	140	120	128	114	112	126	118	143	123	106	158	139	142	110	140	102	110	149	107	121	114	106	134	93	130	134	141	109	98	91	80	15357	15573	18392	19782	15486	15757	14321	15136	88	109	113	102	14244	15591	14491	16100	18076	16126	16376	15664	100	101	110	130	13903	19438	14860	16658	15778	16216	16804	159	96	112	73	81	13903	14425	13782	12910	14350	15734	11409	14199	137	95	90	110
13:07:56	132	118	147	114	121	140	122	159	105	103	122	98	108	133	113	96	132	140	105	130	82	60	84	116	123	113	131	113	99	137	131	90	111	111	125	130	105	147	120	154	156	137	133	142	119	100	137	116	15284	15494	18380	19336	15391	15928	14306	14606	78	106	87	131	14201	15363	14217	16213	17386	15538	15494	15258	79	115	101	97	13618	19369	14473	16609	15095	16045	15891	159	126	92	101	127	13711	14372	13381	12388	14060	14942	11096	14223	72	120	121	91
13:17:56	112	116	125	127	114	124	112	111	106	76	133	80	91	135	80	112	111	150	124	151	105	107	122	84	87	103	123	71	120	138	107	129	108	124	82	95	129	158	142	144	104	105	104	122	109	134	117	100	14793	15488	18069	20146	15061	15749	14301	15156	131	95	87	142	14007	14847	14111	16359	17998	15930	15876	15538	81	108	131	90	13673	19166	14526	16791	15444	15568	16124	186	96	132	65	100	13854	14626	13279	12406	14383	15472	11107	13990	129	105	109	145
13:27:56	132	123	163	140	129	163	105	99	116	126	140	127	109	131	129	112	103	134	94	92	104	90	133	121	94	100	126	109	106	169	116	127	115	108	114	112	118	95	137	148	132	130	146	132	112	101	77	117	14238	14803	17428	19249	14696	15202	13854	15040	116	111	103	136	13816	14701	13602	15874	17690	14939	15097	15123	86	139	114	97	13136	18470	13881	16019	14776	15180	15584	154	134	115	103	121	14022	13963	12850	12827	13668	14893	10857	13654	121	113	87	152
13:37:56	110	95	119	95	112	124	132	107	156	86	133	102	112	105	137	107	118	151	125	136	81	156	121	120	125	145	145	108	96	110	141	86	88	91	102	124	114	137	156	123	152	169	115	122	94	122	106	103	14037	14918	17278	19706	14424	15252	13965	15036	93	128	70	98	13692	14492	13435	16225	17260	15168	14930	15151	69	115	122	92	12849	18070	14113	17036	14594	15262	15306	136	88	99	86	109	13552	14001	12985	12858	13371	15008	10782	14295	91	91	91	145
13:47:56	121	129	142	141	148	107	80	89	107	126	66	106	141	117	123	80	94	148	139	94	121	107	107	136	126	106	119	118	122	114	126	158	122	108	129	118	154	126	129	116	138	78	140	139	119	114	89	85	14063	14535	16963	19297	14560	14667	13586	15365	103	107	99	140	13032	14223	12987	15847	16963	14697	14790	15237	123	88	87	100	12347	17336	13778	16734	14351	14971	14651	161	96	85	76	134	13703	13335	12316	12745	13956	15130	10888	14203	113	126	139	107
13:57:56	126	126	133	127	124	120	103	129	85	113	84	135	112	134	137	123	102	121	131	124	92	108	117	92	142	122	112	104	99	145	135	119	140	72	101	95	102	129	109	146	144	134	110	113	73	106	78	102	13998	14284	16759	19322	14390	15197	13789	15021	127	106	99	123	13048	14356	13033	16082	16472	14811	14750	15622	108	76	78	106	12687	17590	13910	16802	14718	15340	15365	175	99	93	92	99	13952	13624	12448	12785	13505	14874	10883	14365	105	109	116	130
14:07:56	71	87	99	107	133	115	113	126	128	111	135	88	117	130	101	94	133	156	146	89	136	95	126	98	115	107	117	119	116	125	167	127	101	111	112	111	107	141	118	150	106	154	105	123	102	123	99	128	13206	13737	16538	18660	13926	14330	13414	14419	110	147	73	114	12935	14253	12639	15450	16408	14438	14344	15057	91	113	122	95	12114	17377	13203	16328	13771	14560	14578	137	116	68	89	105	13477	13272	12232	12234	13132	14217	10410	13462	113	129	96	147
14:17:56	130	108	90	109	126	121	121	115	149	135	95	101	96	131	116	114	123	138	120	103	127	99	106	103	86	138	140	118	118	150	100	100	115	105	114	102	128	136	157	107	146	134	124	92	128	112	145	105	13282	13493	16368	18502	13611	14012	13117	14568	158	111	120	129	12486	13312	12450	15040	15643	13977	13886	15238	131	95	118	67	11924	17129	13326	15725	13640	14501	14324	107	111	101	101	112	13563	12659	12117	12346	12977	14329	10585	13804	107	116	75	86
14:27:56	153	66	116	101	110	111	99	114	114	96	94	122	132	137	126	110	92	137	119	123	77	113	105	106	131	135	109	114	133	142	134	98	102	117	120	84	118	127	151	148	82	161	132	122	114	123	129	125	13321	13135	15997	18205	13100	13918	12792	14048	98	119	148	75	12132	12763	11896	15089	14664	13347	13713	14519	105	123	112	134	11608	16312	12884	15409	13240	14002	13663	197	118	100	125	139	13312	12166	11958	12062	12662	13601	10238	13050	147	101	123	95
14:37:56	108	118	112	83	152	132	105	136	112	114	135	115	96	111	117	124	149	122	107	119	118	97	127	115	106	117	101	79	123	165	135	94	80	81	105	91	139	140	137	141	130	135	136	145	93	91	99	115	12743	12954	15539	17587	13009	13237	12048	13436	101	130	107	125	11874	12599	11711	14114	14350	13016	12902	13492	122	125	98	84	11782	15910	12416	14640	12513	13523	12764	191	120	89	90	114	12997	11541	11500	11388	11852	12967	9896	12020	104	144	109	121
14:47:56	132	109	102	116	126	119	91	96	120	112	103	83	111	138	137	118	149	138	136	140	108	90	90	105	128	115	98	134	133	151	140	157	102	122	125	109	140	118	127	120	115	166	99	130	124	88	113	98	12805	13489	14808	17055	12684	13305	11884	13591	121	113	111	117	12048	12404	11930	14077	13591	12971	12968	13905	116	111	68	119	11586	15742	12323	14605	12822	13401	13074	160	97	108	115	91	12964	11579	11660	11451	12320	12964	9876	12520	147	97	92	100
14:57:56	122	132	130	117	71	126	113	107	102	122	130	110	106	129	115	119	116	149	119	88	99	118	126	112	122	108	108	170	110	162	117	79	107	85	112	103	129	146	152	151	113	119	99	122	105	100	101	96	12734	12714	14551	16674	12660	12721	11602	12703	100	99	98	106	11399	12081	11359	13698	13027	12682	12362	13332	132	112	108	89	11443	15110	12050	14075	12083	12879	12847	194	120	100	88	102	12177	11480	11199	11458	12002	12770	9578	11920	96	141	134	90
15:07:56	126	120	140	82	116	150	136	128	83	122	128	92	134	145	100	161	117	115	161	105	146	126	133	117	147	96	93	123	127	87	98	109	105	126	106	119	114	113	133	137	137	130	125	98	75	108	95	105	12649	12570	14514	16588	12430	12570	11813	12376	151	113	113	103	11428	11911	11339	13718	12559	12553	12198	13066	104	117	92	117	11181	14886	11942	13388	11925	12991	12071	184	98	114	83	99	12417	11261	11330	11075	11818	12394	9573	11549	93	131	101	100
15:17:56	122	113	79	119	98	106	97	107	111	85	116	105	114	93	139	139	114	92	123	118	88	110	120	140	143	123	108	119	158	128	101	117	97	123	115	106	108	143	126	140	101	139	145	167	130	117	96	96	12623	12622	14396	16313	12276	12730	11843	12322	146	73	97	115	11140	11838	11298	13649	12385	12478	12220	12750	91	139	87	141	11449	14548	12283	13632	11833	12715	12269	199	106	130	83	83	12342	11482	11400	11138	12190	12737	9579	11616	119	128	92	113
15:27:56	145	112	94	107	103	131	141	123	102	76	114	126	109	125	135	122	117	86	124	138	145	93	128	74	142	149	129	101	85	147	119	106	95	99	104	98	141	113	120	163	153	155	143	114	112	100	58	93	12401	12525	14253	16297	11905	12530	11318	12253	87	103	98	97	11034	11692	11286	13215	11525	12734	12181	12581	131	101	100	78	10930	14632	12221	13648	11525	12772	12191	165	105	129	115	105	11585	11043	11265	10525	11704	12371	9360	11036	88	104	89	103
15:37:56	78	102	100	96	124	82	116	107	135	106	105	132	92	122	120	117	136	154	122	119	115	107	100	94	124	118	128	102	148	104	108	105	102	107	103	135	113	111	73	120	114	131	75	110	141	98	133	131	12103	12229	13724	15385	11855	12390	10819	12291	172	80	87	137	10954	11842	10996	13127	11504	12304	11758	11970	96	109	98	120	10749	14215	11586	13046	11394	12581	12142	170	140	127	114	151	11928	10874	11020	10611	11451	11914	9384	10934	127	108	126	110
15:47:56	92	125	97	118	78	115	125	112	87	96	99	92	139	112	86	96	130	135	118	109	145	89	128	122	76	115	144	122	137	113	133	175	119	103	93	123	93	121	113	141	123	122	124	128	108	142	101	101	11841	11969	13514	15267	11545	11989	11143	11574	104	119	95	108	10796	11915	11010	12810	11634	11998	11382	12006	107	115	89	129	10760	13795	11802	13030	11250	12317	11636	183	111	105	115	100	11515	10972	10892	10535	11305	12143	9133	11072	119	107	113	127
15:57:56	133	157	139	115	140	167	89	83	126	113	82	91	118	98	159	105	132	127	113	119	85	88	125	85	137	86	125	113	103	153	129	129	133	101	109	126	122	112	129	146	120	106	90	108	98	109	111	121	11519	11876	13661	15010	11652	12463	11253	11741	102	102	93	107	10924	11671	11103	13225	11405	12186	11766	12291	166	83	95	75	10849	13633	11745	13495	11426	12409	11846	214	102	125	147	124	11382	10467	11134	11064	11270	12164	9040	11103	90	115	99	139
16:07:56	119	107	120	86	114	129	123	89	140	131	139	122	133	144	102	135	127	113	114	118	142	88	136	104	149	101	101	102	127	98	140	127	112	123	91	118	140	68	126	170	128	163	155	114	87	85	76	103	11806	11873	13542	14929	11676	12150	11039	11478	79	82	117	90	10735	11512	11057	12968	11297	12279	11777	12166	140	94	110	145	10745	13463	11746	13338	11662	12544	12242	266	106	102	103	114	11310	10776	10893	10579	11599	12093	9093	11154	112	124	94	107
16:17:56	139	106	136	115	105	166	140	119	151	104	97	99	123	130	118	135	124	167	108	72	139	81	128	106	152	109	81	115	122	123	98	135	111	137	131	104	93	127	102	120	109	140	113	126	122	95	138	112	11728	11955	13507	15399	11701	12092	11359	11602	116	115	117	126	10575	11873	11249	12865	11291	12626	11717	12201	132	128	85	132	10773	12653	11977	13476	11584	12396	12169	194	159	150	82	98	11194	10734	11117	10945	11272	12436	9115	11036	133	95	76	94
16:27:56	89	113	143	118	97	130	95	122	95	109	121	90	140	69	114	111	104	133	99	137	119	114	141	138	117	74	133	122	126	171	125	126	115	109	87	125	90	120	109	127	129	121	136	135	87	107	132	106	11828	11670	13575	15058	11564	12082	11422	11622	108	81	113	97	10912	11399	11014	12891	11664	12527	11926	12049	120	101	112	120	10652	12493	11878	13133	11592	12457	12001	246	118	68	106	129	11082	10644	11241	11091	11641	12207	8972	10983	84	99	110	125
16:37:56	116	95	121	132	135	127	111	134	159	83	115	92	120	110	118	74	102	112	109	67	107	120	103	94	110	113	133	145	100	120	99	87	63	110	133	113	132	137	114	114	107	157	118	119	97	77	108	91	11906	12050	13675	15091	11578	12288	11279	11663	131	83	134	112	11015	11615	10827	12804	11453	12556	12270	11827	118	104	117	115	10844	12248	11939	13331	11565	12319	12112	201	95	103	106	121	11363	10936	11236	10768	11343	12073	9289	10792	65	110	107	88
16:47:56	137	115	91	150	120	131	126	105	114	131	113	132	111	122	104	94	112	118	138	84	119	115	123	117	125	123	131	145	117	138	124	119	102	106	92	88	131	117	127	154	131	149	132	110	121	134	121	113	11807	11787	13434	14853	11617	12055	10751	11123	114	102	101	135	10645	11553	10921	12578	11257	12136	11592	11658	113	122	100	144	10191	11910	11749	12953	11172	12126	11849	252	98	131	75	104	10707	10913	11082	10755	10599	11925	8800	10253	132	151	121	105
16:57:56	96	103	108	106	88	154	114	124	151	101	84	102	135	99	147	120	108	120	108	106	105	78	109	100	111	115	108	111	109	168	126	108	83	82	101	92	103	107	123	123	118	150	159	142	151	130	127	117	11581	11578	13098	14955	11585	12083	10612	11385	121	127	108	80	10646	11462	10624	13094	11147	12227	12011	11939	88	133	95	104	10635	11666	11659	13208	11311	12806	12269	227	138	98	63	84	10896	10613	11211	10714	11296	11902	8944	10311	113	108	110	132
17:07:56	120	127	121	107	114	126	116	98	119	76	93	107	138	98	89	112	140	151	116	125	122	98	124	92	116	102	141	101	127	133	142	121	109	145	108	115	111	95	150	129	95	121	90	112	76	146	105	63	11781	11773	12755	14929	11363	12106	10278	11138	84	133	138	109	10848	11174	10643	12659	10765	12067	11633	11735	101	93	127	117	10468	11380	11391	12806	10886	12181	11817	246	93	127	104	124	10802	10699	11036	10490	10779	12015	8770	10389	109	122	115	110
17:17:56	123	103	106	131	152	136	173	121	105	115	76	97	104	134	136	106	143	96	119	120	120	125	104	84	100	91	120	97	123	149	81	68	131	105	102	103	110	131	63	131	133	138	120	116	113	99	135	80	11839	11592	12938	14826	11273	12336	10025	11036	124	90	112	127	10776	11530	10812	12770	10879	12183	11856	12009	77	109	92	77	10573	10989	11568	12624	11443	12612	12211	317	109	101	91	128	10871	10718	11001	10978	11141	12117	8664	10051	104	59	129	100
17:27:56	162	103	131	104	133	119	111	124	85	150	111	120	90	110	114	120	115	134	129	112	112	121	108	127	120	111	119	116	122	143	133	129	128	132	117	116	113	118	87	106	113	181	131	107	78	137	136	87	12020	11559	12990	14505	11295	12007	10096	11278	134	109	94	76	10499	11215	10567	12689	11048	12078	11776	12013	93	107	70	146	10204	10842	11274	12653	11074	12397	11854	234	150	98	137	96	10431	10719	11053	10571	11142	12433	8537	10030	135	117	124	104
17:37:56	79	128	121	102	119	153	162	145	130	127	117	129	155	92	83	122	117	144	122	104	87	103	73	51	87	141	102	111	140	140	144	133	83	98	128	98	138	119	118	80	116	115	128	108	80	133	108	114	11745	11394	12725	14504	11313	12030	9832	11067	112	130	94	80	10708	10927	10560	12449	10921	11977	11545	12109	137	108	126	120	9732	10303	11264	12350	10709	12595	11785	267	109	121	120	104	10029	10574	10778	10465	11029	11912	8682	9899	115	81	120	109
17:47:56	106	114	140	135	120	136	98	94	113	103	102	86	102	107	111	113	122	124	132	67	144	95	99	121	105	130	163	145	102	153	102	94	117	103	114	105	113	121	134	145	96	158	118	113	98	111	111	96	11610	11387	12730	14657	11141	11812	9411	11155	126	136	132	99	10274	10986	10423	12303	10773	12000	11583	11855	96	118	87	97	9454	9712	11042	12669	10429	12214	12001	314	134	113	93	124	10182	10403	10887	10429	11214	11941	8551	9686	104	116	68	172
17:57:56	130	138	107	112	134	121	116	126	100	118	113	106	148	133	106	103	92	159	113	119	138	119	66	76	136	98	141	134	112	157	119	131	98	111	99	89	93	152	108	131	94	121	136	139	101	99	88	96	11768	11403	12511	14449	11218	11958	9224	10804	102	120	154	116	10689	11333	10296	12556	11004	11772	11477	11612	118	118	110	90	9631	8972	10932	12245	10597	12266	11808	320	112	86	94	79	9977	10737	10902	10223	10642	11836	8517	9530	114	128	109	118
18:07:56	137	133	133	119	97	144	104	105	116	109	99	86	122	67	117	114	104	141	151	134	99	95	107	120	114	142	123	115	143	135	127	112	110	111	107	86	117	127	132	137	105	133	125	105	115	119	112	98	11931	11612	12656	14837	11196	12385	9299	10704	124	114	76	99	10623	10876	10239	12741	10767	12236	11734	11350	133	104	143	110	9619	8888	11093	12348	10857	12616	11827	347	97	119	118	63	10080	10783	11264	10320	10501	12472	8377	9394	92	93	90	87
18:17:56	94	120	152	133	133	120	142	117	163	104	85	144	125	164	123	135	138	138	126	127	117	93	85	68	112	136	86	145	112	116	81	116	88	120	116	110	143	132	142	103	129	169	84	117	107	67	155	96	11397	11450	12584	14469	10707	11971	9025	10612	101	109	111	94	10293	10895	9954	12041	10782	11977	11131	11050	105	71	130	121	8759	8132	10630	12138	10205	12406	11616	367	120	79	98	118	9936	10178	10616	9628	10317	12030	8304	9118	92	105	102	96
18:27:56	120	144	125	136	134	132	143	112	102	92	118	99	79	103	99	150	109	129	123	98	101	141	107	119	132	126	134	164	107	155	120	133	92	106	113	85	130	159	124	108	145	130	148	132	134	103	96	98	11414	11450	12325	14306	10874	11715	8581	10329	88	111	121	96	10474	11043	10089	12350	10519	11865	11073	10974	93	128	107	110	8664	8010	10463	12094	10347	11838	11421	364	116	118	92	104	9739	10616	10511	9615	10364	11843	8453	8939	144	139	106	116
18:37:56	95	108	113	93	138	133	127	109	80	110	86	90	106	100	105	111	147	122	109	111	114	110	111	113	109	98	115	94	134	124	114	125	109	114	109	125	127	149	126	122	113	86	107	76	83	96	120	112	11228	11059	12198	14133	10454	11422	8464	10189	118	114	112	94	9959	10842	9922	11780	10264	11773	10758	10706	109	151	95	90	8057	7857	9734	11522	9710	12125	11200	390	128	134	129	65	9367	10050	10282	9378	9863	11652	8163	8667	172	151	94	110
18:47:56	102	105	152	146	88	144	81	119	116	127	94	130	120	94	129	98	104	102	106	94	89	133	121	122	138	106	105	107	117	143	97	139	132	102	86	102	97	125	96	136	122	117	108	104	107	91	112	135	11590	11509	12085	14356	10651	11815	8551	10206	119	86	121	111	10042	11125	9854	12115	10184	11918	11420	10709	116	124	97	109	7981	7703	9739	11671	9517	12152	11206	391	94	96	138	110	9493	10183	10094	9710	9775	11498	8328	8775	104	139	93	82
18:57:56	109	126	129	109	130	152	67	122	123	89	74	110	142	97	119	118	124	170	148	128	144	102	109	123	116	104	118	157	147	130	94	77	87	64	68	90	113	112	100	107	90	164	171	131	131	117	138	89	11885	11135	12157	14177	10487	11615	8464	9804	138	135	52	119	10367	10886	9581	11933	10554	12072	11106	10945	116	123	111	122	7502	7762	9411	11599	9375	12253	11048	446	121	114	121	133	9251	10338	9741	9458	9345	12083	8060	8807	119	115	92	102
19:07:56	150	105	133	132	115	141	124	125	114	79	70	120	113	128	115	103	124	140	92	118	107	102	123	100	114	153	138	122	101	134	107	118	112	92	139	121	104	121	122	143	116	134	80	107	116	88	109	98	11573	11449	11854	14310	10742	11666	8583	9441	93	71	145	53	10457	10818	9819	12337	10591	12071	11422	11047	95	131	80	106	7931	7633	9757	11415	9344	12181	11485	511	111	109	125	85	9500	10505	9992	9615	9051	12191	8223	8798	139	89	94	119
19:17:56	104	109	115	118	117	109	98	134	113	86	100	110	107	119	96	92	101	124	126	99	83	125	120	102	106	114	139	148	141	91	116	123	108	136	97	162	121	75	99	137	130	164	105	122	179	102	109	118	11356	11326	11799	14348	10162	11607	8455	9458	140	117	122	126	10286	10673	9270	12208	10211	11699	10792	10706	102	112	88	98	7260	7493	9316	11202	9124	11790	11235	516	121	98	115	63	9359	10124	9392	9119	8776	11675	8146	8817	125	96	85	125
19:27:56	101	107	112	132	113	133	121	118	81	93	81	94	92	158	105	128	99	136	115	142	140	95	122	90	123	89	162	98	121	136	118	115	111	58	93	87	127	143	158	155	119	117	128	153	115	77	107	94	11990	11516	11818	13997	10227	11621	8368	9328	97	116	71	98	10200	10909	9425	11849	10222	11862	10964	10791	94	97	138	66	7893	7590	9065	11120	9015	12420	10985	475	100	143	119	121	8940	9923	9552	9175	8528	11778	8211	8724	103	105	138	103
19:37:56	111	98	132	136	95	110	132	115	142	92	96	113	127	142	106	110	119	105	82	120	123	98	113	102	114	131	115	123	141	144	96	90	126	163	132	83	120	118	115	131	99	120	111	125	119	88	106	128	11228	11079	11587	13858	9902	11516	8129	9215	119	125	115	129	9968	10829	9597	11880	10011	11770	10568	10668	111	126	119	140	7409	7685	8819	10689	8848	12295	10982	548	120	120	103	122	8864	9994	9481	8720	7671	11557	8075	8899	115	100	109	109
19:47:56	139	128	143	104	141	122	67	81	113	99	109	133	89	121	117	114	100	140	134	145	128	115	100	128	96	99	87	133	124	140	99	114	145	111	113	107	133	143	133	137	120	118	103	109	108	109	94	95	11470	11155	11657	14202	9861	11541	7881	9055	126	104	87	92	10195	10850	9217	11758	9850	11501	10381	10700	108	105	88	104	7478	7614	8862	10717	8481	11745	10734	577	99	98	115	113	8787	9866	8987	8987	7376	11476	8148	8598	116	102	116	130
19:57:56	113	138	88	98	112	103	100	119	142	95	125	126	117	122	129	120	116	150	130	85	124	89	86	136	132	108	117	108	86	152	102	121	77	102	114	78	126	142	144	152	107	110	96	108	79	98	115	97	11765	11304	11096	14048	9942	11598	8231	9333	128	149	133	99	10122	10641	9677	12059	9843	11672	10737	11051	128	86	113	106	7656	7796	9203	10844	8858	11815	11556	637	88	135	97	117	8726	9609	8937	9254	7370	11410	7900	8806	98	143	126	90
20:07:56	97	125	128	112	112	138	119	153	118	88	97	111	103	103	131	105	79	112	118	104	119	111	143	92	114	86	108	120	103	119	137	121	158	84	77	102	136	120	120	146	101	97	122	109	104	96	83	131	11872	11773	11334	14338	9989	11839	7735	9267	108	100	121	128	10383	10564	9525	11948	9883	11691	10815	10677	97	72	118	126	7347	7489	9283	10703	8773	11688	11550	640	136	101	114	100	8474	9817	8500	8309	7480	11586	7917	8398	148	122	108	80
20:17:56	128	87	125	142	122	132	112	106	101	125	86	95	123	108	140	104	111	122	127	95	95	102	127	106	93	100	133	94	131	148	118	91	100	99	113	88	104	113	114	123	133	128	113	112	118	116	109	95	11662	11525	11152	14152	9822	11740	8065	9387	103	111	103	85	10228	10718	9590	11777	9957	12062	10945	10772	103	146	97	78	7485	7570	9064	10754	8650	12122	11835	710	145	129	137	115	8493	9487	8575	8839	7373	11819	8123	8500	119	99	79	145
20:27:56	122	91	162	99	152	110	131	142	112	112	105	122	136	121	134	126	75	142	132	115	106	122	105	115	78	119	91	81	114	113	118	115	140	131	124	98	123	152	144	76	134	144	142	103	108	91	147	103	11655	11439	11178	14389	9919	11939	7931	8919	130	120	122	106	10113	10579	9650	11434	9553	11673	10738	10682	96	153	72	103	7509	7648	9076	10644	8749	11818	11202	692	117	131	87	118	8035	9689	8117	9140	7482	11671	8264	8275	105	110	91	107
20:37:56	90	139	152	115	144	133	99	90	98	110	140	81	83	143	129	94	90	144	127	127	141	88	108	98	128	104	112	119	119	125	90	125	105	131	123	81	91	138	169	140	153	155	112	146	143	92	103	96	11439	10884	10838	13967	9166	10863	7617	8567	115	113	146	118	9458	10268	8954	10951	9195	11103	9737	10173	105	102	128	100	7417	7452	8651	9752	8261	10875	10523	726	102	81	136	113	7520	9222	7815	8314	7581	11107	8034	7967	94	114	78	172
20:47:56	111	120	119	110	114	131	116	99	103	121	114	88	105	145	107	104	122	130	101	123	149	95	91	107	156	158	123	108	108	167	60	120	120	118	98	106	105	152	123	168	121	115	127	158	117	117	129	113	11737	11117	10873	13915	9022	11029	7592	8891	97	99	133	69	9298	10107	9032	10590	8586	11095	9743	10327	98	110	107	94	7407	7434	8663	9703	8540	10941	10379	803	116	99	141	102	7407	9173	8096	8597	7585	11084	8247	7875	118	109	128	112
20:57:56	134	164	120	110	124	115	149	141	110	108	108	106	117	144	122	77	104	103	136	110	104	94	109	123	106	142	103	113	158	141	92	112	124	69	91	127	114	105	148	145	113	140	144	85	119	131	63	93	11515	11308	10283	13962	8557	10840	7719	7957	76	122	91	77	9236	9949	8600	10245	8180	11331	9774	10000	124	120	104	135	7508	7565	8307	9471	8087	10530	10568	829	88	96	127	99	7308	8620	7686	8842	7624	11249	7675	7547	112	126	120	125
21:07:56	114	100	107	141	115	140	128	115	113	118	73	110	128	152	85	110	128	131	104	99	141	92	130	104	95	90	128	112	94	108	108	117	103	112	110	95	138	145	128	134	107	137	137	129	132	94	110	97	11573	11480	10703	13561	8074	10762	7537	8314	114	103	123	113	9381	9653	8478	9706	7728	11200	9590	9687	96	65	108	139	7482	7652	8388	9552	8227	10697	10036	954	115	102	64	132	7734	8088	8012	8581	7530	11070	7850	7707	119	115	87	119
21:17:56	103	131	65	110	99	128	94	118	115	105	158	112	126	137	83	136	113	135	89	119	115	119	91	88	112	118	120	107	139	133	144	155	129	104	90	77	128	88	117	118	112	139	130	134	123	92	106	122	11502	11360	10580	13724	8310	10490	7389	8227	131	127	84	111	9016	9736	8733	10061	7774	10966	9028	9288	102	94	122	105	7445	7547	8627	9492	8297	10219	9839	953	123	126	94	70	7497	8322	7896	8700	7438	10946	7783	7614	96	129	115	106
21:27:56	131	124	123	113	116	159	145	73	100	127	85	97	134	127	107	140	96	115	115	115	126	111	146	100	124	83	128	85	135	111	121	120	129	131	97	123	133	118	129	106	104	109	139	103	120	97	114	122	11128	11082	10053	13624	8063	10127	7452	7948	105	102	123	100	8945	9516	8686	9907	7619	10697	8497	8932	109	134	138	83	7593	7654	8091	9380	8084	9703	9201	1173	98	122	131	114	7480	7792	7578	8731	7653	10617	7786	7650	111	68	91	87
21:37:56	120	123	107	126	115	153	93	115	120	101	115	108	89	108	158	134	86	128	99	119	106	92	78	120	95	122	117	121	124	145	72	115	73	77	88	92	109	129	142	145	82	142	141	136	136	111	118	98	11333	11147	10392	13641	8036	9697	7600	7599	92	143	110	119	8850	9111	8277	9443	7590	9917	8597	9102	91	102	123	114	7608	7756	8186	9290	7980	9411	9230	1152	90	101	133	128	7501	7916	7572	8493	7595	10455	7893	7652	145	100	84	109
21:47:56	126	125	142	127	106	122	103	106	82	122	114	88	95	135	116	111	109	118	74	132	98	97	72	79	152	109	100	118	140	127	86	122	96	102	128	118	131	127	90	111	122	142	117	138	134	111	138	96	11299	10739	10012	12794	8051	9588	7681	7673	100	135	97	166	8760	8447	8294	9560	7552	9133	8342	8253	133	96	93	96	7588	7626	7975	9279	7728	9092	8709	1225	133	90	99	119	7564	7743	7678	8641	7616	10109	7597	7682	132	105	113	93
21:57:56	138	133	74	128	135	115	122	108	92	127	101	111	135	97	123	108	133	149	97	102	101	117	127	88	128	139	112	97	91	124	111	112	104	104	127	115	127	132	171	119	127	144	136	123	145	128	75	118	10893	10652	9339	12027	7721	8866	7534	7601	144	114	109	119	8414	7967	7774	8515	7445	8738	7706	8090	120	118	122	122	7716	7699	7757	8712	7556	8706	8068	1295	120	107	97	128	7564	7411	7791	8534	7623	9246	7737	7711	150	126	127	151
22:07:56	120	108	88	90	106	156	120	95	120	85	101	142	120	119	94	140	119	147	61	93	131	131	134	114	124	109	107	130	110	127	125	110	136	114	135	121	121	109	122	143	109	88	116	118	122	118	95	137	10758	10235	8837	11294	7777	8619	7602	7833	97	98	122	107	8285	7928	7975	8597	7678	8661	7602	8367	139	76	106	123	7566	7922	8551	8842	7477	8517	7804	1407	121	120	128	112	7577	7641	7765	8579	7603	9139	7802	7785	124	74	115	157
22:17:56	131	121	124	79	114	140	134	141	96	94	123	98	99	133	128	138	138	97	125	93	91	114	87	102	123	108	105	144	113	101	134	119	85	144	115	109	155	110	145	133	98	138	134	94	98	109	120	98	11039	9932	8083	10867	7551	8510	7637	7692	122	109	105	107	8316	7933	7956	8331	7910	8190	7732	8027	99	114	96	128	7522	7630	7672	8572	7544	8195	7622	1535	130	105	129	130	7669	7473	7520	8514	7510	8430	7711	7476	99	88	71	88
22:27:56	117	140	125	111	90	112	102	113	140	128	115	100	102	83	95	131	132	125	86	115	71	86	77	99	146	96	146	107	106	122	112	136	81	72	136	111	134	99	118	129	88	124	123	97	143	125	125	88	10711	9966	8134	10255	7867	8349	7524	8250	121	92	100	131	8272	7971	8038	9086	7663	8539	7848	8080	127	119	146	107	7613	7638	7926	8761	7521	8192	7574	1616	120	130	169	117	7597	7695	7887	8574	7598	8358	7792	7716	103	117	103	91
22:37:56	116	112	112	106	84	98	121	112	103	85	90	140	111	159	142	103	129	126	120	103	91	118	135	87	155	76	117	124	109	154	150	110	130	90	133	117	121	80	67	146	101	114	150	111	102	87	112	129	10743	9335	8106	8966	7732	8459	7621	7969	90	140	71	115	8197	7620	8027	8541	7744	8311	7793	7893	119	68	91	107	7546	7916	7969	9067	7658	8100	7735	1768	99	132	123	93	7677	7582	7880	8491	7759	8613	7714	7918	88	98	147	110
22:47:56	105	98	94	132	141	120	115	133	114	125	113	95	135	102	93	130	115	95	97	132	148	142	99	94	113	80	134	121	121	111	111	152	141	114	85	81	157	127	114	125	135	113	120	94	117	99	127	113	10654	8742	7852	8497	7683	8599	7790	8005	129	102	82	87	8266	7995	8158	8683	7569	8224	7882	7812	140	98	114	139	7620	7700	7902	8964	7525	8501	7773	1856	132	85	123	114	7432	7422	7808	8667	7548	8537	7672	7575	129	107	98	93
22:57:56	132	115	107	152	127	128	143	127	99	102	85	72	104	114	113	160	106	101	97	100	84	118	53	72	120	145	118	141	160	100	91	108	92	109	105	130	124	93	143	154	152	140	119	140	123	113	124	125	10223	8348	7975	8930	7346	8123	7691	7879	89	116	75	81	7772	7851	7817	8947	7863	8126	7722	7614	122	106	104	135	7595	7733	8051	8614	7450	8192	7658	1819	86	105	129	88	7383	7449	7818	8525	7521	8363	7858	7410	96	116	107	108
23:07:56	129	127	120	99	99	90	109	134	152	88	102	126	139	109	140	119	124	129	104	112	94	94	111	90	122	114	85	117	123	126	144	118	104	88	143	111	100	120	96	118	141	141	96	118	101	132	117	103	10199	7950	8071	8888	7688	8548	7705	7941	121	125	88	127	7968	7938	7807	8776	7706	8551	7902	7898	131	104	94	111	7776	7882	8218	8855	7716	8022	7817	2025	85	101	127	130	7401	7581	8023	8531	7710	8398	7749	7925	94	91	100	119
23:17:56	75	146	136	108	120	123	107	111	113	96	83	123	103	108	153	92	103	98	105	120	99	85	99	138	82	110	122	138	106	103	89	100	84	128	117	142	133	159	113	127	129	113	120	97	103	104	78	108	9840	7802	7989	8898	7573	8084	7866	8124	113	108	103	108	7933	7953	8054	8632	7768	8417	7857	7908	125	93	125	103	7574	7904	7797	8651	7552	8112	7862	2111	112	124	119	114	7415	7467	7930	8853	7950	8196	7926	7666	125	103	103	115
23:27:56	141	85	121	102	154	146	99	109	100	115	83	114	89	144	125	119	113	134	142	122	118	119	137	105	96	104	138	157	111	146	145	149	124	79	102	131	106	99	159	150	99	100	134	112	128	96	113	95	9037	8158	7972	8712	7488	8433	7609	7924	128	100	123	106	7696	7952	7951	8739	7955	8205	7787	7658	119	78	91	84	7477	7592	8064	8735	7691	8189	7685	2225	100	110	92	82	7507	7343	8009	8788	7662	8321	7667	7840	121	114	76	132
23:37:56	83	101	144	111	97	129	127	125	137	149	119	76	103	143	86	118	139	103	110	121	126	141	68	74	161	120	113	119	110	134	124	100	118	133	122	123	119	124	137	121	94	128	122	139	174	111	99	79	8219	7883	8014	8689	7645	8427	7645	7651	104	103	69	119	7868	7902	8031	8740	7869	8380	7717	7915	114	126	130	108	7630	7749	8233	8838	7754	8286	7771	2401	112	123	124	124	7668	7526	8061	8752	7805	8649	7688	8041	141	135	93	86
23:47:56	102	97	130	99	112	111	143	99	104	101	86	145	101	100	126	84	114	113	110	142	106	127	146	109	111	107	126	122	98	82	104	87	111	117	87	136	164	129	124	96	137	158	108	93	114	113	113	109	7889	8086	8207	8745	7735	8501	7826	7967	116	91	119	124	7973	7996	8081	9013	7854	8355	8215	7969	137	117	123	75	7674	7888	8107	8872	7714	8176	7786	2349	106	123	122	117	7777	7583	8139	8826	7772	8307	7889	8062	114	105	133	121
0:00:00																																																																																																
0:00:00																																																																																																
0:00:00																																																																																																
0:00:00																																																																																																
0:00:00																																																																																																
0:00:00																																																																																																
0:00:00																																																																																																
0:00:00																																																																																																
0:00:00																																																																																																
0:00:00																																																																																																
0:00:00																																																																																																

