600

Kinetic read	A1	A2	A3	A4	A5	A6	A7	A8	A9	A10	A11	A12	B1	B2	B3	B4	B5	B6	B7	B8	B9	B10	B11	B12	C1	C2	C3	C4	C5	C6	C7	C8	C9	C10	C11	C12	D1	D2	D3	D4	D5	D6	D7	D8	D9	D10	D11	D12	E1	E2	E3	E4	E5	E6	E7	E8	E9	E10	E11	E12	F1	F2	F3	F4	F5	F6	F7	F8	F9	F10	F11	F12	G1	G2	G3	G4	G5	G6	G7	G8	G9	G10	G11	G12	H1	H2	H3	H4	H5	H6	H7	H8	H9	H10	H11	H12
0:08:05	0.142	0.144	0.146	0.138	0.138	0.140	0.140	0.162	0.152	0.169	0.144	0.148	0.148	0.142	0.140	0.142	0.142	0.141	0.152	0.154	0.154	0.138	0.137	0.144	0.141	0.146	0.141	0.153	0.145	0.139	0.157	0.168	0.141	0.144	0.150	0.151	0.140	0.142	0.139	0.114	0.119	0.123	0.118	0.116	0.114	0.120	0.120	0.116	0.140	0.146	0.177	0.131	0.205	0.153	0.149	0.166	0.143	0.135	0.147	0.149	0.137	0.140	0.142	0.135	0.152	0.145	0.156	0.166	0.158	0.133	0.150	0.158	0.150	0.191	0.155	0.146	0.147	0.144	0.165	0.229	0.159	0.133	0.149	0.172	0.144	0.154	0.164	0.114	0.133	0.109	0.116	0.114	0.113	0.118	0.122	0.117
0:18:05	0.174	0.145	0.147	0.135	0.136	0.140	0.138	0.146	0.136	0.139	0.144	0.143	0.179	0.141	0.149	0.165	0.141	0.141	0.239	0.183	0.164	0.138	0.135	0.144	0.157	0.151	0.149	0.168	0.161	0.168	0.224	0.193	0.143	0.193	0.148	0.153	0.142	0.163	0.150	0.113	0.119	0.123	0.117	0.115	0.113	0.120	0.119	0.116	0.167	0.156	0.204	0.151	0.232	0.163	0.148	0.190	0.175	0.133	0.146	0.148	0.141	0.152	0.143	0.136	0.176	0.180	0.158	0.164	0.153	0.136	0.161	0.163	0.150	0.220	0.169	0.177	0.190	0.145	0.183	0.246	0.161	0.133	0.198	0.174	0.151	0.156	0.210	0.113	0.133	0.109	0.115	0.114	0.113	0.118	0.122	0.116
0:28:05	0.185	0.150	0.150	0.143	0.137	0.141	0.174	0.146	0.139	0.138	0.144	0.143	0.195	0.142	0.223	0.187	0.142	0.142	0.267	0.213	0.241	0.141	0.143	0.143	0.208	0.179	0.227	0.158	0.170	0.214	0.246	0.168	0.142	0.210	0.153	0.150	0.146	0.184	0.162	0.113	0.118	0.123	0.117	0.115	0.113	0.120	0.119	0.115	0.170	0.178	0.202	0.164	0.232	0.153	0.148	0.227	0.214	0.159	0.147	0.151	0.147	0.144	0.146	0.139	0.189	0.193	0.172	0.171	0.165	0.135	0.163	0.161	0.150	0.221	0.171	0.220	0.221	0.148	0.152	0.251	0.166	0.133	0.175	0.174	0.156	0.158	0.220	0.113	0.132	0.109	0.115	0.114	0.113	0.118	0.122	0.116
0:38:05	0.181	0.150	0.153	0.201	0.152	0.142	0.221	0.228	0.147	0.214	0.144	0.197	0.204	0.145	0.245	0.214	0.144	0.160	0.255	0.246	0.248	0.141	0.140	0.144	0.235	0.168	0.235	0.157	0.231	0.243	0.259	0.169	0.147	0.165	0.147	0.160	0.147	0.220	0.199	0.113	0.118	0.122	0.117	0.115	0.113	0.120	0.118	0.115	0.193	0.159	0.198	0.175	0.225	0.154	0.149	0.233	0.201	0.199	0.148	0.151	0.159	0.144	0.150	0.144	0.195	0.187	0.166	0.173	0.162	0.136	0.157	0.165	0.152	0.204	0.168	0.221	0.225	0.152	0.157	0.233	0.171	0.136	0.138	0.174	0.160	0.160	0.203	0.113	0.132	0.109	0.115	0.114	0.113	0.118	0.121	0.116
0:48:05	0.199	0.151	0.154	0.211	0.141	0.144	0.229	0.206	0.153	0.232	0.185	0.191	0.192	0.145	0.242	0.227	0.145	0.157	0.250	0.240	0.234	0.157	0.144	0.144	0.241	0.166	0.216	0.164	0.236	0.240	0.236	0.171	0.145	0.198	0.148	0.155	0.149	0.228	0.204	0.113	0.118	0.122	0.117	0.115	0.113	0.119	0.118	0.115	0.172	0.148	0.179	0.171	0.211	0.156	0.148	0.229	0.144	0.169	0.155	0.151	0.160	0.145	0.149	0.145	0.195	0.192	0.165	0.172	0.166	0.137	0.157	0.162	0.150	0.167	0.162	0.229	0.216	0.157	0.161	0.195	0.172	0.136	0.146	0.174	0.164	0.165	0.198	0.113	0.132	0.109	0.115	0.113	0.113	0.118	0.121	0.116
0:58:05	0.203	0.155	0.158	0.203	0.142	0.146	0.213	0.188	0.145	0.209	0.152	0.191	0.172	0.151	0.225	0.223	0.148	0.147	0.229	0.163	0.201	0.146	0.161	0.146	0.232	0.167	0.220	0.157	0.251	0.249	0.178	0.175	0.149	0.143	0.150	0.153	0.152	0.221	0.195	0.113	0.118	0.122	0.117	0.115	0.113	0.119	0.118	0.115	0.155	0.149	0.167	0.163	0.183	0.152	0.150	0.207	0.151	0.134	0.150	0.150	0.148	0.146	0.150	0.143	0.189	0.180	0.165	0.174	0.168	0.134	0.157	0.162	0.153	0.175	0.164	0.211	0.189	0.160	0.161	0.170	0.171	0.136	0.144	0.176	0.168	0.164	0.161	0.113	0.132	0.109	0.115	0.113	0.113	0.118	0.121	0.116
1:08:05	0.205	0.158	0.160	0.208	0.145	0.147	0.214	0.199	0.157	0.165	0.150	0.147	0.166	0.150	0.214	0.211	0.150	0.149	0.183	0.163	0.171	0.160	0.147	0.146	0.226	0.161	0.204	0.161	0.252	0.238	0.175	0.178	0.154	0.144	0.151	0.154	0.156	0.209	0.184	0.112	0.118	0.122	0.116	0.115	0.113	0.119	0.118	0.115	0.143	0.150	0.166	0.148	0.184	0.164	0.150	0.207	0.146	0.138	0.166	0.170	0.145	0.148	0.150	0.144	0.166	0.171	0.168	0.176	0.168	0.140	0.160	0.162	0.152	0.180	0.167	0.193	0.161	0.156	0.164	0.174	0.174	0.139	0.143	0.180	0.170	0.165	0.154	0.113	0.132	0.109	0.115	0.113	0.113	0.117	0.122	0.115
1:18:05	0.185	0.162	0.165	0.218	0.153	0.152	0.218	0.204	0.176	0.223	0.155	0.150	0.157	0.162	0.203	0.183	0.153	0.152	0.167	0.167	0.169	0.161	0.178	0.148	0.209	0.168	0.188	0.164	0.247	0.221	0.179	0.182	0.155	0.148	0.155	0.155	0.159	0.184	0.182	0.112	0.118	0.122	0.116	0.115	0.113	0.119	0.118	0.115	0.149	0.156	0.176	0.157	0.177	0.169	0.154	0.175	0.146	0.138	0.159	0.157	0.141	0.152	0.151	0.142	0.153	0.147	0.169	0.178	0.171	0.144	0.164	0.161	0.153	0.180	0.171	0.179	0.158	0.156	0.166	0.182	0.170	0.140	0.149	0.175	0.173	0.177	0.155	0.113	0.132	0.109	0.114	0.113	0.113	0.118	0.121	0.115
1:28:05	0.197	0.166	0.168	0.204	0.150	0.152	0.203	0.194	0.164	0.194	0.158	0.153	0.157	0.157	0.192	0.180	0.156	0.154	0.169	0.171	0.171	0.151	0.153	0.150	0.188	0.166	0.187	0.168	0.238	0.218	0.185	0.188	0.159	0.154	0.156	0.157	0.162	0.171	0.181	0.112	0.118	0.122	0.116	0.115	0.113	0.119	0.118	0.115	0.146	0.158	0.173	0.166	0.157	0.161	0.153	0.157	0.149	0.140	0.159	0.178	0.146	0.155	0.155	0.143	0.152	0.147	0.172	0.183	0.175	0.142	0.165	0.159	0.155	0.185	0.174	0.160	0.162	0.159	0.170	0.188	0.174	0.141	0.149	0.181	0.176	0.184	0.157	0.113	0.132	0.109	0.114	0.113	0.112	0.118	0.121	0.115
1:38:05	0.194	0.172	0.174	0.163	0.154	0.159	0.162	0.182	0.155	0.153	0.156	0.180	0.159	0.159	0.165	0.157	0.157	0.156	0.174	0.190	0.239	0.152	0.164	0.153	0.175	0.175	0.179	0.171	0.230	0.160	0.191	0.195	0.167	0.157	0.160	0.172	0.166	0.166	0.174	0.112	0.118	0.122	0.116	0.115	0.113	0.119	0.118	0.115	0.149	0.162	0.162	0.152	0.146	0.160	0.154	0.151	0.149	0.139	0.157	0.156	0.152	0.158	0.155	0.144	0.150	0.153	0.175	0.184	0.181	0.156	0.161	0.157	0.156	0.189	0.178	0.161	0.165	0.160	0.174	0.195	0.178	0.142	0.155	0.179	0.180	0.171	0.161	0.113	0.132	0.109	0.114	0.113	0.113	0.118	0.122	0.115
1:48:05	0.189	0.176	0.180	0.200	0.157	0.159	0.174	0.189	0.188	0.180	0.158	0.159	0.161	0.163	0.178	0.161	0.161	0.161	0.179	0.180	0.180	0.155	0.167	0.156	0.166	0.174	0.177	0.176	0.209	0.186	0.198	0.200	0.166	0.162	0.162	0.164	0.171	0.171	0.171	0.113	0.117	0.122	0.116	0.115	0.113	0.118	0.118	0.115	0.155	0.167	0.179	0.138	0.147	0.161	0.158	0.154	0.151	0.140	0.157	0.160	0.152	0.161	0.158	0.146	0.154	0.151	0.178	0.187	0.183	0.145	0.167	0.163	0.159	0.190	0.181	0.168	0.171	0.161	0.175	0.200	0.177	0.145	0.155	0.185	0.181	0.185	0.169	0.113	0.132	0.109	0.114	0.113	0.113	0.118	0.121	0.115
1:58:05	0.199	0.184	0.185	0.168	0.160	0.161	0.165	0.168	0.162	0.159	0.162	0.168	0.166	0.168	0.170	0.163	0.165	0.164	0.197	0.189	0.196	0.158	0.156	0.158	0.178	0.178	0.186	0.180	0.192	0.193	0.206	0.205	0.174	0.162	0.166	0.165	0.174	0.176	0.171	0.112	0.117	0.122	0.116	0.114	0.113	0.118	0.117	0.115	0.156	0.169	0.171	0.136	0.148	0.163	0.156	0.154	0.150	0.141	0.160	0.188	0.160	0.162	0.160	0.146	0.154	0.159	0.179	0.187	0.185	0.139	0.157	0.156	0.160	0.194	0.185	0.177	0.170	0.164	0.177	0.205	0.183	0.147	0.157	0.182	0.184	0.180	0.170	0.113	0.132	0.109	0.114	0.113	0.113	0.117	0.120	0.115
2:08:05	0.193	0.189	0.190	0.169	0.164	0.165	0.168	0.171	0.165	0.161	0.166	0.167	0.172	0.174	0.177	0.167	0.169	0.168	0.203	0.194	0.193	0.161	0.160	0.161	0.181	0.184	0.208	0.184	0.221	0.184	0.213	0.211	0.177	0.168	0.168	0.169	0.178	0.182	0.177	0.112	0.117	0.122	0.115	0.114	0.113	0.118	0.117	0.115	0.158	0.173	0.175	0.135	0.150	0.164	0.156	0.155	0.159	0.146	0.170	0.163	0.160	0.164	0.165	0.148	0.158	0.154	0.180	0.190	0.187	0.149	0.158	0.166	0.161	0.204	0.186	0.187	0.173	0.167	0.180	0.211	0.185	0.143	0.158	0.184	0.186	0.179	0.174	0.112	0.131	0.109	0.114	0.113	0.112	0.117	0.120	0.115
2:18:05	0.196	0.192	0.198	0.180	0.168	0.170	0.172	0.176	0.170	0.166	0.170	0.169	0.175	0.179	0.181	0.175	0.174	0.172	0.206	0.203	0.204	0.165	0.177	0.164	0.186	0.191	0.186	0.190	0.200	0.182	0.218	0.217	0.181	0.174	0.173	0.172	0.186	0.190	0.183	0.112	0.117	0.122	0.116	0.115	0.113	0.118	0.117	0.115	0.161	0.176	0.180	0.136	0.157	0.166	0.157	0.158	0.160	0.144	0.169	0.164	0.164	0.167	0.167	0.149	0.164	0.155	0.182	0.196	0.189	0.141	0.158	0.156	0.162	0.207	0.190	0.191	0.177	0.170	0.181	0.217	0.190	0.146	0.161	0.185	0.188	0.180	0.178	0.112	0.131	0.109	0.114	0.113	0.112	0.117	0.120	0.115
2:28:05	0.202	0.198	0.202	0.209	0.173	0.174	0.186	0.193	0.174	0.179	0.175	0.177	0.180	0.185	0.185	0.180	0.177	0.176	0.207	0.208	0.208	0.168	0.179	0.167	0.190	0.196	0.192	0.194	0.195	0.187	0.225	0.224	0.186	0.181	0.177	0.177	0.192	0.195	0.191	0.112	0.117	0.122	0.116	0.114	0.113	0.118	0.117	0.114	0.162	0.181	0.182	0.138	0.160	0.166	0.158	0.160	0.161	0.146	0.167	0.165	0.162	0.169	0.168	0.149	0.162	0.156	0.185	0.198	0.192	0.146	0.159	0.164	0.165	0.205	0.194	0.193	0.178	0.171	0.184	0.218	0.196	0.148	0.163	0.187	0.190	0.183	0.183	0.112	0.131	0.109	0.114	0.113	0.112	0.118	0.120	0.115
2:38:05	0.209	0.205	0.210	0.243	0.178	0.179	0.219	0.195	0.181	0.214	0.180	0.178	0.187	0.191	0.202	0.185	0.184	0.183	0.213	0.215	0.215	0.173	0.172	0.170	0.196	0.203	0.200	0.199	0.201	0.194	0.232	0.232	0.192	0.182	0.182	0.182	0.197	0.200	0.196	0.112	0.117	0.122	0.115	0.114	0.113	0.118	0.116	0.114	0.165	0.184	0.187	0.141	0.163	0.169	0.159	0.161	0.163	0.145	0.170	0.175	0.164	0.172	0.171	0.151	0.163	0.157	0.188	0.203	0.194	0.153	0.166	0.158	0.167	0.201	0.196	0.191	0.180	0.174	0.187	0.225	0.205	0.149	0.164	0.188	0.190	0.190	0.179	0.112	0.131	0.109	0.114	0.113	0.112	0.117	0.120	0.115
2:48:05	0.218	0.213	0.218	0.225	0.187	0.184	0.203	0.202	0.193	0.203	0.195	0.183	0.194	0.199	0.203	0.192	0.188	0.187	0.219	0.224	0.223	0.177	0.177	0.175	0.201	0.209	0.205	0.205	0.207	0.199	0.240	0.243	0.198	0.187	0.188	0.187	0.203	0.205	0.200	0.112	0.117	0.122	0.115	0.114	0.113	0.118	0.116	0.115	0.166	0.189	0.189	0.147	0.166	0.169	0.161	0.165	0.166	0.154	0.168	0.174	0.168	0.175	0.174	0.153	0.163	0.160	0.190	0.206	0.196	0.146	0.167	0.159	0.169	0.208	0.201	0.193	0.184	0.177	0.191	0.229	0.208	0.150	0.168	0.190	0.193	0.189	0.182	0.113	0.131	0.109	0.114	0.113	0.112	0.117	0.121	0.115
2:58:05	0.224	0.221	0.226	0.200	0.188	0.189	0.198	0.199	0.194	0.192	0.194	0.188	0.199	0.203	0.206	0.196	0.193	0.193	0.228	0.229	0.231	0.183	0.181	0.180	0.206	0.215	0.209	0.211	0.210	0.204	0.252	0.253	0.205	0.192	0.194	0.193	0.209	0.211	0.207	0.112	0.117	0.122	0.115	0.114	0.113	0.118	0.116	0.114	0.169	0.193	0.194	0.146	0.170	0.171	0.167	0.169	0.169	0.151	0.168	0.172	0.166	0.178	0.176	0.154	0.165	0.162	0.193	0.209	0.201	0.153	0.161	0.155	0.172	0.205	0.202	0.186	0.188	0.179	0.194	0.232	0.212	0.152	0.169	0.192	0.194	0.192	0.190	0.112	0.131	0.109	0.114	0.113	0.112	0.117	0.120	0.115
3:08:05	0.234	0.232	0.235	0.197	0.194	0.195	0.201	0.205	0.197	0.193	0.198	0.194	0.204	0.212	0.212	0.200	0.198	0.197	0.236	0.236	0.240	0.188	0.187	0.185	0.214	0.222	0.216	0.218	0.217	0.210	0.263	0.264	0.212	0.199	0.201	0.201	0.217	0.218	0.214	0.112	0.118	0.122	0.116	0.114	0.113	0.118	0.116	0.115	0.169	0.197	0.195	0.148	0.169	0.174	0.168	0.167	0.166	0.154	0.172	0.181	0.170	0.182	0.181	0.155	0.166	0.164	0.197	0.213	0.203	0.147	0.163	0.156	0.172	0.193	0.205	0.189	0.190	0.183	0.197	0.236	0.216	0.153	0.171	0.194	0.196	0.195	0.191	0.112	0.131	0.109	0.114	0.113	0.112	0.117	0.120	0.115
3:18:05	0.241	0.242	0.245	0.201	0.200	0.204	0.206	0.209	0.203	0.198	0.201	0.201	0.212	0.217	0.218	0.204	0.205	0.203	0.246	0.246	0.244	0.192	0.192	0.191	0.222	0.228	0.223	0.226	0.223	0.219	0.273	0.275	0.218	0.205	0.206	0.205	0.222	0.227	0.221	0.112	0.118	0.122	0.115	0.114	0.113	0.118	0.116	0.114	0.171	0.199	0.198	0.149	0.175	0.174	0.167	0.178	0.168	0.155	0.172	0.179	0.169	0.185	0.185	0.157	0.169	0.165	0.199	0.215	0.207	0.148	0.174	0.157	0.175	0.205	0.208	0.189	0.193	0.185	0.202	0.239	0.220	0.155	0.173	0.193	0.197	0.198	0.190	0.112	0.131	0.108	0.114	0.113	0.112	0.117	0.121	0.115
3:28:05	0.254	0.253	0.256	0.208	0.207	0.207	0.212	0.216	0.210	0.205	0.206	0.208	0.218	0.225	0.225	0.210	0.210	0.209	0.257	0.252	0.254	0.197	0.198	0.196	0.229	0.236	0.233	0.233	0.231	0.226	0.286	0.287	0.225	0.212	0.211	0.210	0.231	0.235	0.229	0.112	0.118	0.121	0.115	0.114	0.113	0.118	0.116	0.114	0.173	0.199	0.205	0.150	0.176	0.178	0.172	0.180	0.168	0.157	0.173	0.178	0.170	0.188	0.187	0.159	0.172	0.167	0.203	0.219	0.211	0.150	0.166	0.156	0.176	0.204	0.211	0.189	0.199	0.189	0.205	0.239	0.228	0.155	0.174	0.196	0.198	0.199	0.195	0.112	0.131	0.109	0.114	0.113	0.112	0.117	0.120	0.115
3:38:05	0.265	0.262	0.269	0.217	0.215	0.215	0.219	0.225	0.217	0.212	0.213	0.215	0.227	0.235	0.233	0.217	0.218	0.215	0.266	0.262	0.263	0.204	0.204	0.202	0.239	0.247	0.242	0.242	0.240	0.236	0.300	0.300	0.235	0.220	0.218	0.217	0.241	0.245	0.240	0.112	0.117	0.121	0.115	0.114	0.112	0.118	0.116	0.114	0.177	0.202	0.205	0.151	0.178	0.179	0.179	0.179	0.170	0.162	0.176	0.177	0.173	0.192	0.189	0.160	0.172	0.169	0.204	0.221	0.213	0.152	0.167	0.157	0.178	0.206	0.216	0.189	0.200	0.192	0.207	0.243	0.227	0.158	0.176	0.197	0.200	0.203	0.197	0.112	0.131	0.109	0.114	0.112	0.112	0.117	0.120	0.114
3:48:05	0.278	0.275	0.280	0.223	0.224	0.223	0.227	0.232	0.224	0.220	0.221	0.220	0.234	0.240	0.241	0.224	0.225	0.224	0.277	0.274	0.273	0.209	0.211	0.208	0.250	0.258	0.253	0.251	0.251	0.243	0.314	0.315	0.243	0.225	0.225	0.224	0.252	0.255	0.250	0.112	0.117	0.121	0.115	0.114	0.112	0.118	0.116	0.114	0.178	0.205	0.206	0.153	0.180	0.179	0.176	0.182	0.172	0.157	0.176	0.179	0.175	0.192	0.190	0.161	0.173	0.172	0.205	0.222	0.216	0.149	0.182	0.158	0.180	0.206	0.216	0.187	0.203	0.195	0.210	0.243	0.228	0.159	0.179	0.221	0.201	0.204	0.200	0.112	0.130	0.108	0.114	0.112	0.112	0.117	0.120	0.114
3:58:05	0.292	0.286	0.292	0.232	0.232	0.231	0.236	0.239	0.234	0.226	0.231	0.229	0.245	0.251	0.252	0.230	0.235	0.232	0.289	0.290	0.288	0.217	0.217	0.214	0.260	0.271	0.265	0.261	0.258	0.255	0.329	0.330	0.252	0.233	0.234	0.231	0.264	0.267	0.261	0.112	0.117	0.121	0.115	0.114	0.112	0.118	0.116	0.114	0.181	0.208	0.207	0.154	0.180	0.180	0.174	0.182	0.175	0.160	0.179	0.183	0.177	0.196	0.194	0.162	0.175	0.175	0.209	0.225	0.218	0.153	0.169	0.158	0.183	0.208	0.220	0.192	0.205	0.198	0.212	0.246	0.231	0.161	0.182	0.201	0.201	0.207	0.202	0.112	0.131	0.109	0.114	0.113	0.112	0.117	0.120	0.114
4:08:05	0.306	0.300	0.304	0.242	0.241	0.239	0.247	0.252	0.244	0.235	0.238	0.237	0.257	0.266	0.263	0.241	0.244	0.242	0.302	0.302	0.297	0.225	0.224	0.222	0.271	0.278	0.275	0.272	0.270	0.266	0.344	0.344	0.261	0.240	0.243	0.242	0.277	0.279	0.273	0.112	0.117	0.121	0.115	0.114	0.112	0.118	0.116	0.114	0.181	0.212	0.210	0.158	0.183	0.185	0.180	0.187	0.176	0.162	0.180	0.184	0.179	0.199	0.196	0.164	0.178	0.177	0.212	0.227	0.220	0.154	0.170	0.159	0.183	0.211	0.222	0.193	0.207	0.201	0.216	0.248	0.232	0.162	0.183	0.201	0.203	0.208	0.204	0.112	0.130	0.108	0.114	0.113	0.112	0.117	0.121	0.114
4:18:05	0.319	0.313	0.316	0.251	0.252	0.248	0.255	0.258	0.255	0.244	0.246	0.247	0.269	0.273	0.274	0.251	0.256	0.251	0.313	0.315	0.314	0.231	0.232	0.231	0.284	0.292	0.289	0.282	0.281	0.277	0.354	0.361	0.275	0.253	0.252	0.254	0.290	0.292	0.285	0.112	0.117	0.121	0.115	0.114	0.112	0.118	0.116	0.114	0.184	0.214	0.214	0.157	0.185	0.185	0.179	0.187	0.177	0.162	0.182	0.185	0.180	0.200	0.199	0.165	0.180	0.178	0.214	0.229	0.223	0.152	0.183	0.159	0.186	0.213	0.225	0.204	0.209	0.203	0.219	0.254	0.235	0.165	0.186	0.204	0.204	0.211	0.205	0.112	0.130	0.109	0.114	0.112	0.112	0.117	0.119	0.114
4:28:05	0.336	0.328	0.331	0.261	0.261	0.260	0.267	0.269	0.262	0.252	0.257	0.256	0.279	0.284	0.286	0.262	0.265	0.260	0.327	0.328	0.328	0.239	0.243	0.239	0.298	0.306	0.301	0.294	0.294	0.288	0.370	0.376	0.285	0.262	0.262	0.264	0.300	0.305	0.298	0.112	0.117	0.121	0.115	0.114	0.112	0.118	0.116	0.114	0.185	0.217	0.216	0.160	0.195	0.188	0.176	0.189	0.181	0.162	0.184	0.186	0.182	0.203	0.200	0.165	0.181	0.180	0.217	0.231	0.225	0.153	0.171	0.161	0.187	0.215	0.226	0.207	0.211	0.206	0.221	0.257	0.238	0.166	0.188	0.205	0.203	0.211	0.208	0.112	0.130	0.109	0.114	0.113	0.112	0.117	0.120	0.114
4:38:05	0.350	0.344	0.342	0.272	0.273	0.269	0.280	0.277	0.273	0.263	0.268	0.265	0.290	0.298	0.298	0.273	0.276	0.270	0.340	0.341	0.342	0.249	0.250	0.250	0.314	0.319	0.315	0.309	0.308	0.301	0.385	0.394	0.299	0.276	0.272	0.275	0.316	0.320	0.312	0.112	0.117	0.121	0.115	0.114	0.112	0.118	0.115	0.114	0.190	0.219	0.217	0.163	0.186	0.189	0.192	0.195	0.180	0.163	0.186	0.188	0.185	0.205	0.202	0.168	0.184	0.180	0.218	0.234	0.227	0.156	0.173	0.161	0.188	0.215	0.229	0.206	0.214	0.209	0.224	0.259	0.241	0.166	0.188	0.206	0.206	0.214	0.209	0.112	0.130	0.109	0.113	0.112	0.112	0.117	0.119	0.114
4:48:05	0.366	0.359	0.356	0.285	0.285	0.282	0.291	0.291	0.285	0.277	0.281	0.277	0.303	0.309	0.311	0.285	0.288	0.280	0.357	0.356	0.355	0.260	0.262	0.260	0.326	0.334	0.329	0.322	0.321	0.316	0.402	0.410	0.312	0.285	0.286	0.286	0.329	0.335	0.326	0.112	0.117	0.121	0.115	0.114	0.112	0.118	0.116	0.114	0.191	0.222	0.219	0.164	0.189	0.191	0.184	0.195	0.185	0.163	0.187	0.190	0.185	0.207	0.207	0.169	0.184	0.182	0.220	0.235	0.231	0.156	0.176	0.162	0.191	0.220	0.229	0.205	0.216	0.210	0.226	0.263	0.244	0.168	0.191	0.207	0.206	0.215	0.213	0.112	0.130	0.109	0.114	0.113	0.112	0.117	0.120	0.114
4:58:05	0.381	0.376	0.372	0.297	0.297	0.295	0.306	0.308	0.301	0.287	0.287	0.290	0.318	0.326	0.327	0.297	0.299	0.296	0.373	0.371	0.371	0.271	0.273	0.268	0.340	0.349	0.345	0.334	0.335	0.329	0.422	0.427	0.325	0.300	0.296	0.300	0.345	0.347	0.340	0.112	0.117	0.121	0.115	0.114	0.112	0.118	0.115	0.114	0.191	0.223	0.223	0.167	0.191	0.192	0.180	0.194	0.183	0.165	0.189	0.190	0.187	0.209	0.207	0.170	0.186	0.182	0.221	0.238	0.233	0.155	0.176	0.163	0.192	0.221	0.230	0.203	0.218	0.211	0.227	0.267	0.253	0.170	0.192	0.208	0.207	0.218	0.213	0.112	0.130	0.109	0.114	0.112	0.112	0.117	0.119	0.114
5:08:05	0.400	0.390	0.388	0.311	0.309	0.306	0.318	0.320	0.313	0.300	0.302	0.302	0.331	0.337	0.339	0.310	0.310	0.305	0.388	0.385	0.385	0.283	0.286	0.281	0.354	0.362	0.359	0.350	0.348	0.343	0.436	0.440	0.340	0.313	0.310	0.313	0.359	0.364	0.355	0.112	0.117	0.121	0.115	0.114	0.112	0.117	0.115	0.114	0.193	0.227	0.225	0.168	0.192	0.194	0.184	0.195	0.185	0.166	0.190	0.190	0.190	0.209	0.210	0.172	0.186	0.183	0.223	0.241	0.236	0.156	0.177	0.165	0.194	0.223	0.232	0.204	0.220	0.214	0.229	0.271	0.250	0.173	0.195	0.211	0.208	0.220	0.216	0.112	0.130	0.108	0.113	0.112	0.112	0.117	0.119	0.114
5:18:05	0.414	0.407	0.407	0.324	0.324	0.319	0.331	0.333	0.327	0.312	0.310	0.315	0.345	0.352	0.353	0.323	0.323	0.324	0.400	0.400	0.401	0.294	0.298	0.292	0.369	0.378	0.374	0.362	0.363	0.356	0.455	0.458	0.352	0.325	0.323	0.326	0.377	0.379	0.369	0.112	0.117	0.121	0.115	0.114	0.112	0.117	0.115	0.114	0.195	0.227	0.226	0.169	0.193	0.197	0.182	0.195	0.186	0.170	0.192	0.193	0.189	0.211	0.211	0.173	0.188	0.185	0.226	0.244	0.239	0.158	0.178	0.164	0.194	0.224	0.235	0.205	0.220	0.215	0.232	0.273	0.255	0.174	0.196	0.211	0.210	0.223	0.218	0.112	0.130	0.108	0.114	0.112	0.112	0.117	0.119	0.114
5:28:05	0.429	0.420	0.424	0.338	0.336	0.333	0.342	0.349	0.341	0.325	0.325	0.329	0.359	0.365	0.368	0.335	0.336	0.337	0.419	0.415	0.414	0.305	0.308	0.303	0.383	0.394	0.387	0.379	0.376	0.372	0.468	0.471	0.370	0.342	0.338	0.337	0.386	0.394	0.384	0.112	0.117	0.121	0.115	0.114	0.112	0.117	0.115	0.114	0.196	0.231	0.227	0.169	0.194	0.197	0.183	0.197	0.187	0.168	0.192	0.193	0.190	0.212	0.212	0.173	0.188	0.187	0.228	0.244	0.240	0.158	0.179	0.164	0.195	0.227	0.236	0.206	0.223	0.218	0.233	0.276	0.261	0.176	0.197	0.213	0.211	0.224	0.220	0.112	0.130	0.108	0.113	0.112	0.112	0.117	0.119	0.114
5:38:05	0.445	0.436	0.440	0.353	0.353	0.347	0.355	0.363	0.355	0.341	0.340	0.341	0.374	0.383	0.379	0.348	0.348	0.350	0.431	0.429	0.429	0.318	0.322	0.316	0.397	0.407	0.405	0.395	0.391	0.387	0.483	0.485	0.384	0.356	0.352	0.352	0.399	0.408	0.400	0.111	0.117	0.121	0.114	0.114	0.112	0.117	0.115	0.114	0.196	0.232	0.229	0.168	0.196	0.197	0.180	0.198	0.189	0.171	0.193	0.196	0.191	0.213	0.212	0.174	0.191	0.188	0.228	0.249	0.245	0.159	0.181	0.164	0.196	0.228	0.237	0.208	0.225	0.219	0.234	0.279	0.258	0.177	0.199	0.214	0.212	0.227	0.222	0.112	0.130	0.108	0.113	0.112	0.112	0.117	0.119	0.114
5:48:05	0.458	0.451	0.452	0.364	0.366	0.362	0.369	0.378	0.372	0.356	0.355	0.357	0.389	0.397	0.394	0.359	0.356	0.362	0.447	0.447	0.444	0.331	0.336	0.328	0.413	0.421	0.417	0.409	0.406	0.400	0.495	0.500	0.398	0.368	0.365	0.364	0.414	0.426	0.411	0.112	0.117	0.121	0.114	0.113	0.112	0.117	0.115	0.114	0.198	0.234	0.232	0.171	0.197	0.200	0.183	0.201	0.191	0.172	0.195	0.195	0.194	0.214	0.213	0.175	0.191	0.189	0.232	0.249	0.246	0.159	0.182	0.166	0.197	0.230	0.239	0.207	0.225	0.219	0.237	0.283	0.261	0.178	0.200	0.216	0.212	0.228	0.225	0.111	0.130	0.108	0.113	0.112	0.112	0.117	0.119	0.114
5:58:05	0.478	0.466	0.465	0.381	0.380	0.375	0.384	0.392	0.385	0.372	0.367	0.369	0.402	0.412	0.408	0.376	0.374	0.379	0.460	0.459	0.458	0.344	0.346	0.341	0.426	0.437	0.431	0.423	0.423	0.415	0.512	0.513	0.413	0.384	0.380	0.381	0.432	0.441	0.427	0.112	0.117	0.121	0.114	0.114	0.112	0.117	0.115	0.114	0.200	0.235	0.236	0.169	0.200	0.202	0.182	0.202	0.193	0.173	0.196	0.198	0.195	0.216	0.214	0.176	0.193	0.189	0.232	0.253	0.249	0.160	0.183	0.167	0.197	0.233	0.242	0.211	0.228	0.221	0.238	0.285	0.265	0.179	0.201	0.216	0.212	0.230	0.226	0.112	0.130	0.109	0.113	0.112	0.112	0.117	0.119	0.114
6:08:05	0.492	0.481	0.478	0.392	0.394	0.389	0.397	0.406	0.396	0.384	0.377	0.383	0.414	0.426	0.425	0.390	0.385	0.392	0.474	0.473	0.471	0.358	0.363	0.356	0.442	0.453	0.446	0.438	0.435	0.430	0.523	0.526	0.425	0.397	0.394	0.393	0.442	0.456	0.443	0.111	0.117	0.121	0.114	0.113	0.112	0.117	0.115	0.114	0.201	0.237	0.237	0.173	0.202	0.202	0.184	0.203	0.195	0.173	0.198	0.199	0.196	0.218	0.216	0.177	0.194	0.191	0.235	0.256	0.251	0.162	0.184	0.167	0.199	0.232	0.244	0.211	0.230	0.221	0.240	0.286	0.265	0.182	0.203	0.219	0.213	0.233	0.227	0.111	0.130	0.108	0.113	0.112	0.112	0.116	0.119	0.114
6:18:05	0.506	0.495	0.494	0.404	0.408	0.405	0.415	0.421	0.413	0.398	0.399	0.398	0.430	0.440	0.439	0.402	0.405	0.406	0.487	0.486	0.487	0.373	0.375	0.369	0.454	0.469	0.463	0.452	0.450	0.438	0.533	0.539	0.439	0.413	0.406	0.409	0.456	0.468	0.453	0.111	0.117	0.121	0.114	0.114	0.112	0.117	0.114	0.113	0.202	0.239	0.240	0.172	0.200	0.202	0.185	0.205	0.196	0.175	0.199	0.201	0.197	0.217	0.217	0.177	0.195	0.192	0.236	0.258	0.251	0.163	0.184	0.168	0.201	0.235	0.245	0.212	0.232	0.224	0.242	0.291	0.269	0.182	0.203	0.220	0.214	0.234	0.228	0.111	0.130	0.108	0.113	0.112	0.111	0.116	0.119	0.113
6:28:05	0.520	0.513	0.508	0.416	0.420	0.417	0.426	0.434	0.426	0.411	0.406	0.409	0.440	0.454	0.452	0.416	0.415	0.419	0.499	0.499	0.497	0.387	0.389	0.381	0.467	0.487	0.477	0.469	0.466	0.457	0.549	0.555	0.453	0.426	0.422	0.421	0.473	0.482	0.471	0.112	0.117	0.121	0.114	0.114	0.112	0.117	0.114	0.114	0.203	0.242	0.242	0.171	0.204	0.204	0.186	0.205	0.195	0.175	0.201	0.201	0.199	0.220	0.219	0.177	0.197	0.193	0.239	0.261	0.254	0.163	0.185	0.169	0.201	0.236	0.247	0.213	0.233	0.224	0.244	0.292	0.272	0.184	0.205	0.222	0.216	0.235	0.230	0.112	0.130	0.108	0.113	0.112	0.111	0.116	0.119	0.114
6:38:05	0.535	0.522	0.521	0.429	0.435	0.429	0.443	0.448	0.442	0.426	0.426	0.428	0.451	0.469	0.464	0.427	0.432	0.432	0.511	0.511	0.508	0.400	0.404	0.397	0.481	0.499	0.489	0.481	0.481	0.469	0.563	0.566	0.470	0.438	0.434	0.433	0.483	0.494	0.480	0.111	0.117	0.121	0.114	0.114	0.112	0.117	0.114	0.114	0.206	0.241	0.243	0.175	0.203	0.206	0.187	0.206	0.196	0.176	0.200	0.202	0.200	0.220	0.219	0.179	0.198	0.195	0.240	0.261	0.258	0.163	0.186	0.171	0.204	0.238	0.249	0.214	0.232	0.226	0.248	0.295	0.273	0.186	0.207	0.222	0.215	0.236	0.233	0.111	0.130	0.108	0.113	0.112	0.112	0.117	0.119	0.113
6:48:05	0.547	0.535	0.529	0.442	0.445	0.442	0.455	0.460	0.455	0.442	0.441	0.440	0.464	0.477	0.477	0.441	0.445	0.444	0.522	0.524	0.522	0.415	0.417	0.409	0.494	0.516	0.502	0.497	0.491	0.479	0.572	0.579	0.481	0.454	0.448	0.450	0.495	0.511	0.494	0.111	0.117	0.121	0.114	0.113	0.112	0.117	0.114	0.114	0.206	0.245	0.246	0.175	0.205	0.206	0.187	0.207	0.198	0.177	0.201	0.203	0.201	0.223	0.221	0.179	0.200	0.196	0.241	0.265	0.259	0.165	0.187	0.171	0.204	0.240	0.249	0.217	0.233	0.227	0.249	0.298	0.281	0.186	0.208	0.224	0.215	0.239	0.234	0.111	0.130	0.108	0.113	0.112	0.111	0.117	0.119	0.113
6:58:05	0.558	0.548	0.542	0.456	0.457	0.453	0.469	0.475	0.468	0.453	0.454	0.448	0.475	0.486	0.491	0.449	0.455	0.455	0.533	0.532	0.536	0.427	0.430	0.424	0.506	0.529	0.512	0.505	0.505	0.492	0.583	0.588	0.498	0.465	0.462	0.463	0.511	0.521	0.502	0.111	0.117	0.121	0.114	0.114	0.112	0.117	0.114	0.114	0.209	0.244	0.246	0.176	0.207	0.206	0.189	0.209	0.199	0.179	0.202	0.204	0.202	0.223	0.220	0.180	0.200	0.197	0.243	0.266	0.262	0.164	0.188	0.172	0.205	0.241	0.252	0.219	0.234	0.228	0.250	0.299	0.288	0.187	0.211	0.225	0.218	0.240	0.236	0.111	0.130	0.108	0.113	0.112	0.111	0.116	0.119	0.113
7:08:05	0.571	0.560	0.558	0.470	0.472	0.467	0.481	0.486	0.482	0.466	0.469	0.463	0.489	0.503	0.506	0.461	0.465	0.462	0.544	0.541	0.540	0.443	0.442	0.435	0.521	0.545	0.526	0.520	0.513	0.507	0.593	0.600	0.508	0.483	0.477	0.476	0.523	0.531	0.517	0.111	0.117	0.121	0.114	0.113	0.112	0.117	0.114	0.114	0.209	0.247	0.247	0.177	0.208	0.207	0.190	0.210	0.199	0.179	0.203	0.206	0.203	0.225	0.223	0.180	0.201	0.198	0.245	0.266	0.264	0.166	0.189	0.172	0.207	0.242	0.255	0.219	0.237	0.231	0.254	0.301	0.284	0.187	0.213	0.225	0.217	0.241	0.237	0.111	0.130	0.108	0.113	0.112	0.112	0.117	0.119	0.113
7:18:05	0.581	0.572	0.563	0.484	0.486	0.479	0.494	0.502	0.494	0.476	0.482	0.475	0.502	0.519	0.518	0.470	0.476	0.477	0.549	0.553	0.553	0.455	0.460	0.447	0.532	0.553	0.538	0.534	0.523	0.518	0.600	0.604	0.525	0.495	0.490	0.490	0.534	0.545	0.527	0.111	0.117	0.121	0.114	0.114	0.112	0.117	0.114	0.114	0.209	0.250	0.249	0.179	0.210	0.209	0.191	0.212	0.201	0.180	0.203	0.208	0.204	0.225	0.223	0.182	0.201	0.200	0.249	0.270	0.266	0.168	0.190	0.172	0.207	0.243	0.256	0.221	0.237	0.233	0.255	0.304	0.284	0.189	0.213	0.228	0.216	0.242	0.239	0.111	0.130	0.108	0.113	0.112	0.112	0.117	0.119	0.114
7:28:05	0.589	0.576	0.573	0.502	0.496	0.494	0.509	0.512	0.507	0.488	0.490	0.493	0.519	0.527	0.529	0.482	0.484	0.481	0.554	0.557	0.556	0.469	0.466	0.459	0.542	0.567	0.552	0.546	0.533	0.530	0.605	0.615	0.531	0.506	0.503	0.502	0.545	0.550	0.539	0.111	0.117	0.121	0.114	0.114	0.112	0.117	0.114	0.114	0.211	0.250	0.250	0.179	0.213	0.209	0.192	0.213	0.202	0.181	0.205	0.207	0.206	0.227	0.225	0.182	0.203	0.201	0.247	0.271	0.266	0.168	0.190	0.174	0.209	0.244	0.258	0.222	0.240	0.233	0.258	0.306	0.284	0.190	0.215	0.227	0.218	0.244	0.240	0.111	0.130	0.108	0.113	0.112	0.112	0.117	0.119	0.113
7:38:05	0.588	0.585	0.582	0.513	0.508	0.502	0.519	0.528	0.521	0.506	0.505	0.500	0.530	0.544	0.542	0.491	0.491	0.491	0.563	0.570	0.567	0.479	0.482	0.469	0.552	0.577	0.558	0.555	0.543	0.541	0.612	0.619	0.545	0.520	0.511	0.514	0.555	0.560	0.544	0.111	0.117	0.121	0.114	0.113	0.112	0.117	0.114	0.113	0.211	0.253	0.253	0.179	0.212	0.211	0.193	0.214	0.202	0.181	0.205	0.209	0.206	0.227	0.225	0.184	0.204	0.201	0.248	0.272	0.268	0.171	0.191	0.173	0.211	0.248	0.259	0.222	0.240	0.234	0.258	0.304	0.289	0.190	0.215	0.229	0.219	0.247	0.241	0.111	0.130	0.108	0.113	0.112	0.111	0.116	0.119	0.113
7:48:05	0.597	0.595	0.588	0.523	0.524	0.517	0.534	0.538	0.532	0.514	0.522	0.518	0.541	0.557	0.552	0.500	0.505	0.505	0.570	0.576	0.572	0.496	0.493	0.485	0.562	0.585	0.570	0.568	0.553	0.551	0.617	0.626	0.555	0.534	0.530	0.530	0.561	0.567	0.557	0.111	0.117	0.121	0.114	0.113	0.112	0.117	0.114	0.113	0.213	0.255	0.255	0.180	0.215	0.212	0.193	0.215	0.205	0.181	0.207	0.211	0.207	0.229	0.227	0.182	0.203	0.201	0.251	0.275	0.269	0.169	0.193	0.175	0.212	0.249	0.262	0.223	0.241	0.236	0.262	0.308	0.292	0.192	0.218	0.231	0.219	0.248	0.243	0.111	0.130	0.108	0.113	0.112	0.112	0.116	0.119	0.113
7:58:05	0.593	0.600	0.597	0.531	0.534	0.524	0.545	0.546	0.542	0.524	0.534	0.526	0.557	0.568	0.567	0.509	0.513	0.513	0.580	0.584	0.582	0.504	0.507	0.497	0.571	0.598	0.576	0.576	0.562	0.561	0.626	0.629	0.562	0.544	0.539	0.541	0.572	0.572	0.564	0.111	0.116	0.121	0.113	0.113	0.111	0.117	0.114	0.113	0.215	0.255	0.256	0.182	0.215	0.212	0.194	0.216	0.205	0.183	0.207	0.212	0.208	0.231	0.228	0.184	0.206	0.203	0.253	0.274	0.272	0.169	0.193	0.174	0.211	0.251	0.262	0.225	0.244	0.235	0.263	0.307	0.290	0.193	0.218	0.231	0.220	0.251	0.243	0.111	0.129	0.108	0.113	0.112	0.111	0.116	0.119	0.113
8:08:05	0.599	0.604	0.597	0.547	0.543	0.537	0.550	0.558	0.552	0.537	0.541	0.537	0.567	0.576	0.576	0.517	0.519	0.517	0.583	0.584	0.586	0.518	0.518	0.510	0.576	0.603	0.585	0.584	0.571	0.568	0.627	0.634	0.573	0.552	0.549	0.552	0.578	0.583	0.572	0.112	0.117	0.121	0.114	0.114	0.112	0.117	0.114	0.114	0.216	0.258	0.257	0.181	0.218	0.215	0.195	0.216	0.208	0.182	0.209	0.214	0.209	0.231	0.228	0.185	0.205	0.204	0.253	0.278	0.273	0.171	0.194	0.177	0.213	0.250	0.265	0.224	0.245	0.238	0.265	0.311	0.295	0.193	0.222	0.232	0.221	0.251	0.247	0.111	0.130	0.108	0.113	0.112	0.112	0.116	0.119	0.113
8:18:05	0.606	0.612	0.607	0.551	0.555	0.544	0.560	0.564	0.563	0.549	0.549	0.547	0.580	0.589	0.583	0.519	0.529	0.530	0.589	0.596	0.593	0.531	0.531	0.524	0.583	0.608	0.592	0.593	0.576	0.577	0.634	0.638	0.580	0.563	0.563	0.562	0.585	0.588	0.580	0.111	0.117	0.121	0.114	0.113	0.112	0.117	0.114	0.113	0.217	0.260	0.260	0.184	0.219	0.216	0.196	0.218	0.208	0.184	0.210	0.214	0.211	0.233	0.230	0.185	0.206	0.205	0.254	0.279	0.275	0.170	0.195	0.176	0.214	0.251	0.266	0.226	0.245	0.240	0.266	0.311	0.294	0.194	0.219	0.233	0.223	0.252	0.249	0.111	0.129	0.108	0.113	0.112	0.111	0.116	0.119	0.113
8:28:05	0.611	0.618	0.610	0.561	0.567	0.554	0.566	0.574	0.570	0.557	0.564	0.558	0.594	0.600	0.594	0.527	0.532	0.533	0.594	0.596	0.597	0.539	0.544	0.531	0.588	0.615	0.597	0.600	0.583	0.584	0.633	0.643	0.587	0.573	0.571	0.572	0.589	0.589	0.585	0.111	0.116	0.120	0.113	0.113	0.112	0.116	0.114	0.113	0.217	0.260	0.261	0.184	0.221	0.214	0.196	0.219	0.211	0.184	0.211	0.214	0.211	0.234	0.230	0.186	0.207	0.205	0.256	0.279	0.274	0.172	0.197	0.177	0.216	0.251	0.267	0.226	0.247	0.240	0.268	0.312	0.296	0.195	0.223	0.234	0.223	0.252	0.249	0.111	0.129	0.108	0.113	0.112	0.111	0.116	0.119	0.113
8:38:05	0.613	0.624	0.620	0.570	0.571	0.557	0.577	0.581	0.578	0.567	0.572	0.566	0.606	0.614	0.607	0.541	0.540	0.539	0.597	0.598	0.603	0.546	0.550	0.546	0.594	0.620	0.603	0.606	0.592	0.594	0.639	0.649	0.590	0.577	0.574	0.580	0.594	0.594	0.592	0.111	0.116	0.120	0.114	0.113	0.112	0.116	0.114	0.113	0.218	0.262	0.263	0.184	0.221	0.217	0.197	0.221	0.210	0.185	0.211	0.216	0.213	0.234	0.232	0.187	0.207	0.207	0.258	0.280	0.276	0.173	0.197	0.179	0.217	0.255	0.268	0.227	0.249	0.243	0.269	0.315	0.296	0.196	0.222	0.234	0.222	0.253	0.252	0.111	0.129	0.108	0.113	0.112	0.111	0.116	0.119	0.113
8:48:05	0.618	0.627	0.618	0.578	0.576	0.566	0.580	0.591	0.584	0.573	0.578	0.574	0.618	0.623	0.618	0.542	0.543	0.549	0.603	0.603	0.606	0.555	0.562	0.554	0.598	0.625	0.608	0.610	0.592	0.593	0.641	0.651	0.596	0.586	0.583	0.589	0.600	0.598	0.595	0.111	0.116	0.120	0.113	0.113	0.111	0.116	0.113	0.113	0.220	0.264	0.264	0.184	0.223	0.218	0.197	0.220	0.211	0.185	0.214	0.217	0.213	0.235	0.233	0.187	0.209	0.207	0.258	0.282	0.279	0.172	0.197	0.179	0.217	0.254	0.270	0.228	0.249	0.244	0.272	0.314	0.299	0.197	0.225	0.236	0.223	0.256	0.253	0.111	0.129	0.108	0.113	0.112	0.111	0.116	0.118	0.113
8:58:05	0.624	0.630	0.622	0.582	0.584	0.570	0.590	0.594	0.589	0.578	0.579	0.579	0.629	0.633	0.628	0.554	0.552	0.551	0.603	0.606	0.608	0.563	0.566	0.562	0.605	0.632	0.616	0.616	0.602	0.601	0.649	0.652	0.604	0.594	0.591	0.595	0.608	0.598	0.599	0.111	0.116	0.121	0.114	0.113	0.112	0.117	0.114	0.113	0.222	0.266	0.265	0.185	0.222	0.219	0.199	0.219	0.214	0.186	0.213	0.218	0.215	0.236	0.235	0.188	0.210	0.209	0.260	0.284	0.279	0.174	0.198	0.181	0.219	0.256	0.271	0.228	0.252	0.245	0.272	0.315	0.303	0.197	0.226	0.237	0.223	0.258	0.254	0.111	0.129	0.108	0.113	0.112	0.111	0.116	0.119	0.113
9:08:05	0.624	0.635	0.630	0.588	0.592	0.576	0.594	0.599	0.597	0.585	0.592	0.589	0.637	0.642	0.639	0.554	0.559	0.560	0.612	0.615	0.617	0.575	0.581	0.571	0.614	0.635	0.623	0.624	0.607	0.606	0.654	0.660	0.612	0.601	0.597	0.602	0.612	0.610	0.608	0.111	0.116	0.120	0.113	0.113	0.111	0.117	0.114	0.113	0.221	0.266	0.265	0.187	0.222	0.220	0.200	0.220	0.214	0.187	0.216	0.220	0.215	0.236	0.236	0.188	0.211	0.209	0.261	0.286	0.283	0.176	0.199	0.178	0.219	0.259	0.271	0.230	0.252	0.247	0.273	0.318	0.306	0.200	0.226	0.238	0.223	0.258	0.255	0.111	0.129	0.108	0.113	0.112	0.111	0.116	0.119	0.113
9:18:05	0.630	0.639	0.634	0.594	0.596	0.581	0.596	0.604	0.600	0.592	0.595	0.596	0.644	0.652	0.645	0.558	0.561	0.565	0.617	0.615	0.619	0.581	0.587	0.579	0.617	0.635	0.625	0.628	0.610	0.612	0.654	0.661	0.616	0.603	0.603	0.607	0.612	0.614	0.610	0.111	0.116	0.120	0.113	0.113	0.112	0.117	0.114	0.113	0.224	0.268	0.265	0.189	0.224	0.221	0.199	0.222	0.215	0.188	0.215	0.220	0.216	0.238	0.235	0.191	0.213	0.209	0.262	0.286	0.283	0.174	0.199	0.180	0.219	0.260	0.274	0.232	0.253	0.247	0.278	0.319	0.303	0.200	0.227	0.240	0.225	0.260	0.258	0.111	0.129	0.108	0.113	0.111	0.111	0.116	0.119	0.113
9:28:05	0.631	0.643	0.637	0.599	0.603	0.581	0.606	0.608	0.607	0.597	0.605	0.603	0.655	0.655	0.656	0.565	0.566	0.571	0.620	0.620	0.624	0.588	0.593	0.586	0.621	0.640	0.630	0.632	0.612	0.617	0.657	0.665	0.618	0.608	0.608	0.612	0.619	0.619	0.618	0.111	0.116	0.120	0.114	0.113	0.111	0.116	0.114	0.113	0.224	0.268	0.269	0.188	0.225	0.222	0.199	0.223	0.216	0.190	0.217	0.219	0.217	0.238	0.238	0.190	0.213	0.209	0.264	0.288	0.284	0.177	0.198	0.181	0.221	0.261	0.274	0.233	0.254	0.248	0.277	0.321	0.306	0.201	0.228	0.241	0.224	0.262	0.258	0.111	0.129	0.108	0.113	0.111	0.111	0.116	0.119	0.113
9:38:05	0.636	0.646	0.646	0.603	0.608	0.593	0.608	0.614	0.611	0.604	0.605	0.605	0.668	0.669	0.660	0.567	0.571	0.574	0.627	0.626	0.623	0.594	0.600	0.594	0.624	0.642	0.633	0.640	0.616	0.620	0.662	0.672	0.621	0.613	0.614	0.619	0.623	0.624	0.621	0.111	0.117	0.120	0.114	0.113	0.112	0.116	0.114	0.113	0.226	0.270	0.270	0.190	0.225	0.222	0.201	0.223	0.215	0.189	0.218	0.221	0.216	0.241	0.239	0.191	0.214	0.211	0.263	0.288	0.283	0.175	0.201	0.181	0.223	0.263	0.276	0.234	0.256	0.248	0.278	0.321	0.308	0.201	0.229	0.241	0.225	0.261	0.259	0.111	0.129	0.108	0.113	0.111	0.111	0.116	0.119	0.113
9:48:05	0.638	0.654	0.642	0.609	0.610	0.593	0.611	0.620	0.613	0.609	0.612	0.605	0.670	0.672	0.666	0.573	0.571	0.579	0.626	0.623	0.628	0.598	0.601	0.602	0.629	0.646	0.637	0.643	0.621	0.623	0.660	0.670	0.625	0.615	0.614	0.618	0.625	0.620	0.622	0.111	0.116	0.120	0.113	0.113	0.112	0.117	0.113	0.113	0.225	0.271	0.271	0.190	0.227	0.225	0.200	0.224	0.219	0.189	0.219	0.222	0.218	0.241	0.239	0.192	0.214	0.212	0.264	0.289	0.285	0.176	0.200	0.182	0.222	0.263	0.278	0.234	0.258	0.251	0.280	0.324	0.310	0.202	0.230	0.242	0.225	0.263	0.258	0.111	0.129	0.108	0.113	0.111	0.111	0.116	0.118	0.113
9:58:05	0.640	0.654	0.650	0.612	0.617	0.598	0.618	0.622	0.618	0.613	0.619	0.618	0.680	0.683	0.676	0.577	0.577	0.581	0.629	0.631	0.632	0.606	0.613	0.607	0.634	0.649	0.640	0.647	0.630	0.627	0.667	0.680	0.632	0.622	0.624	0.625	0.631	0.628	0.627	0.111	0.116	0.120	0.113	0.113	0.112	0.116	0.113	0.113	0.228	0.272	0.273	0.190	0.227	0.224	0.201	0.224	0.218	0.190	0.219	0.223	0.219	0.241	0.238	0.193	0.215	0.211	0.266	0.290	0.287	0.176	0.200	0.182	0.224	0.264	0.278	0.235	0.258	0.251	0.280	0.324	0.310	0.202	0.231	0.234	0.225	0.264	0.260	0.111	0.129	0.108	0.113	0.111	0.111	0.116	0.118	0.113
10:08:05	0.644	0.658	0.656	0.616	0.619	0.604	0.625	0.626	0.626	0.620	0.624	0.621	0.688	0.689	0.683	0.582	0.585	0.586	0.635	0.635	0.634	0.614	0.616	0.614	0.633	0.649	0.647	0.653	0.632	0.631	0.672	0.684	0.637	0.627	0.628	0.629	0.633	0.633	0.631	0.111	0.116	0.120	0.113	0.113	0.111	0.116	0.113	0.113	0.229	0.272	0.273	0.191	0.228	0.225	0.202	0.226	0.220	0.190	0.220	0.225	0.217	0.243	0.240	0.193	0.217	0.213	0.267	0.291	0.287	0.177	0.202	0.184	0.224	0.266	0.278	0.235	0.259	0.252	0.282	0.325	0.313	0.202	0.232	0.234	0.226	0.265	0.261	0.111	0.129	0.108	0.113	0.111	0.111	0.116	0.118	0.113
10:18:05	0.648	0.664	0.660	0.617	0.625	0.609	0.625	0.633	0.628	0.620	0.629	0.626	0.697	0.700	0.689	0.587	0.588	0.593	0.637	0.643	0.641	0.617	0.623	0.617	0.637	0.657	0.648	0.656	0.636	0.637	0.679	0.687	0.641	0.631	0.631	0.629	0.637	0.640	0.637	0.111	0.116	0.120	0.113	0.113	0.111	0.116	0.113	0.113	0.231	0.274	0.275	0.192	0.230	0.227	0.202	0.226	0.221	0.192	0.221	0.225	0.221	0.243	0.241	0.194	0.216	0.215	0.267	0.294	0.289	0.178	0.203	0.185	0.225	0.266	0.281	0.237	0.261	0.253	0.284	0.328	0.317	0.203	0.235	0.237	0.227	0.265	0.263	0.111	0.129	0.108	0.113	0.111	0.111	0.116	0.119	0.113
10:28:05	0.650	0.665	0.656	0.626	0.628	0.603	0.629	0.637	0.634	0.626	0.629	0.629	0.700	0.699	0.698	0.586	0.586	0.595	0.638	0.641	0.645	0.619	0.621	0.623	0.642	0.656	0.655	0.658	0.641	0.638	0.675	0.687	0.641	0.631	0.631	0.635	0.638	0.634	0.638	0.111	0.116	0.120	0.113	0.113	0.112	0.116	0.113	0.113	0.232	0.276	0.274	0.192	0.232	0.227	0.203	0.228	0.221	0.194	0.223	0.226	0.221	0.245	0.241	0.194	0.217	0.215	0.268	0.294	0.290	0.177	0.202	0.184	0.227	0.265	0.280	0.240	0.262	0.255	0.284	0.328	0.315	0.204	0.235	0.238	0.227	0.268	0.263	0.111	0.129	0.108	0.113	0.111	0.111	0.116	0.118	0.113
10:38:05	0.649	0.668	0.660	0.630	0.623	0.611	0.632	0.630	0.631	0.617	0.621	0.624	0.706	0.708	0.700	0.592	0.590	0.591	0.631	0.633	0.633	0.615	0.617	0.631	0.644	0.653	0.650	0.661	0.639	0.636	0.673	0.686	0.635	0.629	0.628	0.635	0.644	0.634	0.637	0.111	0.116	0.120	0.113	0.113	0.112	0.116	0.113	0.113	0.231	0.275	0.273	0.191	0.233	0.228	0.203	0.228	0.222	0.193	0.225	0.227	0.222	0.243	0.243	0.194	0.218	0.215	0.269	0.293	0.291	0.178	0.203	0.186	0.228	0.268	0.283	0.240	0.264	0.255	0.283	0.328	0.318	0.205	0.234	0.238	0.228	0.270	0.264	0.111	0.129	0.108	0.113	0.111	0.111	0.116	0.118	0.113
10:48:05	0.656	0.671	0.662	0.634	0.635	0.612	0.635	0.644	0.639	0.633	0.636	0.633	0.710	0.709	0.709	0.594	0.591	0.601	0.642	0.646	0.649	0.626	0.631	0.629	0.649	0.662	0.657	0.664	0.644	0.643	0.681	0.694	0.646	0.639	0.640	0.638	0.646	0.640	0.645	0.111	0.116	0.120	0.113	0.113	0.112	0.116	0.114	0.113	0.233	0.276	0.276	0.192	0.232	0.228	0.202	0.228	0.226	0.195	0.224	0.228	0.221	0.244	0.241	0.195	0.219	0.216	0.270	0.296	0.293	0.179	0.203	0.186	0.227	0.268	0.283	0.241	0.265	0.258	0.286	0.330	0.320	0.205	0.235	0.240	0.229	0.270	0.264	0.111	0.129	0.108	0.113	0.111	0.111	0.116	0.118	0.113
10:58:05	0.663	0.674	0.670	0.630	0.640	0.621	0.643	0.645	0.642	0.637	0.640	0.640	0.718	0.717	0.715	0.599	0.602	0.604	0.646	0.649	0.648	0.632	0.637	0.635	0.651	0.667	0.664	0.669	0.654	0.644	0.686	0.694	0.648	0.640	0.642	0.640	0.649	0.649	0.647	0.111	0.116	0.120	0.113	0.113	0.111	0.116	0.113	0.113	0.234	0.279	0.279	0.194	0.234	0.229	0.203	0.230	0.224	0.195	0.224	0.230	0.223	0.246	0.245	0.197	0.219	0.215	0.272	0.295	0.291	0.179	0.206	0.186	0.229	0.268	0.282	0.240	0.264	0.259	0.288	0.333	0.319	0.205	0.237	0.238	0.228	0.270	0.266	0.111	0.129	0.108	0.113	0.111	0.111	0.116	0.118	0.112
11:08:05	0.663	0.676	0.671	0.639	0.642	0.619	0.645	0.646	0.648	0.639	0.645	0.643	0.721	0.723	0.719	0.603	0.604	0.605	0.650	0.650	0.653	0.633	0.639	0.638	0.655	0.665	0.665	0.671	0.655	0.650	0.690	0.696	0.654	0.644	0.649	0.646	0.649	0.650	0.650	0.111	0.116	0.120	0.113	0.113	0.112	0.116	0.113	0.113	0.234	0.280	0.279	0.195	0.235	0.231	0.204	0.230	0.225	0.195	0.226	0.228	0.224	0.246	0.246	0.196	0.219	0.216	0.272	0.295	0.293	0.179	0.205	0.188	0.229	0.270	0.284	0.243	0.266	0.259	0.288	0.333	0.321	0.206	0.238	0.240	0.231	0.271	0.269	0.111	0.129	0.108	0.113	0.111	0.111	0.116	0.118	0.113
11:18:05	0.665	0.678	0.673	0.645	0.641	0.620	0.645	0.651	0.650	0.641	0.648	0.647	0.724	0.725	0.727	0.604	0.605	0.608	0.650	0.653	0.655	0.638	0.642	0.642	0.656	0.665	0.667	0.673	0.655	0.652	0.685	0.701	0.654	0.647	0.648	0.653	0.654	0.648	0.650	0.111	0.116	0.120	0.113	0.113	0.111	0.116	0.113	0.113	0.236	0.278	0.280	0.195	0.235	0.232	0.205	0.230	0.226	0.197	0.226	0.229	0.225	0.248	0.246	0.198	0.220	0.216	0.272	0.298	0.295	0.180	0.206	0.189	0.229	0.270	0.285	0.241	0.266	0.259	0.289	0.335	0.323	0.207	0.239	0.240	0.232	0.271	0.269	0.111	0.129	0.108	0.113	0.111	0.111	0.116	0.118	0.113
11:28:05	0.668	0.680	0.676	0.645	0.645	0.625	0.648	0.653	0.648	0.646	0.650	0.648	0.729	0.728	0.725	0.607	0.603	0.613	0.651	0.655	0.657	0.643	0.644	0.641	0.655	0.669	0.671	0.671	0.656	0.654	0.688	0.702	0.653	0.650	0.651	0.659	0.656	0.652	0.653	0.111	0.116	0.120	0.113	0.113	0.111	0.116	0.113	0.113	0.237	0.281	0.282	0.197	0.235	0.232	0.204	0.232	0.227	0.196	0.228	0.230	0.225	0.249	0.247	0.197	0.220	0.217	0.272	0.299	0.296	0.182	0.206	0.188	0.231	0.273	0.284	0.241	0.267	0.262	0.289	0.334	0.326	0.208	0.239	0.240	0.229	0.274	0.270	0.111	0.129	0.108	0.113	0.111	0.111	0.116	0.118	0.112
11:38:05	0.668	0.683	0.675	0.648	0.649	0.625	0.649	0.656	0.650	0.650	0.647	0.645	0.733	0.728	0.729	0.606	0.603	0.613	0.652	0.654	0.659	0.642	0.645	0.646	0.660	0.672	0.672	0.675	0.658	0.653	0.690	0.706	0.658	0.652	0.652	0.657	0.656	0.653	0.655	0.111	0.116	0.120	0.113	0.113	0.111	0.116	0.113	0.113	0.234	0.281	0.281	0.198	0.236	0.232	0.206	0.231	0.228	0.197	0.229	0.231	0.225	0.249	0.246	0.198	0.220	0.216	0.273	0.300	0.295	0.182	0.205	0.189	0.231	0.274	0.287	0.242	0.270	0.261	0.290	0.337	0.325	0.208	0.240	0.241	0.231	0.271	0.269	0.111	0.129	0.108	0.113	0.111	0.111	0.116	0.118	0.113
11:48:05	0.671	0.686	0.679	0.651	0.652	0.625	0.651	0.656	0.654	0.651	0.653	0.650	0.738	0.731	0.732	0.612	0.609	0.617	0.656	0.660	0.657	0.646	0.649	0.649	0.661	0.674	0.676	0.671	0.662	0.662	0.693	0.706	0.661	0.653	0.657	0.664	0.658	0.658	0.656	0.111	0.116	0.120	0.113	0.113	0.111	0.116	0.113	0.113	0.238	0.283	0.282	0.198	0.237	0.233	0.205	0.232	0.228	0.198	0.228	0.232	0.225	0.247	0.247	0.199	0.219	0.216	0.274	0.300	0.296	0.181	0.206	0.190	0.231	0.273	0.286	0.242	0.270	0.264	0.292	0.339	0.331	0.207	0.240	0.242	0.232	0.275	0.271	0.111	0.129	0.108	0.113	0.111	0.111	0.116	0.118	0.112
11:58:05	0.673	0.687	0.680	0.651	0.652	0.633	0.659	0.660	0.658	0.656	0.661	0.659	0.748	0.743	0.744	0.618	0.618	0.618	0.662	0.661	0.661	0.652	0.656	0.658	0.665	0.678	0.677	0.674	0.668	0.659	0.695	0.704	0.664	0.654	0.659	0.666	0.659	0.662	0.660	0.111	0.116	0.120	0.113	0.113	0.112	0.116	0.113	0.113	0.236	0.284	0.282	0.198	0.238	0.235	0.206	0.233	0.227	0.200	0.228	0.233	0.227	0.251	0.248	0.199	0.221	0.218	0.274	0.301	0.297	0.181	0.206	0.190	0.232	0.275	0.287	0.242	0.271	0.263	0.292	0.340	0.328	0.210	0.241	0.243	0.232	0.276	0.272	0.111	0.129	0.108	0.113	0.111	0.111	0.116	0.118	0.112
12:08:05	0.679	0.691	0.688	0.658	0.657	0.637	0.657	0.661	0.659	0.655	0.662	0.661	0.749	0.746	0.744	0.618	0.619	0.621	0.662	0.666	0.661	0.654	0.658	0.658	0.666	0.684	0.681	0.675	0.667	0.664	0.696	0.709	0.666	0.657	0.658	0.677	0.664	0.665	0.663	0.111	0.116	0.120	0.113	0.113	0.111	0.116	0.113	0.113	0.237	0.288	0.284	0.198	0.239	0.233	0.207	0.233	0.228	0.199	0.231	0.233	0.228	0.248	0.249	0.200	0.221	0.217	0.275	0.304	0.298	0.182	0.208	0.191	0.233	0.273	0.289	0.242	0.270	0.264	0.294	0.341	0.331	0.210	0.241	0.241	0.233	0.277	0.273	0.111	0.129	0.108	0.113	0.111	0.111	0.116	0.118	0.113
12:18:05	0.682	0.694	0.684	0.658	0.660	0.634	0.658	0.666	0.660	0.659	0.660	0.659	0.752	0.741	0.742	0.619	0.614	0.623	0.663	0.666	0.667	0.656	0.657	0.660	0.667	0.677	0.674	0.671	0.665	0.665	0.698	0.712	0.661	0.656	0.659	0.670	0.666	0.661	0.662	0.111	0.116	0.120	0.113	0.113	0.111	0.116	0.113	0.113	0.239	0.288	0.285	0.200	0.240	0.235	0.206	0.234	0.231	0.200	0.229	0.233	0.229	0.249	0.249	0.200	0.222	0.218	0.278	0.304	0.299	0.183	0.209	0.191	0.234	0.277	0.288	0.242	0.272	0.265	0.293	0.343	0.333	0.211	0.242	0.243	0.233	0.277	0.276	0.111	0.129	0.108	0.113	0.111	0.111	0.116	0.118	0.113
12:28:05	0.683	0.694	0.687	0.663	0.662	0.635	0.662	0.669	0.668	0.663	0.663	0.666	0.757	0.749	0.747	0.621	0.622	0.626	0.669	0.670	0.668	0.658	0.661	0.663	0.670	0.681	0.686	0.675	0.664	0.669	0.700	0.712	0.667	0.661	0.663	0.676	0.669	0.670	0.668	0.111	0.116	0.120	0.113	0.113	0.111	0.116	0.113	0.113	0.238	0.288	0.285	0.199	0.241	0.236	0.208	0.233	0.230	0.200	0.230	0.233	0.229	0.250	0.249	0.201	0.222	0.218	0.276	0.306	0.300	0.184	0.208	0.192	0.234	0.275	0.291	0.243	0.272	0.266	0.294	0.343	0.334	0.212	0.242	0.245	0.234	0.278	0.275	0.111	0.129	0.108	0.113	0.111	0.111	0.116	0.118	0.113
12:38:05	0.688	0.699	0.687	0.666	0.661	0.641	0.665	0.666	0.664	0.663	0.667	0.663	0.757	0.748	0.750	0.622	0.620	0.629	0.669	0.672	0.669	0.662	0.661	0.665	0.677	0.684	0.688	0.674	0.666	0.669	0.699	0.713	0.668	0.660	0.667	0.673	0.672	0.670	0.669	0.111	0.116	0.120	0.113	0.113	0.111	0.116	0.113	0.113	0.240	0.288	0.284	0.200	0.240	0.235	0.207	0.235	0.232	0.203	0.233	0.235	0.229	0.250	0.251	0.200	0.221	0.219	0.280	0.305	0.300	0.184	0.208	0.193	0.234	0.277	0.290	0.245	0.273	0.267	0.294	0.344	0.335	0.213	0.243	0.247	0.233	0.278	0.275	0.111	0.129	0.108	0.113	0.111	0.111	0.116	0.118	0.113
12:48:05	0.686	0.702	0.692	0.670	0.662	0.641	0.667	0.671	0.667	0.662	0.661	0.655	0.764	0.755	0.755	0.625	0.623	0.625	0.670	0.670	0.672	0.660	0.659	0.669	0.675	0.685	0.680	0.674	0.669	0.671	0.702	0.717	0.672	0.665	0.665	0.672	0.671	0.669	0.670	0.111	0.116	0.120	0.113	0.113	0.111	0.116	0.113	0.113	0.238	0.288	0.288	0.198	0.243	0.237	0.208	0.237	0.232	0.201	0.232	0.236	0.230	0.253	0.249	0.201	0.223	0.219	0.278	0.306	0.300	0.183	0.208	0.193	0.235	0.279	0.292	0.247	0.273	0.266	0.296	0.344	0.337	0.213	0.244	0.245	0.234	0.280	0.278	0.111	0.129	0.108	0.113	0.111	0.111	0.116	0.118	0.112
12:58:05	0.691	0.701	0.687	0.668	0.661	0.648	0.670	0.669	0.667	0.660	0.658	0.660	0.770	0.754	0.757	0.623	0.625	0.626	0.666	0.668	0.669	0.663	0.657	0.669	0.679	0.681	0.680	0.679	0.667	0.668	0.699	0.719	0.668	0.667	0.664	0.671	0.674	0.666	0.670	0.111	0.116	0.120	0.113	0.113	0.111	0.116	0.113	0.113	0.239	0.289	0.286	0.200	0.243	0.237	0.207	0.236	0.231	0.201	0.233	0.236	0.230	0.251	0.251	0.202	0.224	0.221	0.279	0.306	0.300	0.183	0.210	0.193	0.235	0.279	0.292	0.248	0.276	0.266	0.296	0.345	0.335	0.214	0.244	0.246	0.234	0.280	0.277	0.111	0.129	0.108	0.113	0.111	0.111	0.116	0.118	0.112
13:08:05	0.693	0.703	0.689	0.670	0.670	0.647	0.672	0.672	0.671	0.668	0.667	0.666	0.770	0.759	0.760	0.628	0.623	0.630	0.673	0.675	0.676	0.665	0.666	0.670	0.680	0.686	0.688	0.679	0.672	0.673	0.703	0.718	0.675	0.670	0.670	0.679	0.675	0.674	0.676	0.111	0.116	0.120	0.113	0.113	0.111	0.116	0.113	0.113	0.239	0.289	0.288	0.200	0.244	0.238	0.209	0.237	0.233	0.203	0.233	0.237	0.230	0.252	0.252	0.202	0.224	0.219	0.279	0.308	0.303	0.185	0.210	0.195	0.234	0.278	0.293	0.247	0.274	0.267	0.297	0.347	0.337	0.215	0.243	0.247	0.235	0.279	0.278	0.111	0.129	0.108	0.113	0.111	0.111	0.116	0.118	0.112
13:18:05	0.686	0.704	0.699	0.673	0.671	0.645	0.674	0.679	0.678	0.671	0.678	0.677	0.775	0.766	0.768	0.632	0.631	0.634	0.677	0.675	0.676	0.672	0.673	0.674	0.681	0.694	0.696	0.690	0.679	0.678	0.711	0.716	0.679	0.676	0.674	0.686	0.678	0.679	0.678	0.111	0.116	0.120	0.113	0.113	0.111	0.116	0.113	0.112	0.240	0.292	0.290	0.201	0.245	0.238	0.208	0.238	0.232	0.202	0.234	0.237	0.231	0.252	0.251	0.202	0.224	0.221	0.281	0.310	0.304	0.187	0.211	0.195	0.235	0.279	0.293	0.248	0.275	0.270	0.298	0.348	0.337	0.216	0.244	0.248	0.234	0.283	0.279	0.111	0.128	0.108	0.113	0.111	0.111	0.116	0.118	0.112
13:28:05	0.693	0.706	0.694	0.680	0.670	0.650	0.677	0.681	0.677	0.671	0.672	0.668	0.776	0.760	0.766	0.632	0.627	0.633	0.676	0.678	0.681	0.673	0.671	0.675	0.686	0.685	0.689	0.685	0.675	0.679	0.710	0.723	0.678	0.675	0.671	0.680	0.678	0.676	0.681	0.111	0.116	0.120	0.113	0.113	0.111	0.116	0.113	0.113	0.241	0.293	0.290	0.202	0.246	0.239	0.209	0.239	0.234	0.202	0.235	0.237	0.230	0.253	0.252	0.202	0.224	0.221	0.280	0.309	0.304	0.184	0.210	0.196	0.237	0.282	0.294	0.252	0.277	0.269	0.301	0.349	0.339	0.216	0.247	0.248	0.236	0.282	0.281	0.111	0.129	0.108	0.113	0.111	0.111	0.116	0.118	0.112
13:38:05	0.696	0.709	0.697	0.682	0.674	0.652	0.676	0.683	0.682	0.672	0.672	0.669	0.779	0.770	0.770	0.633	0.632	0.637	0.678	0.681	0.680	0.675	0.672	0.677	0.685	0.692	0.693	0.683	0.679	0.683	0.709	0.722	0.680	0.673	0.675	0.686	0.680	0.681	0.682	0.110	0.116	0.119	0.112	0.112	0.111	0.116	0.113	0.113	0.239	0.293	0.289	0.202	0.248	0.239	0.210	0.238	0.235	0.203	0.235	0.237	0.231	0.252	0.252	0.202	0.224	0.220	0.282	0.311	0.303	0.185	0.212	0.195	0.237	0.280	0.295	0.251	0.278	0.268	0.297	0.350	0.339	0.217	0.246	0.249	0.236	0.283	0.280	0.111	0.129	0.107	0.113	0.111	0.111	0.116	0.118	0.112
13:48:05	0.698	0.714	0.698	0.684	0.678	0.660	0.677	0.681	0.679	0.675	0.675	0.674	0.781	0.769	0.773	0.631	0.631	0.643	0.681	0.682	0.681	0.681	0.675	0.677	0.685	0.696	0.701	0.684	0.683	0.681	0.709	0.723	0.685	0.678	0.679	0.684	0.681	0.681	0.686	0.110	0.116	0.120	0.113	0.113	0.111	0.116	0.113	0.113	0.241	0.295	0.290	0.202	0.247	0.239	0.211	0.239	0.235	0.203	0.237	0.238	0.233	0.251	0.252	0.203	0.226	0.221	0.281	0.311	0.306	0.186	0.210	0.196	0.237	0.281	0.294	0.252	0.278	0.271	0.301	0.351	0.339	0.216	0.246	0.251	0.236	0.284	0.283	0.111	0.128	0.107	0.113	0.111	0.111	0.116	0.118	0.112
13:58:05	0.697	0.712	0.708	0.683	0.680	0.657	0.682	0.687	0.683	0.683	0.688	0.688	0.791	0.779	0.783	0.634	0.641	0.644	0.685	0.681	0.684	0.679	0.684	0.675	0.688	0.705	0.703	0.690	0.686	0.686	0.715	0.724	0.686	0.680	0.685	0.691	0.684	0.689	0.685	0.111	0.116	0.119	0.113	0.113	0.111	0.116	0.113	0.112	0.243	0.295	0.293	0.201	0.247	0.240	0.210	0.240	0.235	0.204	0.236	0.238	0.233	0.254	0.254	0.203	0.226	0.222	0.282	0.311	0.306	0.185	0.212	0.197	0.238	0.281	0.295	0.253	0.278	0.273	0.301	0.353	0.342	0.217	0.248	0.250	0.237	0.286	0.284	0.111	0.128	0.108	0.113	0.111	0.111	0.116	0.118	0.112
14:08:05	0.703	0.718	0.709	0.683	0.681	0.660	0.684	0.684	0.688	0.686	0.688	0.690	0.796	0.779	0.786	0.639	0.643	0.644	0.686	0.689	0.684	0.684	0.689	0.679	0.693	0.709	0.707	0.694	0.686	0.685	0.719	0.723	0.690	0.684	0.686	0.695	0.685	0.687	0.686	0.111	0.116	0.119	0.113	0.112	0.111	0.116	0.112	0.112	0.243	0.296	0.294	0.202	0.247	0.241	0.209	0.243	0.234	0.204	0.236	0.238	0.233	0.252	0.254	0.204	0.225	0.221	0.285	0.312	0.307	0.185	0.212	0.197	0.238	0.283	0.294	0.252	0.277	0.272	0.302	0.352	0.345	0.217	0.248	0.251	0.236	0.286	0.283	0.111	0.129	0.108	0.113	0.111	0.111	0.116	0.118	0.112
14:18:05	0.705	0.718	0.705	0.690	0.683	0.660	0.684	0.689	0.688	0.685	0.685	0.681	0.790	0.780	0.785	0.636	0.640	0.641	0.688	0.687	0.687	0.686	0.682	0.683	0.692	0.701	0.704	0.691	0.690	0.688	0.715	0.727	0.692	0.683	0.684	0.685	0.685	0.686	0.689	0.110	0.115	0.119	0.113	0.112	0.111	0.116	0.112	0.112	0.242	0.295	0.293	0.203	0.248	0.241	0.211	0.241	0.236	0.205	0.237	0.240	0.233	0.253	0.255	0.204	0.227	0.222	0.282	0.313	0.309	0.186	0.211	0.198	0.240	0.282	0.297	0.253	0.280	0.270	0.301	0.352	0.343	0.219	0.250	0.249	0.237	0.286	0.282	0.110	0.128	0.107	0.113	0.111	0.111	0.115	0.118	0.112
14:28:05	0.702	0.720	0.711	0.685	0.686	0.668	0.686	0.690	0.685	0.688	0.694	0.691	0.796	0.787	0.793	0.641	0.646	0.649	0.691	0.688	0.684	0.688	0.688	0.682	0.697	0.711	0.712	0.700	0.695	0.690	0.728	0.730	0.692	0.686	0.690	0.696	0.686	0.693	0.689	0.110	0.116	0.120	0.113	0.113	0.111	0.116	0.112	0.112	0.243	0.297	0.296	0.203	0.246	0.243	0.211	0.242	0.236	0.204	0.237	0.240	0.234	0.252	0.254	0.204	0.227	0.223	0.286	0.313	0.309	0.186	0.211	0.198	0.239	0.284	0.295	0.253	0.277	0.274	0.303	0.355	0.347	0.218	0.248	0.250	0.238	0.286	0.283	0.111	0.128	0.108	0.113	0.111	0.111	0.116	0.118	0.112
14:38:05	0.706	0.723	0.712	0.687	0.687	0.668	0.684	0.691	0.685	0.690	0.695	0.693	0.801	0.788	0.796	0.639	0.649	0.650	0.693	0.692	0.689	0.691	0.695	0.682	0.698	0.710	0.712	0.705	0.694	0.691	0.724	0.728	0.696	0.686	0.691	0.699	0.697	0.694	0.694	0.110	0.115	0.119	0.112	0.112	0.111	0.116	0.112	0.112	0.244	0.297	0.295	0.203	0.248	0.242	0.211	0.243	0.236	0.206	0.238	0.241	0.233	0.254	0.254	0.204	0.227	0.223	0.285	0.313	0.310	0.185	0.212	0.198	0.240	0.284	0.296	0.256	0.278	0.273	0.302	0.357	0.347	0.220	0.249	0.250	0.238	0.287	0.285	0.110	0.128	0.107	0.113	0.111	0.111	0.115	0.117	0.112
14:48:05	0.708	0.720	0.712	0.696	0.687	0.666	0.693	0.696	0.694	0.691	0.693	0.693	0.806	0.788	0.795	0.636	0.642	0.648	0.692	0.692	0.692	0.689	0.690	0.686	0.698	0.707	0.710	0.699	0.694	0.694	0.726	0.725	0.695	0.686	0.691	0.700	0.691	0.693	0.692	0.111	0.116	0.120	0.112	0.112	0.111	0.116	0.112	0.112	0.242	0.299	0.298	0.204	0.251	0.243	0.210	0.244	0.237	0.204	0.238	0.241	0.235	0.254	0.255	0.204	0.227	0.223	0.286	0.316	0.311	0.186	0.213	0.196	0.240	0.282	0.296	0.255	0.280	0.274	0.304	0.356	0.348	0.218	0.250	0.251	0.238	0.289	0.285	0.111	0.128	0.108	0.113	0.111	0.111	0.116	0.118	0.112
14:58:05	0.710	0.722	0.706	0.697	0.691	0.667	0.693	0.696	0.692	0.693	0.693	0.691	0.802	0.786	0.797	0.638	0.639	0.648	0.694	0.694	0.694	0.691	0.690	0.685	0.696	0.705	0.713	0.700	0.696	0.693	0.722	0.724	0.697	0.690	0.694	0.695	0.693	0.694	0.693	0.110	0.116	0.119	0.113	0.112	0.111	0.116	0.112	0.112	0.243	0.299	0.298	0.204	0.250	0.243	0.211	0.242	0.237	0.206	0.237	0.241	0.236	0.253	0.255	0.203	0.228	0.224	0.286	0.316	0.312	0.187	0.212	0.197	0.240	0.282	0.298	0.257	0.280	0.273	0.306	0.357	0.348	0.219	0.251	0.252	0.238	0.289	0.284	0.111	0.128	0.107	0.113	0.111	0.111	0.116	0.118	0.112
15:08:05	0.712	0.725	0.714	0.699	0.691	0.669	0.694	0.695	0.698	0.694	0.691	0.696	0.805	0.787	0.798	0.639	0.643	0.651	0.697	0.697	0.697	0.695	0.694	0.688	0.699	0.710	0.712	0.700	0.693	0.694	0.725	0.730	0.697	0.689	0.693	0.701	0.692	0.692	0.693	0.110	0.116	0.120	0.112	0.112	0.111	0.116	0.112	0.112	0.245	0.299	0.298	0.204	0.250	0.243	0.211	0.242	0.236	0.207	0.239	0.241	0.236	0.254	0.254	0.205	0.229	0.225	0.287	0.316	0.312	0.186	0.214	0.199	0.241	0.286	0.299	0.257	0.280	0.274	0.305	0.356	0.348	0.221	0.250	0.253	0.238	0.289	0.284	0.110	0.128	0.107	0.113	0.111	0.111	0.116	0.117	0.112
15:18:05	0.713	0.727	0.710	0.700	0.691	0.671	0.697	0.695	0.701	0.696	0.695	0.697	0.811	0.792	0.802	0.637	0.639	0.649	0.697	0.699	0.698	0.697	0.695	0.690	0.700	0.709	0.713	0.705	0.695	0.696	0.727	0.728	0.701	0.695	0.694	0.701	0.695	0.697	0.692	0.110	0.116	0.119	0.112	0.112	0.111	0.116	0.112	0.112	0.244	0.301	0.299	0.206	0.252	0.243	0.211	0.243	0.237	0.205	0.239	0.242	0.235	0.253	0.255	0.204	0.229	0.225	0.287	0.318	0.313	0.187	0.212	0.198	0.242	0.285	0.297	0.258	0.282	0.275	0.306	0.357	0.348	0.220	0.252	0.253	0.240	0.290	0.285	0.110	0.128	0.107	0.113	0.110	0.111	0.116	0.117	0.112
15:28:05	0.709	0.720	0.722	0.695	0.695	0.681	0.691	0.697	0.698	0.694	0.701	0.705	0.806	0.799	0.815	0.647	0.654	0.652	0.701	0.697	0.692	0.698	0.699	0.697	0.702	0.717	0.721	0.709	0.697	0.696	0.729	0.734	0.701	0.693	0.699	0.706	0.695	0.698	0.698	0.110	0.115	0.119	0.112	0.112	0.111	0.115	0.112	0.112	0.245	0.299	0.299	0.205	0.250	0.243	0.211	0.243	0.238	0.206	0.239	0.242	0.236	0.251	0.257	0.204	0.228	0.225	0.286	0.318	0.312	0.188	0.211	0.199	0.240	0.286	0.296	0.256	0.279	0.276	0.306	0.358	0.351	0.222	0.251	0.253	0.242	0.287	0.286	0.111	0.128	0.107	0.113	0.110	0.111	0.116	0.117	0.112
15:38:05	0.711	0.727	0.713	0.704	0.695	0.672	0.697	0.701	0.702	0.698	0.695	0.699	0.813	0.797	0.806	0.639	0.645	0.646	0.700	0.699	0.696	0.698	0.696	0.694	0.696	0.707	0.719	0.699	0.699	0.700	0.730	0.726	0.702	0.693	0.695	0.703	0.697	0.700	0.695	0.110	0.115	0.119	0.112	0.112	0.110	0.115	0.112	0.112	0.245	0.300	0.299	0.206	0.252	0.243	0.212	0.243	0.238	0.206	0.238	0.242	0.237	0.255	0.253	0.204	0.229	0.225	0.287	0.318	0.313	0.188	0.212	0.198	0.239	0.284	0.299	0.258	0.281	0.272	0.307	0.359	0.350	0.220	0.251	0.252	0.240	0.289	0.286	0.111	0.128	0.107	0.113	0.111	0.111	0.116	0.118	0.112
15:48:05	0.713	0.725	0.723	0.697	0.700	0.682	0.700	0.703	0.700	0.703	0.699	0.705	0.811	0.805	0.820	0.645	0.652	0.653	0.700	0.698	0.696	0.704	0.704	0.699	0.708	0.707	0.722	0.709	0.703	0.699	0.734	0.737	0.706	0.697	0.702	0.708	0.699	0.704	0.704	0.110	0.115	0.119	0.112	0.112	0.111	0.115	0.112	0.112	0.246	0.302	0.299	0.205	0.254	0.245	0.212	0.244	0.239	0.207	0.240	0.244	0.237	0.252	0.256	0.205	0.228	0.225	0.288	0.317	0.312	0.188	0.211	0.199	0.241	0.285	0.300	0.258	0.282	0.276	0.306	0.363	0.353	0.222	0.251	0.255	0.241	0.289	0.287	0.111	0.128	0.107	0.113	0.110	0.111	0.115	0.117	0.112
15:58:05	0.711	0.730	0.723	0.702	0.700	0.684	0.702	0.706	0.707	0.704	0.705	0.711	0.812	0.804	0.822	0.644	0.650	0.653	0.706	0.707	0.698	0.705	0.707	0.698	0.707	0.716	0.722	0.705	0.700	0.702	0.728	0.736	0.705	0.702	0.701	0.709	0.698	0.706	0.701	0.110	0.115	0.119	0.112	0.112	0.110	0.115	0.112	0.112	0.247	0.300	0.299	0.206	0.252	0.245	0.211	0.247	0.238	0.208	0.241	0.243	0.237	0.255	0.256	0.204	0.228	0.226	0.289	0.319	0.313	0.187	0.212	0.200	0.243	0.287	0.299	0.259	0.282	0.276	0.306	0.360	0.352	0.223	0.252	0.255	0.242	0.292	0.286	0.110	0.128	0.107	0.113	0.110	0.111	0.116	0.117	0.112
16:08:05	0.716	0.732	0.720	0.706	0.699	0.680	0.704	0.708	0.706	0.703	0.705	0.707	0.822	0.803	0.820	0.644	0.648	0.654	0.704	0.709	0.701	0.705	0.705	0.701	0.705	0.717	0.723	0.708	0.699	0.700	0.734	0.733	0.705	0.700	0.701	0.708	0.701	0.704	0.700	0.110	0.116	0.119	0.112	0.112	0.111	0.116	0.112	0.112	0.247	0.303	0.302	0.207	0.253	0.245	0.212	0.245	0.238	0.208	0.241	0.245	0.239	0.254	0.255	0.206	0.229	0.228	0.287	0.319	0.316	0.188	0.212	0.200	0.242	0.286	0.298	0.258	0.283	0.277	0.308	0.361	0.351	0.222	0.253	0.255	0.241	0.290	0.288	0.111	0.128	0.107	0.113	0.111	0.111	0.115	0.117	0.112
16:18:05	0.721	0.729	0.718	0.709	0.700	0.679	0.708	0.706	0.708	0.703	0.704	0.704	0.824	0.797	0.821	0.642	0.643	0.649	0.702	0.703	0.701	0.709	0.703	0.703	0.702	0.709	0.724	0.704	0.704	0.703	0.736	0.732	0.707	0.700	0.701	0.704	0.699	0.704	0.704	0.110	0.115	0.119	0.112	0.112	0.110	0.115	0.112	0.112	0.246	0.304	0.301	0.207	0.255	0.246	0.214	0.245	0.240	0.207	0.241	0.244	0.239	0.255	0.256	0.205	0.231	0.227	0.287	0.320	0.315	0.188	0.214	0.199	0.243	0.286	0.299	0.259	0.282	0.274	0.308	0.362	0.354	0.222	0.254	0.255	0.241	0.292	0.290	0.110	0.128	0.107	0.113	0.110	0.110	0.116	0.117	0.112
16:28:05	0.720	0.728	0.727	0.705	0.704	0.691	0.703	0.709	0.707	0.708	0.709	0.709	0.820	0.808	0.830	0.649	0.655	0.655	0.706	0.704	0.700	0.707	0.710	0.705	0.715	0.722	0.729	0.710	0.703	0.700	0.735	0.741	0.708	0.702	0.704	0.714	0.697	0.709	0.705	0.110	0.115	0.119	0.112	0.112	0.111	0.115	0.112	0.112	0.247	0.304	0.301	0.208	0.253	0.246	0.213	0.246	0.240	0.209	0.240	0.245	0.238	0.254	0.256	0.206	0.230	0.227	0.289	0.319	0.315	0.188	0.211	0.200	0.245	0.287	0.301	0.258	0.282	0.278	0.308	0.363	0.359	0.223	0.253	0.257	0.241	0.294	0.291	0.110	0.128	0.107	0.113	0.111	0.111	0.115	0.117	0.112
16:38:05	0.722	0.734	0.719	0.712	0.703	0.683	0.706	0.706	0.710	0.709	0.704	0.703	0.824	0.800	0.818	0.643	0.642	0.646	0.707	0.709	0.705	0.710	0.705	0.705	0.703	0.711	0.728	0.707	0.702	0.705	0.737	0.733	0.709	0.700	0.702	0.707	0.701	0.705	0.704	0.110	0.115	0.119	0.112	0.112	0.111	0.115	0.112	0.112	0.245	0.304	0.303	0.209	0.255	0.246	0.213	0.246	0.238	0.207	0.243	0.245	0.239	0.255	0.256	0.206	0.231	0.227	0.289	0.320	0.317	0.188	0.213	0.199	0.243	0.287	0.300	0.259	0.282	0.276	0.309	0.363	0.356	0.223	0.252	0.254	0.243	0.293	0.289	0.110	0.128	0.107	0.113	0.110	0.111	0.115	0.117	0.112
16:48:05	0.720	0.734	0.727	0.713	0.708	0.694	0.704	0.710	0.711	0.709	0.713	0.714	0.816	0.813	0.829	0.651	0.659	0.655	0.708	0.706	0.704	0.712	0.714	0.708	0.716	0.725	0.736	0.706	0.708	0.706	0.742	0.743	0.711	0.704	0.707	0.721	0.701	0.713	0.709	0.110	0.115	0.119	0.112	0.112	0.111	0.115	0.112	0.112	0.249	0.306	0.302	0.207	0.255	0.247	0.214	0.246	0.241	0.210	0.241	0.245	0.239	0.253	0.259	0.205	0.231	0.229	0.290	0.323	0.319	0.188	0.213	0.199	0.244	0.288	0.302	0.259	0.283	0.279	0.312	0.364	0.359	0.224	0.254	0.258	0.242	0.294	0.291	0.110	0.128	0.107	0.113	0.110	0.111	0.115	0.117	0.112
16:58:05	0.723	0.737	0.725	0.713	0.710	0.686	0.708	0.713	0.714	0.710	0.714	0.716	0.817	0.803	0.830	0.648	0.653	0.651	0.709	0.710	0.702	0.712	0.712	0.706	0.710	0.720	0.735	0.701	0.709	0.707	0.742	0.738	0.710	0.706	0.708	0.714	0.698	0.710	0.707	0.110	0.115	0.119	0.112	0.112	0.111	0.115	0.112	0.112	0.248	0.305	0.303	0.210	0.255	0.246	0.213	0.246	0.240	0.209	0.242	0.246	0.239	0.254	0.258	0.206	0.230	0.228	0.287	0.321	0.314	0.189	0.213	0.200	0.244	0.289	0.300	0.260	0.282	0.278	0.311	0.364	0.360	0.223	0.255	0.257	0.243	0.293	0.292	0.111	0.128	0.107	0.113	0.110	0.111	0.116	0.117	0.112
17:08:05	0.724	0.734	0.731	0.713	0.708	0.695	0.712	0.716	0.717	0.715	0.717	0.718	0.822	0.805	0.838	0.648	0.651	0.653	0.712	0.714	0.709	0.715	0.716	0.705	0.716	0.726	0.734	0.703	0.708	0.709	0.742	0.742	0.714	0.711	0.711	0.714	0.706	0.712	0.708	0.110	0.115	0.119	0.112	0.112	0.110	0.115	0.112	0.112	0.248	0.308	0.304	0.209	0.255	0.247	0.215	0.245	0.241	0.210	0.241	0.244	0.239	0.254	0.258	0.205	0.231	0.229	0.290	0.321	0.317	0.190	0.213	0.200	0.244	0.286	0.302	0.260	0.281	0.279	0.309	0.365	0.359	0.225	0.255	0.258	0.244	0.292	0.291	0.110	0.128	0.107	0.113	0.110	0.110	0.115	0.117	0.112
17:18:05	0.723	0.738	0.725	0.716	0.707	0.688	0.712	0.713	0.716	0.713	0.711	0.712	0.828	0.802	0.841	0.647	0.648	0.648	0.710	0.708	0.709	0.717	0.713	0.706	0.711	0.717	0.730	0.703	0.706	0.707	0.742	0.738	0.711	0.709	0.711	0.713	0.707	0.693	0.705	0.110	0.115	0.119	0.112	0.112	0.111	0.115	0.112	0.112	0.248	0.306	0.304	0.210	0.256	0.248	0.214	0.247	0.241	0.210	0.243	0.244	0.239	0.253	0.255	0.207	0.231	0.229	0.288	0.323	0.319	0.190	0.215	0.200	0.245	0.287	0.301	0.259	0.283	0.277	0.310	0.365	0.359	0.224	0.255	0.258	0.244	0.295	0.291	0.110	0.128	0.107	0.113	0.110	0.111	0.115	0.117	0.112
17:28:05	0.722	0.741	0.728	0.714	0.709	0.692	0.713	0.717	0.716	0.717	0.719	0.723	0.824	0.805	0.839	0.654	0.653	0.653	0.709	0.714	0.710	0.718	0.716	0.710	0.713	0.724	0.729	0.698	0.709	0.710	0.743	0.743	0.713	0.709	0.714	0.716	0.706	0.711	0.709	0.110	0.115	0.119	0.112	0.112	0.110	0.115	0.112	0.112	0.250	0.306	0.306	0.209	0.256	0.248	0.214	0.247	0.242	0.210	0.242	0.246	0.239	0.254	0.257	0.206	0.231	0.230	0.290	0.321	0.318	0.189	0.214	0.200	0.245	0.288	0.302	0.258	0.283	0.280	0.312	0.366	0.360	0.225	0.255	0.258	0.245	0.295	0.292	0.110	0.128	0.107	0.113	0.110	0.111	0.116	0.117	0.112
17:38:05	0.726	0.732	0.732	0.713	0.712	0.698	0.712	0.717	0.716	0.719	0.716	0.722	0.830	0.808	0.844	0.655	0.658	0.655	0.709	0.713	0.709	0.712	0.718	0.717	0.722	0.728	0.740	0.714	0.710	0.708	0.748	0.746	0.719	0.712	0.712	0.724	0.702	0.712	0.714	0.110	0.115	0.119	0.112	0.112	0.110	0.115	0.112	0.112	0.249	0.307	0.305	0.209	0.255	0.247	0.216	0.247	0.240	0.210	0.243	0.247	0.238	0.256	0.257	0.207	0.233	0.231	0.292	0.326	0.319	0.190	0.214	0.201	0.245	0.289	0.302	0.259	0.284	0.279	0.312	0.366	0.363	0.226	0.256	0.258	0.243	0.297	0.293	0.111	0.128	0.108	0.113	0.111	0.111	0.116	0.117	0.112
17:48:05	0.726	0.741	0.728	0.718	0.713	0.698	0.714	0.718	0.716	0.714	0.717	0.720	0.819	0.806	0.843	0.652	0.656	0.653	0.711	0.713	0.707	0.715	0.719	0.717	0.722	0.730	0.738	0.712	0.714	0.708	0.743	0.749	0.715	0.713	0.717	0.725	0.700	0.712	0.714	0.110	0.115	0.119	0.112	0.112	0.110	0.115	0.112	0.112	0.250	0.308	0.305	0.210	0.256	0.247	0.213	0.245	0.240	0.210	0.243	0.246	0.240	0.255	0.259	0.207	0.232	0.231	0.290	0.322	0.320	0.189	0.213	0.200	0.246	0.289	0.303	0.257	0.286	0.281	0.312	0.366	0.362	0.226	0.256	0.259	0.245	0.296	0.292	0.110	0.128	0.107	0.113	0.111	0.111	0.115	0.117	0.112
17:58:05	0.730	0.739	0.724	0.720	0.710	0.692	0.714	0.714	0.718	0.718	0.716	0.720	0.817	0.796	0.824	0.647	0.644	0.646	0.712	0.714	0.711	0.720	0.717	0.712	0.712	0.719	0.739	0.712	0.713	0.712	0.744	0.735	0.718	0.712	0.713	0.714	0.702	0.707	0.704	0.110	0.115	0.119	0.112	0.112	0.110	0.115	0.112	0.112	0.250	0.307	0.307	0.210	0.257	0.248	0.216	0.247	0.243	0.210	0.243	0.247	0.239	0.255	0.257	0.207	0.232	0.230	0.291	0.324	0.319	0.190	0.214	0.200	0.244	0.287	0.303	0.259	0.284	0.279	0.311	0.366	0.360	0.226	0.256	0.256	0.246	0.296	0.293	0.111	0.128	0.107	0.113	0.110	0.111	0.115	0.117	0.112
18:08:05	0.729	0.743	0.726	0.722	0.713	0.696	0.715	0.717	0.718	0.721	0.719	0.721	0.815	0.797	0.824	0.651	0.653	0.646	0.710	0.713	0.707	0.720	0.719	0.713	0.722	0.727	0.740	0.707	0.719	0.708	0.744	0.746	0.719	0.713	0.715	0.720	0.705	0.714	0.712	0.110	0.115	0.119	0.112	0.112	0.110	0.115	0.112	0.112	0.250	0.310	0.306	0.210	0.258	0.248	0.215	0.248	0.241	0.211	0.243	0.247	0.240	0.257	0.258	0.206	0.233	0.231	0.292	0.323	0.320	0.189	0.212	0.201	0.244	0.289	0.305	0.259	0.283	0.280	0.313	0.367	0.364	0.228	0.257	0.258	0.246	0.296	0.294	0.111	0.128	0.107	0.113	0.110	0.110	0.115	0.117	0.112
18:18:05	0.727	0.745	0.728	0.723	0.715	0.698	0.716	0.718	0.719	0.723	0.723	0.728	0.814	0.800	0.820	0.653	0.652	0.647	0.711	0.715	0.708	0.723	0.720	0.716	0.718	0.726	0.742	0.705	0.716	0.709	0.742	0.741	0.716	0.711	0.717	0.720	0.707	0.713	0.713	0.110	0.115	0.119	0.112	0.112	0.110	0.115	0.112	0.112	0.251	0.309	0.307	0.210	0.257	0.248	0.216	0.247	0.242	0.211	0.244	0.248	0.240	0.257	0.257	0.208	0.232	0.231	0.290	0.322	0.321	0.188	0.213	0.201	0.246	0.288	0.304	0.260	0.285	0.278	0.312	0.367	0.362	0.226	0.257	0.258	0.245	0.297	0.294	0.110	0.128	0.107	0.113	0.110	0.110	0.115	0.117	0.111
18:28:05	0.734	0.744	0.732	0.723	0.714	0.702	0.718	0.723	0.721	0.724	0.726	0.725	0.814	0.800	0.818	0.653	0.655	0.651	0.715	0.716	0.711	0.725	0.727	0.721	0.723	0.734	0.743	0.713	0.722	0.712	0.751	0.754	0.721	0.714	0.718	0.725	0.701	0.714	0.718	0.110	0.115	0.119	0.112	0.112	0.110	0.115	0.112	0.112	0.253	0.312	0.309	0.210	0.257	0.250	0.216	0.247	0.242	0.212	0.244	0.248	0.240	0.254	0.258	0.207	0.233	0.232	0.294	0.325	0.322	0.190	0.213	0.201	0.246	0.291	0.302	0.258	0.285	0.280	0.314	0.368	0.364	0.226	0.257	0.259	0.246	0.297	0.295	0.110	0.128	0.107	0.113	0.110	0.111	0.115	0.117	0.112
18:38:05	0.732	0.745	0.732	0.723	0.716	0.700	0.721	0.721	0.723	0.722	0.724	0.727	0.812	0.800	0.810	0.648	0.651	0.648	0.713	0.716	0.711	0.724	0.724	0.717	0.723	0.731	0.740	0.713	0.720	0.709	0.747	0.750	0.722	0.711	0.716	0.721	0.707	0.712	0.714	0.110	0.115	0.119	0.112	0.112	0.110	0.115	0.112	0.112	0.252	0.310	0.307	0.213	0.259	0.250	0.215	0.247	0.242	0.213	0.243	0.247	0.240	0.255	0.256	0.208	0.234	0.233	0.291	0.325	0.322	0.189	0.213	0.201	0.246	0.291	0.305	0.258	0.286	0.280	0.316	0.368	0.367	0.227	0.257	0.259	0.246	0.297	0.293	0.110	0.128	0.107	0.113	0.110	0.110	0.115	0.117	0.112
18:48:05	0.736	0.748	0.735	0.724	0.719	0.703	0.720	0.724	0.726	0.722	0.729	0.727	0.819	0.805	0.814	0.650	0.655	0.654	0.717	0.719	0.714	0.728	0.731	0.720	0.725	0.735	0.747	0.720	0.721	0.714	0.751	0.756	0.725	0.718	0.720	0.724	0.704	0.712	0.717	0.110	0.115	0.119	0.112	0.112	0.110	0.115	0.112	0.112	0.252	0.311	0.307	0.211	0.258	0.248	0.216	0.247	0.241	0.212	0.244	0.249	0.240	0.255	0.257	0.208	0.234	0.232	0.292	0.327	0.321	0.189	0.214	0.201	0.245	0.291	0.305	0.258	0.288	0.282	0.312	0.372	0.367	0.226	0.258	0.260	0.246	0.299	0.293	0.110	0.128	0.107	0.113	0.110	0.110	0.115	0.117	0.112
18:58:05	0.736	0.747	0.727	0.726	0.713	0.699	0.720	0.720	0.722	0.722	0.723	0.722	0.818	0.802	0.806	0.646	0.646	0.645	0.714	0.715	0.708	0.727	0.722	0.718	0.722	0.724	0.740	0.712	0.716	0.710	0.745	0.748	0.717	0.713	0.716	0.718	0.707	0.712	0.711	0.110	0.115	0.119	0.112	0.112	0.110	0.115	0.112	0.112	0.251	0.309	0.309	0.211	0.259	0.249	0.215	0.247	0.241	0.212	0.245	0.249	0.239	0.253	0.257	0.208	0.234	0.233	0.291	0.328	0.322	0.190	0.214	0.201	0.245	0.289	0.305	0.259	0.287	0.281	0.315	0.368	0.363	0.227	0.259	0.259	0.246	0.298	0.294	0.110	0.128	0.107	0.113	0.110	0.110	0.115	0.117	0.111
19:08:05	0.739	0.747	0.722	0.726	0.714	0.699	0.720	0.721	0.723	0.723	0.721	0.726	0.816	0.805	0.804	0.645	0.646	0.647	0.715	0.716	0.709	0.728	0.722	0.718	0.721	0.723	0.739	0.717	0.725	0.712	0.746	0.748	0.723	0.714	0.716	0.722	0.702	0.713	0.716	0.110	0.115	0.119	0.112	0.112	0.110	0.114	0.112	0.112	0.252	0.313	0.309	0.211	0.259	0.250	0.216	0.247	0.242	0.212	0.245	0.248	0.238	0.255	0.255	0.207	0.234	0.233	0.290	0.326	0.321	0.191	0.213	0.202	0.246	0.290	0.304	0.260	0.285	0.281	0.315	0.370	0.367	0.228	0.259	0.259	0.249	0.299	0.293	0.110	0.128	0.107	0.113	0.110	0.110	0.115	0.117	0.111
19:18:05	0.736	0.748	0.730	0.728	0.718	0.703	0.723	0.720	0.722	0.727	0.724	0.725	0.812	0.815	0.810	0.648	0.651	0.642	0.715	0.720	0.713	0.728	0.727	0.719	0.717	0.724	0.741	0.711	0.724	0.711	0.751	0.749	0.722	0.715	0.718	0.719	0.708	0.712	0.710	0.110	0.115	0.119	0.112	0.112	0.110	0.115	0.112	0.112	0.254	0.312	0.309	0.212	0.260	0.250	0.216	0.248	0.242	0.213	0.246	0.248	0.240	0.254	0.255	0.209	0.233	0.234	0.290	0.328	0.321	0.191	0.214	0.202	0.247	0.288	0.306	0.260	0.285	0.282	0.316	0.370	0.365	0.229	0.258	0.260	0.245	0.301	0.294	0.110	0.128	0.107	0.113	0.110	0.110	0.116	0.117	0.112
19:28:05	0.745	0.753	0.742	0.727	0.721	0.709	0.728	0.726	0.724	0.728	0.730	0.725	0.812	0.822	0.815	0.652	0.655	0.653	0.716	0.725	0.718	0.734	0.733	0.723	0.727	0.734	0.748	0.727	0.731	0.722	0.752	0.754	0.726	0.719	0.722	0.725	0.716	0.717	0.716	0.110	0.115	0.119	0.112	0.112	0.110	0.115	0.112	0.112	0.252	0.314	0.312	0.213	0.257	0.251	0.216	0.247	0.242	0.214	0.246	0.251	0.240	0.257	0.258	0.211	0.233	0.234	0.295	0.329	0.325	0.189	0.215	0.202	0.249	0.290	0.306	0.258	0.287	0.282	0.315	0.371	0.371	0.229	0.258	0.261	0.250	0.299	0.296	0.110	0.127	0.107	0.113	0.110	0.110	0.115	0.117	0.112
19:38:05	0.744	0.752	0.737	0.726	0.720	0.711	0.724	0.728	0.731	0.732	0.731	0.730	0.808	0.820	0.820	0.654	0.653	0.652	0.712	0.717	0.716	0.731	0.735	0.722	0.729	0.735	0.750	0.721	0.730	0.716	0.756	0.752	0.722	0.720	0.720	0.725	0.715	0.717	0.717	0.110	0.115	0.119	0.112	0.112	0.110	0.115	0.111	0.112	0.253	0.313	0.309	0.212	0.259	0.251	0.217	0.249	0.242	0.212	0.246	0.251	0.239	0.257	0.258	0.209	0.235	0.234	0.293	0.328	0.324	0.191	0.214	0.203	0.246	0.292	0.306	0.259	0.285	0.282	0.316	0.371	0.368	0.228	0.257	0.261	0.249	0.301	0.297	0.110	0.127	0.107	0.113	0.110	0.111	0.115	0.117	0.112
19:48:05	0.748	0.751	0.731	0.731	0.718	0.703	0.724	0.721	0.723	0.725	0.722	0.725	0.811	0.805	0.816	0.647	0.646	0.647	0.716	0.718	0.711	0.735	0.729	0.727	0.723	0.721	0.747	0.719	0.728	0.712	0.747	0.750	0.726	0.717	0.721	0.723	0.702	0.711	0.716	0.110	0.115	0.119	0.112	0.112	0.110	0.114	0.112	0.112	0.252	0.315	0.311	0.213	0.260	0.250	0.217	0.248	0.244	0.212	0.246	0.250	0.240	0.256	0.257	0.208	0.233	0.235	0.294	0.329	0.323	0.190	0.213	0.202	0.245	0.291	0.304	0.259	0.285	0.282	0.316	0.371	0.369	0.230	0.260	0.260	0.250	0.301	0.296	0.110	0.127	0.107	0.113	0.110	0.110	0.115	0.117	0.112
19:58:05	0.748	0.750	0.727	0.726	0.718	0.704	0.725	0.721	0.722	0.728	0.725	0.719	0.806	0.799	0.823	0.646	0.652	0.642	0.711	0.717	0.711	0.733	0.728	0.726	0.720	0.723	0.746	0.715	0.728	0.708	0.749	0.745	0.725	0.719	0.717	0.722	0.709	0.710	0.714	0.110	0.115	0.119	0.112	0.112	0.110	0.114	0.112	0.112	0.254	0.313	0.311	0.213	0.262	0.252	0.217	0.248	0.243	0.213	0.247	0.251	0.240	0.255	0.256	0.209	0.236	0.235	0.295	0.329	0.326	0.189	0.212	0.202	0.247	0.291	0.307	0.260	0.287	0.283	0.316	0.371	0.368	0.229	0.262	0.261	0.249	0.301	0.296	0.110	0.128	0.107	0.112	0.110	0.110	0.115	0.117	0.111
20:08:05	0.752	0.752	0.737	0.729	0.722	0.710	0.722	0.729	0.727	0.731	0.727	0.728	0.808	0.813	0.825	0.652	0.654	0.650	0.713	0.716	0.712	0.736	0.736	0.728	0.728	0.732	0.753	0.724	0.730	0.716	0.756	0.752	0.727	0.721	0.724	0.728	0.716	0.718	0.718	0.110	0.115	0.119	0.112	0.112	0.110	0.114	0.112	0.112	0.253	0.314	0.314	0.214	0.258	0.252	0.217	0.247	0.242	0.212	0.246	0.252	0.241	0.258	0.258	0.210	0.236	0.235	0.297	0.331	0.325	0.191	0.216	0.202	0.247	0.293	0.305	0.257	0.285	0.284	0.317	0.373	0.370	0.230	0.259	0.262	0.250	0.301	0.297	0.110	0.128	0.107	0.113	0.110	0.110	0.115	0.117	0.111
20:18:05	0.747	0.750	0.739	0.728	0.720	0.708	0.724	0.725	0.730	0.734	0.729	0.726	0.804	0.808	0.824	0.651	0.650	0.648	0.709	0.717	0.711	0.735	0.736	0.729	0.725	0.732	0.749	0.717	0.728	0.711	0.751	0.750	0.721	0.717	0.717	0.728	0.712	0.714	0.716	0.109	0.115	0.119	0.112	0.112	0.110	0.114	0.111	0.112	0.254	0.314	0.312	0.212	0.261	0.250	0.217	0.248	0.243	0.215	0.247	0.252	0.240	0.255	0.256	0.210	0.235	0.235	0.295	0.330	0.324	0.191	0.213	0.203	0.248	0.292	0.306	0.259	0.284	0.284	0.318	0.371	0.371	0.229	0.260	0.261	0.250	0.301	0.297	0.110	0.127	0.107	0.112	0.110	0.110	0.115	0.117	0.111
20:28:05	0.745	0.754	0.740	0.729	0.725	0.713	0.728	0.725	0.729	0.730	0.734	0.727	0.809	0.808	0.825	0.648	0.652	0.648	0.709	0.715	0.710	0.736	0.736	0.726	0.729	0.731	0.747	0.723	0.723	0.713	0.752	0.748	0.724	0.719	0.719	0.726	0.710	0.715	0.717	0.110	0.115	0.119	0.112	0.112	0.110	0.114	0.112	0.112	0.253	0.316	0.311	0.214	0.262	0.252	0.217	0.247	0.242	0.215	0.247	0.252	0.241	0.255	0.258	0.210	0.234	0.235	0.295	0.332	0.325	0.190	0.213	0.203	0.246	0.293	0.308	0.258	0.287	0.284	0.319	0.374	0.372	0.228	0.260	0.263	0.251	0.300	0.299	0.110	0.127	0.107	0.113	0.110	0.110	0.116	0.117	0.112
20:38:05	0.744	0.753	0.740	0.726	0.723	0.712	0.725	0.728	0.726	0.736	0.729	0.732	0.809	0.813	0.824	0.650	0.655	0.653	0.704	0.709	0.707	0.735	0.737	0.726	0.727	0.736	0.750	0.720	0.725	0.710	0.748	0.749	0.725	0.720	0.723	0.730	0.715	0.713	0.720	0.110	0.115	0.119	0.112	0.112	0.110	0.114	0.112	0.112	0.254	0.315	0.313	0.213	0.259	0.251	0.218	0.249	0.242	0.214	0.247	0.253	0.240	0.257	0.257	0.210	0.236	0.236	0.296	0.331	0.325	0.190	0.213	0.203	0.248	0.291	0.308	0.257	0.286	0.284	0.319	0.371	0.375	0.229	0.260	0.262	0.252	0.298	0.297	0.110	0.127	0.107	0.113	0.110	0.110	0.115	0.117	0.112
20:48:05	0.746	0.751	0.738	0.725	0.724	0.715	0.727	0.728	0.730	0.737	0.733	0.734	0.807	0.809	0.823	0.648	0.650	0.648	0.702	0.711	0.705	0.736	0.739	0.725	0.726	0.735	0.748	0.704	0.727	0.707	0.747	0.744	0.725	0.719	0.721	0.726	0.713	0.714	0.716	0.110	0.115	0.118	0.112	0.112	0.110	0.114	0.111	0.112	0.256	0.315	0.311	0.215	0.260	0.251	0.216	0.247	0.241	0.214	0.247	0.253	0.241	0.256	0.257	0.210	0.235	0.235	0.296	0.330	0.325	0.191	0.215	0.203	0.247	0.292	0.307	0.258	0.287	0.283	0.318	0.373	0.372	0.229	0.262	0.261	0.252	0.300	0.297	0.110	0.127	0.107	0.112	0.110	0.110	0.115	0.117	0.111
20:58:05	0.744	0.753	0.737	0.725	0.725	0.713	0.727	0.728	0.730	0.736	0.731	0.732	0.806	0.809	0.821	0.650	0.652	0.651	0.697	0.704	0.701	0.738	0.740	0.727	0.726	0.729	0.751	0.710	0.724	0.711	0.740	0.741	0.728	0.722	0.717	0.726	0.712	0.707	0.716	0.110	0.115	0.118	0.112	0.112	0.110	0.114	0.111	0.112	0.254	0.316	0.311	0.215	0.261	0.252	0.216	0.247	0.243	0.215	0.248	0.252	0.240	0.256	0.256	0.211	0.237	0.237	0.297	0.333	0.327	0.191	0.214	0.202	0.248	0.292	0.307	0.257	0.289	0.282	0.317	0.373	0.374	0.230	0.260	0.260	0.250	0.300	0.299	0.110	0.127	0.107	0.112	0.110	0.110	0.115	0.117	0.112
21:08:05	0.745	0.750	0.733	0.730	0.718	0.708	0.727	0.721	0.724	0.730	0.730	0.729	0.812	0.803	0.819	0.643	0.647	0.642	0.697	0.704	0.696	0.738	0.734	0.729	0.719	0.723	0.745	0.708	0.722	0.707	0.738	0.733	0.723	0.720	0.719	0.727	0.708	0.710	0.714	0.110	0.115	0.119	0.112	0.112	0.110	0.114	0.111	0.112	0.255	0.315	0.310	0.213	0.260	0.251	0.218	0.249	0.244	0.213	0.248	0.252	0.238	0.255	0.256	0.211	0.236	0.237	0.295	0.332	0.326	0.192	0.212	0.203	0.247	0.293	0.307	0.258	0.285	0.284	0.319	0.370	0.372	0.228	0.261	0.262	0.251	0.301	0.298	0.110	0.127	0.107	0.112	0.110	0.110	0.115	0.117	0.111
21:18:05	0.744	0.748	0.726	0.728	0.720	0.707	0.721	0.722	0.722	0.728	0.727	0.726	0.810	0.795	0.816	0.640	0.648	0.636	0.685	0.697	0.688	0.738	0.732	0.731	0.714	0.717	0.743	0.705	0.720	0.706	0.724	0.726	0.721	0.719	0.712	0.720	0.708	0.705	0.712	0.110	0.115	0.119	0.112	0.112	0.110	0.114	0.111	0.112	0.254	0.316	0.311	0.213	0.262	0.252	0.219	0.248	0.245	0.214	0.247	0.252	0.239	0.255	0.256	0.210	0.237	0.236	0.294	0.330	0.326	0.191	0.213	0.204	0.248	0.293	0.305	0.260	0.286	0.284	0.318	0.372	0.372	0.230	0.261	0.262	0.251	0.301	0.299	0.110	0.127	0.107	0.113	0.110	0.110	0.115	0.117	0.112
21:28:05	0.744	0.747	0.726	0.728	0.720	0.711	0.720	0.719	0.721	0.727	0.726	0.723	0.814	0.790	0.811	0.638	0.643	0.647	0.686	0.696	0.690	0.741	0.734	0.729	0.712	0.716	0.744	0.708	0.719	0.707	0.723	0.725	0.722	0.717	0.716	0.721	0.706	0.698	0.704	0.110	0.115	0.118	0.112	0.112	0.110	0.114	0.111	0.112	0.255	0.316	0.312	0.213	0.262	0.250	0.218	0.249	0.244	0.215	0.247	0.251	0.241	0.257	0.258	0.211	0.237	0.236	0.295	0.332	0.324	0.190	0.214	0.204	0.248	0.296	0.307	0.258	0.287	0.286	0.319	0.374	0.372	0.229	0.261	0.262	0.253	0.300	0.299	0.110	0.127	0.107	0.112	0.109	0.110	0.115	0.117	0.111
21:38:05	0.736	0.744	0.727	0.723	0.722	0.712	0.722	0.723	0.724	0.733	0.733	0.735	0.800	0.810	0.820	0.647	0.651	0.652	0.688	0.694	0.694	0.741	0.742	0.729	0.721	0.724	0.747	0.714	0.720	0.703	0.733	0.732	0.727	0.721	0.719	0.727	0.709	0.710	0.709	0.110	0.115	0.119	0.112	0.112	0.110	0.114	0.111	0.112	0.253	0.317	0.314	0.213	0.260	0.252	0.218	0.248	0.243	0.215	0.247	0.253	0.242	0.256	0.257	0.212	0.237	0.237	0.298	0.332	0.328	0.191	0.212	0.204	0.249	0.296	0.307	0.258	0.287	0.284	0.322	0.372	0.378	0.228	0.263	0.263	0.252	0.302	0.300	0.110	0.127	0.107	0.113	0.110	0.110	0.115	0.117	0.111
21:48:05	0.745	0.747	0.731	0.726	0.722	0.712	0.723	0.728	0.725	0.734	0.732	0.733	0.807	0.805	0.820	0.646	0.652	0.651	0.692	0.696	0.693	0.739	0.746	0.730	0.724	0.729	0.747	0.713	0.722	0.709	0.731	0.731	0.726	0.721	0.719	0.724	0.713	0.702	0.711	0.110	0.114	0.118	0.112	0.112	0.110	0.114	0.111	0.112	0.256	0.316	0.314	0.212	0.260	0.254	0.216	0.250	0.241	0.215	0.249	0.251	0.240	0.258	0.258	0.213	0.237	0.236	0.298	0.333	0.326	0.191	0.212	0.204	0.248	0.294	0.308	0.257	0.287	0.283	0.321	0.373	0.375	0.229	0.261	0.261	0.251	0.299	0.299	0.110	0.127	0.107	0.112	0.110	0.110	0.115	0.117	0.111
21:58:05	0.740	0.744	0.726	0.725	0.722	0.712	0.728	0.723	0.727	0.735	0.733	0.727	0.806	0.797	0.817	0.641	0.648	0.645	0.684	0.693	0.688	0.742	0.745	0.726	0.720	0.719	0.743	0.709	0.719	0.702	0.728	0.724	0.723	0.722	0.716	0.720	0.709	0.705	0.709	0.109	0.114	0.118	0.112	0.112	0.110	0.114	0.111	0.112	0.254	0.317	0.316	0.215	0.262	0.253	0.217	0.247	0.242	0.215	0.249	0.252	0.241	0.258	0.256	0.213	0.237	0.237	0.296	0.331	0.327	0.191	0.213	0.204	0.246	0.295	0.308	0.258	0.287	0.282	0.320	0.372	0.376	0.229	0.262	0.262	0.252	0.300	0.299	0.110	0.127	0.107	0.112	0.110	0.110	0.115	0.117	0.111
22:08:05	0.737	0.738	0.712	0.726	0.719	0.706	0.723	0.723	0.727	0.731	0.733	0.724	0.808	0.794	0.813	0.638	0.642	0.643	0.679	0.688	0.682	0.741	0.740	0.725	0.710	0.713	0.742	0.703	0.712	0.696	0.715	0.718	0.717	0.717	0.715	0.721	0.705	0.702	0.705	0.110	0.115	0.118	0.112	0.112	0.110	0.114	0.111	0.112	0.254	0.317	0.311	0.214	0.262	0.254	0.217	0.251	0.244	0.214	0.249	0.251	0.242	0.255	0.254	0.210	0.238	0.238	0.296	0.333	0.328	0.190	0.213	0.203	0.247	0.295	0.308	0.258	0.286	0.283	0.321	0.374	0.377	0.229	0.264	0.262	0.254	0.299	0.299	0.110	0.127	0.107	0.112	0.110	0.110	0.115	0.117	0.111
22:18:05	0.740	0.741	0.712	0.724	0.720	0.710	0.721	0.723	0.723	0.731	0.734	0.733	0.805	0.799	0.820	0.643	0.650	0.643	0.684	0.689	0.689	0.743	0.746	0.727	0.711	0.717	0.741	0.705	0.712	0.701	0.719	0.721	0.719	0.720	0.717	0.725	0.706	0.701	0.707	0.109	0.114	0.118	0.112	0.111	0.110	0.114	0.111	0.112	0.255	0.317	0.313	0.214	0.261	0.254	0.218	0.248	0.243	0.216	0.250	0.252	0.241	0.256	0.257	0.211	0.238	0.238	0.298	0.335	0.329	0.191	0.212	0.204	0.246	0.297	0.308	0.259	0.290	0.283	0.321	0.372	0.377	0.229	0.262	0.262	0.252	0.301	0.299	0.110	0.127	0.107	0.112	0.109	0.110	0.115	0.117	0.111
0:00:00																																																																																																
0:00:00																																																																																																
0:00:00																																																																																																
0:00:00																																																																																																
0:00:00																																																																																																
0:00:00																																																																																																
0:00:00																																																																																																
0:00:00																																																																																																
0:00:00																																																																																																
0:00:00																																																																																																
0:00:00																																																																																																
0:00:00																																																																																																
0:00:00																																																																																																
0:00:00																																																																																																
0:00:00																																																																																																
0:00:00																																																																																																
0:00:00																																																																																																
0:00:00																																																																																																
0:00:00																																																																																																
0:00:00																																																																																																

