EGFP:488,507[2]

Kinetic read	A1	A2	A3	A4	A5	A6	A7	A8	A9	A10	A11	A12	B1	B2	B3	B4	B5	B6	B7	B8	B9	B10	B11	B12	C1	C2	C3	C4	C5	C6	C7	C8	C9	C10	C11	C12	D1	D2	D3	D4	D5	D6	D7	D8	D9	D10	D11	D12	E1	E2	E3	E4	E5	E6	E7	E8	E9	E10	E11	E12	F1	F2	F3	F4	F5	F6	F7	F8	F9	F10	F11	F12	G1	G2	G3	G4	G5	G6	G7	G8	G9	G10	G11	G12	H1	H2	H3	H4	H5	H6	H7	H8	H9	H10	H11	H12
0:09:18	3072	2933	2894	2947	3098	3027	2804	2967	2828	2887	3064	2959	6999	7045	7180	2932	3103	2946	3006	2970	2860	2980	2911	3150	2935	2865	2930	3091	3057	2964	3147	3193	2979	2995	2986	3174	4364	4416	4297	2907	2897	2900	3033	2887	2815	2981	2934	2956	2918	2861	2982	2821	3179	3021	2939	2753	2885	2771	2926	2737	6283	7138	6938	2688	2911	2872	2888	2938	2882	2928	2994	3154	2973	2897	2759	2878	2835	2786	3084	3363	3107	2826	2971	2910	4430	4887	5361	2740	2852	2853	2803	3028	2888	2755	2628	2704
0:19:18	2941	2963	2939	2937	3009	2977	2961	3021	3062	2985	3116	2958	8165	7393	8015	3099	3014	2939	3050	2926	2987	3003	2934	3004	2731	3053	2986	3000	2925	2970	3295	3187	3042	2865	2945	3033	4429	5560	5521	2923	2939	2929	3073	2871	2932	3113	2883	2976	2830	2929	2983	2897	3184	2850	2846	2968	2825	2801	2892	2990	8036	7857	7472	2940	2818	2945	2770	2784	2939	3034	3071	3188	2906	2898	2785	2831	2902	2753	3101	3355	2923	2889	2710	3018	4589	4623	8196	2838	2918	2809	2797	2809	2758	2804	2710	2862
0:29:18	2942	2891	3055	3063	3149	2976	3091	3009	2978	2988	2977	2880	7907	7855	16438	2893	2930	2815	3107	2990	3053	3118	3146	3038	2988	2927	2902	3073	2971	3015	3487	3181	3178	2990	2952	3036	4528	7638	7225	2843	2979	2806	3056	2826	3023	3014	2841	2910	2922	2746	2913	3001	3246	2942	2942	2866	2870	2971	2871	2832	7925	8065	7772	2807	2893	3022	2807	2974	2761	3045	3150	3167	2854	2955	2801	2888	2857	2858	3002	3428	3151	2856	2841	3051	4502	4715	9130	2802	2734	2815	2587	2891	2881	2861	2776	2801
0:39:18	2899	2916	2989	3102	3057	2975	2986	3068	2975	2958	3015	2962	9836	8483	21865	2974	3082	3054	3018	3045	2987	3281	3052	3142	2952	2905	3073	2902	2947	3145	3442	3283	3154	2977	2998	3018	4778	8150	8354	2844	2941	2746	2995	2816	2821	3087	2837	2901	2913	2903	3018	2847	3193	2982	2869	2943	2840	2805	3012	2921	9452	8296	8346	2733	2963	2861	3002	2733	2779	2980	3042	3068	2924	2968	2872	2846	2899	2812	3016	3187	3133	2803	2882	2974	4898	5018	6457	2748	2864	2848	2720	2694	2709	2716	2758	2776
0:49:18	2820	2874	3124	3086	3001	2887	3162	3082	3064	2996	3066	2814	9052	8884	23884	2911	2944	3087	3013	2885	3138	3261	3200	3115	2949	3000	3045	3067	2984	2997	3575	3522	3064	3139	2928	3017	5048	8432	8760	2857	2854	2893	2993	2744	2757	2949	2948	2873	2941	2873	2960	3138	3078	3023	2975	2875	2835	2948	2860	2964	9174	8611	8588	2824	2954	2894	2861	2832	2855	3023	2947	3136	2902	2837	2749	2924	2950	2884	3164	3159	3136	2943	2847	2991	5038	4958	5025	2851	2779	2927	2751	2751	2810	2832	2872	2765
0:59:18	2896	2940	3012	3087	3063	3136	3134	3298	3160	3150	3086	2989	9632	9821	24158	3157	3013	3020	3009	2945	3026	3158	3199	3188	2915	2769	3030	3040	3197	3047	3501	3354	3206	3086	2941	3083	5093	7917	8188	3086	2838	2852	3067	2937	2798	2855	2906	2911	2920	2992	2891	3020	2923	3003	2977	2900	2908	2965	3041	2987	9292	9320	8906	2925	3013	2818	2895	2909	2840	2958	2874	3267	2955	2948	2747	2903	3014	2947	3102	3292	3160	2836	2794	2896	5293	5407	4863	2719	2828	2899	2842	2827	3000	2772	2714	2710
1:09:18	2932	2862	2909	3249	3092	3072	3005	2964	3086	3073	3051	2971	10640	10998	24919	3056	2890	3014	2966	2995	2993	3164	3006	3202	2975	3084	3121	2859	2960	3076	3326	3355	3214	3086	2953	3159	5403	5836	7552	2793	2819	2767	2984	3027	2876	3037	2802	3049	2919	2997	3046	3046	3069	3086	2812	2877	2970	2914	3067	2926	9389	10024	9744	2886	2809	2882	2946	2919	2803	2965	3000	3168	2835	2877	2983	2971	2866	2873	3104	3270	3362	2972	3066	2994	5626	5663	5120	2806	2697	2788	2653	2792	2815	2719	2795	2684
1:19:18	3168	3041	3051	3296	3080	3111	2996	3015	3017	3067	2951	2966	11612	11787	24557	3098	3018	3014	2935	3118	3099	3038	3091	3147	2869	3026	2947	3025	3062	2958	3272	3391	3191	3095	2995	3068	5578	5899	6368	2873	2928	2913	2934	2891	2889	2949	2851	2899	2926	3001	3022	2943	2973	2846	2975	3021	2888	2907	2936	2766	9813	11097	10124	2904	2913	2811	2904	2950	2842	2973	2995	3139	2879	3011	2933	2917	2968	2799	3221	3281	3248	3075	3042	3071	5724	6276	5168	2853	2800	2757	2965	2718	2767	2802	2754	2730
1:29:18	3031	3007	3179	3132	3168	3082	3157	3005	2987	3067	3019	2947	12277	12127	19805	2975	2956	2988	2925	3013	3052	3085	3106	3226	2930	2941	3093	2937	3181	3046	3518	3445	3205	3133	2968	3105	5767	6028	6025	2821	2840	2932	3048	2827	2881	2956	2795	3066	2852	2978	3036	2869	2979	3104	2911	2940	2933	2939	3029	2825	10323	11745	10947	2848	2904	2769	3012	2985	3003	2906	3081	3215	2936	2849	2852	2936	2937	2972	3265	3469	3228	3045	2976	2982	5811	7503	5689	2806	2767	2832	2807	2852	2815	2841	2970	2785
1:39:18	3045	3012	3046	3148	3117	3088	3042	3091	3083	2791	3030	3007	13051	13036	15507	3041	2907	2918	3079	2971	2988	3071	3073	3130	3014	3024	3047	3040	3057	2823	3433	3433	3336	3170	3040	3084	5901	6113	6514	2872	2872	2897	3015	2824	2832	2996	2734	2812	3008	2932	3088	3068	3099	3015	2855	2976	2844	2902	2769	2928	10824	12396	11607	2716	3017	2844	3066	3055	2933	3103	3191	3214	2962	2967	2847	2846	2836	2932	3286	3318	3389	2999	2929	2960	6092	6416	5686	2877	2749	2907	2735	2704	2864	2704	2720	2651
1:49:18	3085	2975	3127	3308	3043	3245	2994	2942	2993	3087	3032	2999	14349	13466	15991	2986	2901	3032	2879	3085	3026	3062	3083	3272	2856	2948	2991	3002	2993	3116	3412	3692	3215	3102	2950	3025	6548	6568	6481	2901	2988	2880	2942	2889	2778	2946	2847	2860	2986	3125	2990	2829	3065	3273	2873	2988	2936	2871	2981	2968	11304	13157	12410	2946	2836	2963	3060	3108	3035	3014	3007	3144	3037	2927	2982	2943	2946	2821	3178	3461	3332	3092	3121	3030	6166	7100	6029	2832	2751	2721	2661	2722	2872	2697	2761	2872
1:59:18	3239	3035	3055	3166	3161	3169	3019	2998	3006	3037	2981	3078	15115	14972	16388	3099	3166	3048	2979	3040	3075	3069	3101	3172	2967	2954	3070	2992	3038	2983	3630	3615	3321	3110	3107	3098	6905	6698	6921	2859	3013	2816	3019	2788	2892	3006	2771	2834	3061	3040	3063	2922	3081	3062	2962	2984	2837	2776	2873	2812	11946	13971	13308	3051	2946	2919	3037	3035	2845	2930	3094	3082	2964	2963	2893	2946	2860	3177	3364	3586	3430	2990	2980	3071	6386	7127	6162	2737	2801	2688	2756	2844	2822	2776	2804	2829
2:09:18	2990	3118	3051	3317	3157	3218	3128	3119	3043	3120	2987	3147	16507	15978	17653	3096	3090	2989	2970	3168	3225	3116	3209	3223	2914	2790	3073	3065	2983	3116	3761	3665	3253	3079	3094	3094	7192	7281	7328	2976	2896	2836	2953	2908	2844	2994	2846	2996	3020	3013	3058	3070	2998	3138	3016	2870	2779	3044	2954	3016	12501	14568	13529	3014	2973	2970	3039	3034	2976	3078	3000	3315	3240	2952	2936	3081	3005	2918	3293	3467	3561	2899	2884	3005	6330	6655	6551	2793	2810	2835	2821	2861	2772	2709	2617	2819
2:19:18	3207	3196	3163	3270	3243	3147	2956	3152	3000	2959	3017	2978	17569	17409	18964	3071	2961	3044	3069	3098	2912	3058	3166	3217	3033	3006	2998	3047	3073	3077	3712	3710	3386	2955	3120	3011	7539	7465	7623	2936	2937	2810	2991	2801	2660	2845	2824	2941	2943	3180	3100	2857	3044	3057	3100	2967	2888	2940	2957	2944	12712	15057	14044	3110	2977	2917	3052	3067	3025	3122	3060	3158	3015	2943	2971	2976	2895	2971	3378	3577	3487	3062	3046	3125	6243	6912	6638	2763	2594	2850	2770	2921	2768	2796	2841	2721
2:29:18	3245	3171	3185	3265	3183	3113	3190	3168	2966	2990	2996	3047	18645	18326	19953	2984	3078	3101	3083	3193	3252	3083	3044	3305	2971	3141	3206	3199	3119	3093	3956	3955	3511	3027	3095	3049	8032	7798	8053	2884	2872	2790	3107	2887	2878	2770	2783	3004	3007	3142	3127	3045	3173	3163	2970	2938	3079	2879	3037	2932	13478	15913	15132	2978	2941	3028	3018	3039	3203	3189	3123	3318	3090	2953	2934	2898	2967	2930	3412	3542	3571	3050	2922	2984	6451	6973	6627	2831	2795	2625	2670	2745	2778	2894	2906	2804
2:39:18	3212	3103	3223	3449	3233	3127	3175	2976	3075	3039	3005	2936	20360	20194	20759	3031	3066	3041	3023	3151	3233	3168	3185	3102	3018	2960	3087	3092	3022	3018	3902	3884	3640	3190	3218	3280	8407	8250	8405	2898	2932	2896	2950	2816	2703	2945	2835	3038	3008	3187	3189	2952	3115	3075	3038	2982	3149	2797	3056	3063	13842	16467	15907	2899	2950	3016	2973	3044	3029	3009	2988	3205	3026	3011	2888	2802	3079	2945	3356	3605	3665	2976	2975	3081	6629	7027	6945	2730	2742	2867	2712	2761	2812	2730	2875	2756
2:49:18	3263	3100	3180	3349	3239	2952	3115	3204	2959	3014	3132	3093	21803	20977	22708	3200	3198	2987	3215	3235	3085	3088	3202	3294	3053	3094	3126	3092	3145	3111	3887	4100	3560	3139	3095	3046	9218	8492	8476	2790	2964	2922	2949	2869	2741	2936	2793	2962	3152	3147	3032	2975	3116	3172	3047	3060	3004	2898	3079	3147	14434	17013	16123	2903	2832	3027	3199	3099	2963	2911	3062	3170	3089	2954	3060	2993	3043	2957	3504	3610	3524	3045	3046	3153	6465	6988	6782	2705	2777	2654	2789	2906	2864	2815	2736	2819
2:59:18	3280	2981	3280	3388	3341	3217	3088	3046	2961	3155	3176	3028	22938	23064	23100	3074	2971	3122	3079	3192	3294	3141	3051	3264	3074	3084	3106	3111	3142	3250	4031	4171	3717	3016	3282	3203	9550	8971	9410	2861	2751	2832	2954	2791	2801	2933	2778	2975	3011	3178	3075	3041	3233	3270	2929	3059	2997	2914	3072	2984	14670	17411	16417	2853	2879	3105	2980	3183	3060	2927	3177	3117	3207	3085	2962	3010	2966	3155	3454	3708	3566	2881	3075	3020	6519	7209	6808	2811	2870	2613	2815	2813	2789	2830	2819	2700
3:09:18	3064	2996	3294	3314	3295	3225	3132	3155	3198	3080	2996	3013	23888	23912	24302	3149	3145	2999	3211	3263	3296	3136	3265	3390	3098	3018	3183	3215	3080	3164	4246	4033	3553	3139	3225	3167	9678	9484	10005	2834	2954	2881	3096	2742	2840	2888	2840	2974	3154	3042	3180	3027	3207	3230	3059	3081	3007	2894	3078	3065	14889	17880	17204	2984	3065	3030	3133	3193	2956	3076	3081	3283	3094	3030	3082	2981	3013	3109	3535	3719	3711	3001	3147	3157	6571	7111	7184	2806	2779	2708	2810	2854	2735	2715	2764	2828
3:19:18	3257	3111	3299	3397	3219	3233	3196	3095	3133	3147	3141	3101	25416	24861	26136	3174	3098	3131	3241	3281	3178	3206	3201	3374	3165	3194	3079	3177	3105	3066	4202	4321	3704	3205	2995	3138	10406	9993	10390	2851	2967	2845	2990	2858	2952	3119	2821	2922	3065	3208	3212	3061	3090	3145	3125	3120	3067	3003	3074	3097	15105	18318	17785	2988	3126	3045	3282	3235	3067	3072	2991	3216	3034	3127	2964	3015	2889	3015	3648	3616	3712	3067	3046	3143	6778	7218	7166	2842	2733	2966	2922	2757	2778	2746	2818	2807
3:29:18	3127	3308	3178	3392	3157	3295	3281	3046	3158	3159	3173	3111	26602	26399	27272	3122	3113	3225	3248	3324	3259	3371	3252	3448	3187	3207	3289	3255	3169	3220	4377	4458	3813	3141	3361	3507	10966	10366	10832	2880	2934	2906	3043	2817	2893	2926	2862	2963	3169	3123	3037	3066	3340	3272	3122	3164	3132	2868	3052	2965	15202	18484	18023	2958	3014	3137	3126	3106	3021	2994	3139	3224	3091	3085	2983	2985	2982	3153	3635	3833	3760	2933	3165	3121	6606	7390	7075	2829	2651	2759	2725	2791	2713	2813	2890	2816
3:39:18	3221	3061	3144	3322	3279	3287	3252	3296	3122	3159	3156	3093	27812	27623	29800	3223	3126	3163	3339	3453	3199	3323	3425	3489	3361	3145	3170	3191	3312	3242	4568	4594	3939	3261	3178	3232	11399	11382	11672	2788	2848	2842	2901	2710	2881	2921	2919	2892	3113	3138	3272	2952	3260	3232	3075	2998	3099	2979	3030	3111	15277	18926	18437	3013	2958	2855	3150	3241	3013	3015	3116	3199	3064	3151	3037	3051	2994	3100	3648	3956	3760	2950	3100	3192	6771	7588	7260	2794	2762	2881	2794	2808	2794	2735	2737	2716
3:49:18	3185	3047	3240	3564	3492	3466	3101	3177	3109	3156	3127	3093	30215	29477	31428	3173	3184	3195	3427	3439	3335	3482	3372	3317	3270	3196	3206	3216	3234	3188	4698	4624	3942	3319	3260	3387	12053	11608	12375	2948	3024	2875	2898	2762	2846	3035	3001	2974	3067	3275	3121	3024	3208	3380	3000	3028	3129	2922	3111	3164	15747	18436	18402	3064	3039	3082	3149	3323	3082	2916	3150	3402	3232	3012	3141	2973	3090	3126	3398	3678	3746	3075	3127	3093	6685	7367	7336	2719	2773	2772	2851	2806	2820	2787	2781	2797
3:59:18	3233	3265	3228	3438	3566	3480	3314	3205	3094	3302	3292	3350	31793	30770	33634	3361	3212	3219	3296	3232	3121	3350	3490	3508	3241	3197	3183	3272	3312	3203	4845	4710	4083	3442	3318	3435	12699	12182	12911	2833	2854	2862	2911	2827	2773	2896	2903	3000	3059	3181	3197	2931	3070	3204	3153	3054	3028	3086	3157	2982	15798	19019	18707	3007	2969	3221	3057	3306	3209	3076	3037	3311	3098	3043	3005	3040	2870	3102	3611	3757	3774	3199	3019	3224	6653	7347	7291	2750	2893	2863	2791	2670	2733	2887	2798	2919
4:09:18	3202	3264	3308	3530	3495	3429	3207	3151	3223	3189	3195	3298	33192	32719	35507	3153	3138	3400	3143	3293	3406	3499	3494	3519	3083	3158	3412	3283	3193	3196	4654	4900	4223	3480	3321	3306	13132	13040	13692	2990	2791	2861	3018	2938	2897	2841	2883	2888	3071	3248	3326	3080	3221	3157	3100	3008	3114	2960	3127	3108	16259	19026	18737	3000	3161	3130	3249	3271	3193	3108	3085	3180	3096	2998	3011	3039	3178	2978	3610	4020	3681	3116	3132	3279	6686	7385	7481	2906	2723	2811	2838	2688	2800	2828	2671	2725
4:19:18	3085	3279	3195	3629	3483	3674	3245	3326	3307	3285	3187	3087	35127	34924	38427	3258	3458	3350	3375	3328	3452	3552	3503	3537	3191	3195	3306	3250	3347	3298	4874	4821	4144	3401	3363	3590	14112	13919	14382	2881	2816	2740	2985	2791	2846	2949	2876	2903	3231	3247	3310	3078	3229	3274	3216	3150	2941	3010	3278	3020	16114	19620	18750	3070	3005	3202	3250	3336	3192	2901	3163	3246	3138	3158	3137	3029	3001	3157	3749	3812	3749	3103	3055	3095	6728	7413	7482	2849	2650	2781	2787	2815	2735	2812	2688	2757
4:29:18	3230	3316	3199	3615	3503	3588	3316	3289	3297	3443	3249	3303	37744	36506	40157	3343	3223	3355	3318	3304	3364	3739	3515	3583	3153	3278	3249	3185	3390	3311	4888	5077	4216	3274	3385	3440	14552	14557	14656	2863	2918	2691	3036	2737	2809	2917	2989	2870	3129	3445	3320	3127	3209	3260	2977	3121	3086	2982	3098	3098	15738	19387	19162	2879	2982	3030	3017	3288	3161	3123	3228	3361	3282	3058	3183	2955	3133	3260	3791	3820	3825	3116	3015	3136	6802	7653	7550	2850	2766	2939	2761	2660	2759	2802	2728	2808
4:39:18	3137	3293	3336	3641	3597	3581	3211	3358	3264	3253	3216	3086	39934	39110	42182	3338	3264	3403	3377	3489	3127	3774	3714	3690	3089	3131	3156	3217	3229	3207	5091	5076	4328	3422	3302	3404	15226	15115	15642	2903	2871	2804	2889	2912	2884	2918	2887	2926	3106	3292	3271	2875	3196	3281	3014	3182	3085	3124	3129	3051	16327	19071	19221	3132	3059	2986	3164	3269	3234	3068	3227	3252	3146	3136	3122	3109	3165	3030	3532	3876	3714	2997	3113	3095	6831	7335	7448	2799	2767	2727	2693	2797	2718	2866	2745	2778
4:49:18	3169	3431	3302	3715	3543	3625	3103	3312	3309	3202	3178	3225	41384	41879	45243	3347	3195	3251	3196	3412	3401	3686	3773	3643	3218	3295	3277	3341	3148	3370	5399	5311	4414	3397	3530	3485	16069	16216	16658	2834	2814	2752	2862	2920	2816	2967	2736	2812	3093	3133	3351	3164	3395	3195	3022	2973	3173	3038	3124	3111	16361	19660	19444	3072	3149	3164	3093	3342	3212	3042	3188	3323	3140	3115	3066	3012	3072	3129	3687	3795	3824	3048	3180	3128	6627	7566	7659	2789	2843	2847	2830	2750	2689	2684	2726	2758
4:59:18	3333	3277	3333	3768	3749	3747	3149	3324	3221	3082	3292	3302	45448	43004	46657	3276	3247	3311	3362	3414	3295	3799	3796	3822	3064	3297	3330	3338	3169	3257	5495	5510	4382	3514	3440	3260	16715	17349	17126	2822	2982	2935	2999	2876	2842	3002	2894	2874	3046	3220	3285	2967	3196	3305	3003	3153	3025	2955	3102	2957	16364	19756	19106	2979	3007	3052	3213	3276	3319	3013	3250	3207	3120	3102	3205	2931	3112	3205	3712	3757	3871	3226	3102	3177	6917	7536	7536	2910	2709	2780	2829	2817	2764	2850	2793	2734
5:09:18	3362	3325	3332	3753	3803	3955	3105	3367	3223	3291	3335	3284	47434	45170	48783	3284	3241	3396	3382	3396	3364	3760	3808	3966	3200	3208	3360	3138	3347	3236	5730	5646	4550	3567	3433	3409	17362	17501	18142	2834	2895	2871	2856	2862	2920	2930	2895	2844	3277	3251	3242	3093	3193	3286	3046	3133	3041	2987	3217	3034	16360	19558	19512	3026	3109	3207	3223	3352	3215	3137	3086	3330	3166	3112	3089	3063	3055	3195	3623	3803	3892	3037	3202	3146	6733	7705	7715	2839	2681	2656	2836	2721	2815	2778	2760	2731
5:19:18	3432	3253	3452	4019	3620	3815	3442	3315	3332	3209	3307	3318	49616	47754	52186	3267	3192	3309	3280	3345	3427	3863	3925	3923	3209	3262	3247	3307	3292	3275	5494	5713	4707	3464	3494	3385	18453	18401	18750	2802	2844	2885	2858	2862	2858	3009	2770	2899	3011	3375	3314	3219	3380	3088	3065	3265	3218	3061	3110	3128	16304	19846	18570	3100	3013	3123	3104	3378	3417	3104	3190	3148	3161	3130	3190	3005	3155	3199	3620	3841	3751	3280	3030	3272	6957	7701	7790	2782	2818	2858	2660	2710	2886	2762	2680	2803
5:29:18	3316	3289	3356	3897	3773	3864	3358	3325	3135	3166	3307	3256	51723	50975	54831	3217	3389	3272	3406	3449	3396	3865	3856	3958	3193	3306	3287	3407	3329	3349	5931	5799	4828	3582	3546	3571	19631	19320	19338	2807	2816	2891	3089	2838	2840	3009	2857	2942	3189	3441	3421	3194	3362	3306	3092	3171	3061	2945	3111	3111	16441	19269	19380	3146	3205	3152	3213	3392	3296	3110	3052	3203	3131	3227	3196	3023	3118	3159	3709	3969	3867	3127	3201	3267	6815	8006	7441	2986	2765	2594	2775	2768	2763	2790	2777	2767
5:39:18	3573	3463	3348	4153	3879	3821	3254	3311	3262	3301	3515	3351	55491	53796	57960	3454	3319	3235	3327	3538	3356	4070	4018	4028	3329	3426	3386	3288	3267	3355	5882	6014	5011	3556	3508	3541	19440	20158	20120	2778	2850	2776	2901	2635	2786	2874	2850	2974	3211	3332	3363	3061	3238	3291	3073	3218	3106	3057	3075	3085	16726	19254	19269	3099	3073	3116	3354	3211	3211	3160	3087	3362	3173	3174	3098	2927	2953	3087	3824	3824	3862	3049	3185	3264	6730	7869	7511	2814	2748	2792	2867	2780	2791	2816	2667	2650
5:49:18	3662	3443	3524	3929	3838	3962	3271	3333	3206	3258	3340	3277	57338	57903	60323	3263	3331	3297	3617	3612	3341	3944	3997	4067	3364	3341	3618	3284	3353	3132	6187	6125	5322	3567	3398	3430	20483	20930	21047	2739	2853	2915	2961	2899	2755	2850	2660	2952	3107	3249	3218	3006	3371	3212	3013	3007	3126	2999	2982	3076	16114	19188	19248	3056	3217	3185	3249	3370	3315	3033	3200	3286	3145	3242	3115	3091	3079	3173	3668	3889	4031	3167	3149	3283	6894	7615	7734	2834	2687	2713	2733	2763	2747	2803	2770	2766
5:59:18	3545	3482	3553	4057	4073	4100	3464	3506	3165	3278	3385	3388	60621	59311	62394	3244	3292	3415	3424	3693	3524	4079	3930	3950	3365	3445	3381	3354	3243	3332	6464	6400	5189	3502	3451	3589	21117	21937	21982	2828	2965	2954	3063	2770	2801	3054	2700	2843	3064	3318	3293	3063	3443	3407	3041	3194	3121	2992	3078	3105	16420	19641	18870	3056	3080	3106	3112	3246	3219	3030	3094	3289	3160	3123	3165	3027	2999	3129	3663	3901	3976	3031	3178	3253	6817	8186	7713	2861	2728	2888	2657	2680	2699	2906	2689	2804
6:09:18	3692	3655	3657	4121	4108	4050	3284	3491	3638	3354	3378	3310	61508	60790	64374	3175	3199	3262	3787	3761	3561	4043	4339	4126	3548	3431	3408	3360	3403	3258	6464	6661	5302	3599	3510	3605	22419	22753	23243	2882	2834	2899	2899	2874	2867	2997	2844	2913	3139	3450	3402	3095	3502	3264	3108	3134	3135	3130	3123	3012	16539	19412	18846	3031	3267	3102	3212	3336	3253	3237	3038	3174	3203	3327	3020	3087	3180	3162	3797	4075	3946	2932	3124	3105	6789	7883	7775	2827	2722	2897	2770	2761	2842	2685	2749	2841
6:19:18	3631	3719	3619	4249	4245	4054	3296	3539	3432	3347	3261	3334	64363	62327	67141	3387	3288	3347	3789	3816	3694	4201	4061	4130	3429	3422	3702	3427	3389	3462	6405	6729	5549	3739	3669	3550	23335	23668	24080	2879	2905	2896	2868	2841	2811	2946	2764	2810	3219	3374	3291	3082	3388	3198	3084	3160	3274	2984	3279	3047	16565	19458	18875	3067	3196	3100	3291	3309	3287	3232	3113	3242	3084	3196	3211	3120	3133	3089	3848	3908	3759	2942	3044	3159	6714	7854	7610	2706	2757	2897	2717	2825	2755	2791	2751	2733
6:29:18	3849	3711	3925	4391	4190	4243	3552	3479	3462	3426	3483	3487	66810	65014	69485	3447	3401	3291	3756	3837	3780	4472	4358	4312	3630	3647	3618	3482	3536	3570	6925	6967	5672	3776	3640	3605	24250	24135	24583	2957	2796	2936	2901	2772	2947	2936	2841	2857	3070	3470	3336	3207	3292	3332	3075	3071	3057	3105	3130	3034	16380	19367	19109	3088	3137	3194	3176	3445	3362	3181	3172	3066	3264	3067	3132	3007	2981	3066	3649	3979	3902	3169	3216	3147	6676	7738	7766	2724	2719	2657	2704	2765	2823	2847	2736	2688
6:39:18	3793	3740	3692	4332	4399	4280	3717	3592	3309	3434	3448	3520	70043	68512	70497	3478	3368	3560	3761	3906	3817	4338	4301	4053	3656	3693	3623	3691	3545	3502	6993	7311	5901	3663	3682	3609	25189	25252	25158	2855	2937	2767	3058	2821	2768	2934	2817	2818	3142	3341	3377	3161	3358	3402	3222	3291	3056	3183	3094	3078	16461	19438	18456	3140	3125	3255	3289	3350	3266	3144	3145	3256	3129	3121	3087	3096	3096	3081	3755	3916	3893	3143	3185	3111	6800	7951	7867	2845	2628	2604	2730	2835	2662	2672	2840	2839
6:49:18	3962	3784	3947	4559	4281	4283	3620	3511	3608	3536	3346	3342	72213	69510	71524	3419	3509	3670	3958	3942	3855	4255	4491	4392	3632	3569	3653	3485	3541	3515	7058	7298	5934	3798	3810	3788	25516	25910	26371	2868	2695	2893	2915	2782	2771	2934	2839	2958	3146	3315	3266	3152	3440	3511	3085	3110	3154	3086	3382	3118	16256	19587	18671	2992	3217	3300	3259	3198	3293	3024	3184	3295	3242	3264	3192	2997	3101	3180	3642	3957	3951	3155	3167	3171	7002	7770	7529	2647	2729	2670	2762	2906	2733	2767	2778	2678
6:59:18	4039	3879	4112	4682	4630	4702	3631	3715	3698	3489	3807	3445	74220	73348	76893	3523	3506	3480	4085	4147	4231	4552	4310	4485	3711	3787	3678	3494	3662	3524	7216	7491	6164	3882	3873	4008	26555	27269	26289	2820	2727	3037	2961	2742	2845	2996	2820	2912	3123	3252	3328	3076	3312	3371	3161	3077	3210	3015	3317	3095	16511	19125	18479	3018	3184	3188	3389	3193	3385	2999	3166	3210	3222	3065	3179	2984	3226	3048	3957	4159	3757	3131	3241	3200	6614	7670	7704	2778	2606	2771	2746	2828	2790	2709	2751	2664
7:09:18	4061	4044	4190	4636	4531	4505	3742	3718	3637	3614	3759	3672	74889	75065	78523	3587	3567	3675	4170	3989	4192	4527	4578	4628	3780	3786	3911	3784	3636	3574	7406	7374	6427	3920	4029	4062	26305	28090	27086	2916	3023	2801	2919	2672	2863	2880	2893	2962	3117	3495	3220	3144	3341	3264	3047	3089	3074	3070	3104	3123	16075	19644	18798	3105	3135	3307	3279	3387	3322	3142	3272	3324	3100	3264	3230	3198	3309	3099	3696	3947	3855	3146	3170	3297	6860	7965	7855	2712	2713	2961	2596	2788	2750	2720	2886	2816
7:19:18	4039	4067	4032	4662	4648	4488	3690	3910	3720	3659	3812	3609	78051	76940	79492	3595	3702	3749	4147	4269	4013	4736	4546	4707	3907	3792	3987	3740	3848	3770	7740	7503	6522	3976	3880	4018	26797	30616	27814	2829	2784	2861	2975	2800	2983	3000	2963	2897	3218	3280	3311	3203	3440	3393	2991	3183	3118	3031	3139	3186	16334	19422	18742	3059	3223	3302	3189	3382	3252	3073	3189	3253	3191	3170	3304	3096	3136	3124	3700	3981	3924	3061	3242	3224	6660	7871	7801	2829	2666	2807	2754	2757	2861	2721	2714	2682
7:29:18	4274	4125	4435	4793	4920	4580	3821	3866	3738	3695	3649	3695	79436	78771	81573	3705	3670	3812	4201	4214	4110	4792	4771	4821	3761	3961	4011	3792	3720	3779	7241	7481	6791	4160	3997	4145	27538	29222	27870	2950	2851	2931	2872	2899	2857	2878	2875	2861	3169	3454	3422	3150	3365	3201	3159	3125	3229	3045	3180	3037	16455	18864	18652	3095	3297	3299	3309	3445	3300	3215	3222	3214	3304	3133	3260	3010	3229	3188	3820	4151	3873	3066	3058	3166	6829	7839	7606	2730	2684	2800	2635	2793	2894	2726	2673	2717
7:39:18	4063	4454	4273	4909	4745	4944	3831	3886	3865	3908	3850	3771	81532	80459	84691	3744	3864	3853	4243	4204	4230	4796	4809	4814	3953	4044	3924	3769	3872	3767	7520	7706	6728	4277	4260	4351	27997	31059	28086	2750	2765	2903	2957	2852	3006	2847	2812	2679	3103	3294	3393	3164	3412	3170	3144	3163	3114	3061	3222	3086	16624	19175	18572	3072	3182	3117	3288	3391	3364	3251	3066	3272	3237	3192	3230	3013	3114	3177	3795	3834	3995	3140	3171	3276	6674	8311	7684	2950	2671	2796	2744	2768	2822	2762	2753	2718
7:49:18	4264	4070	4314	5122	5108	4742	4014	4029	4024	3662	3913	3925	84339	81928	87276	3805	3818	3958	4393	4524	4277	4994	4889	4948	4083	3933	4054	3961	4013	4018	7679	7574	6902	4406	4240	4275	28171	30286	28816	2900	2960	2886	2979	2828	2931	2901	2856	2845	3185	3325	3243	3200	3321	3320	3035	3062	3190	3071	3186	3015	16263	18971	18435	3125	3331	3192	3253	3461	3330	3106	3143	3202	3231	3124	3272	3045	3162	3206	3783	3990	3882	3191	3251	3318	6670	8063	7709	2796	2831	2772	2685	2796	2927	2744	2747	2705
7:59:18	4148	4355	4316	5229	5131	4942	4028	4137	4042	4009	4009	4124	84514	83843	94632	3752	3869	4051	4393	4497	4424	4978	5058	5086	4029	4128	4229	4028	3940	3928	7600	7679	7023	4368	4253	4305	28418	32727	28933	2784	2824	2696	2995	2765	2709	2902	2822	2826	3308	3369	3338	3254	3291	3237	3152	3245	3012	3094	3193	3120	16602	19226	18415	3180	3112	3268	3176	3188	3235	3027	3238	3328	3213	3171	3298	3129	3025	3045	3816	3987	4048	3159	2972	3129	6616	7752	7753	2857	2815	2803	2676	2799	2766	2799	2766	2659
8:09:18	4257	4509	4447	5316	5204	4993	4117	3786	4062	3939	4038	3931	88468	84802	95999	4120	4059	4239	4599	4487	4553	5089	5194	4961	4184	4122	4280	3962	4066	3986	7756	7759	6981	4387	4451	4343	28297	33740	28936	2890	2806	2823	2889	2763	2923	3012	2848	2874	3323	3383	3427	3109	3440	3201	3100	3031	3268	3013	3167	3114	16444	18999	18347	3266	3227	3302	3154	3398	3267	3173	2950	3200	3288	3131	3119	3085	3065	3142	3776	4010	4084	3136	3064	3395	6584	8014	7822	2819	2639	2783	2642	2796	2737	2732	2836	2678
8:19:18	4249	4460	4498	5274	5307	5359	4099	4263	4158	4019	4134	4012	89957	89905	OVRFLW	4017	3910	4085	4620	4537	4463	5153	5282	5068	4282	4257	4187	4112	3977	4127	7639	7843	7080	4666	4548	4624	28297	31565	29838	2837	2832	2731	2948	2696	2853	2873	2832	2915	3243	3413	3374	3075	3321	3115	3218	3123	3040	3196	3232	3154	16296	18960	18738	3239	3086	3409	3196	3428	3316	3182	3147	3183	3113	3109	3314	3044	3081	3254	3612	3946	3828	3069	3205	3133	6682	8072	7857	2731	2839	2735	2809	2872	2791	2706	2705	2770
8:29:18	4401	4391	4665	5429	5351	5380	4257	4223	4106	4289	4107	4155	92103	89893	OVRFLW	4156	4044	4149	4670	4586	4534	5254	5436	5195	4131	4283	4400	4173	4251	4061	7538	7900	7034	4661	4523	4726	28898	32340	29465	2881	2925	2849	2923	2932	2814	2904	2831	2923	3252	3253	3376	3102	3305	3285	2986	3225	3146	3139	3262	3079	16375	19158	18306	3273	3293	3190	3204	3323	3268	3105	3295	3313	3328	3145	3201	2922	3005	3068	3769	4141	4000	3188	3282	3181	6678	7916	7664	2748	2709	2707	2739	2842	2780	2813	2687	2868
8:39:18	4337	4517	4710	5494	5455	5078	4304	4292	4424	4137	4390	4210	94807	93614	OVRFLW	3991	4056	4290	4449	4749	4883	5380	5301	5249	4226	4361	4449	4316	4117	4186	7740	7839	7338	4653	4743	4631	28830	32372	29709	2793	2812	2891	2984	2864	2836	3027	2788	2795	3354	3428	3276	3207	3359	3342	3057	3200	3145	3103	3305	3011	16485	19167	18205	3198	3125	3188	3243	3264	3291	3080	3047	3302	3182	3197	3198	3049	3203	3180	3751	3873	3927	3112	3155	3153	6681	8210	7799	2842	2694	2787	2721	2784	2844	2880	2772	2612
8:49:18	4274	4450	4664	5616	5516	5132	4409	4266	4290	4183	4378	4233	97063	97584	OVRFLW	4356	4165	4350	4747	4771	4824	5289	5563	5503	4360	4587	4415	4273	4377	4266	8009	8049	7233	4706	4598	4740	28756	33169	29144	2764	2829	2988	2899	2849	2814	2937	2849	2804	3298	3301	3402	3205	3332	3242	3209	3131	3178	3194	3290	3076	16425	18782	18670	3121	3166	3289	3357	3305	3363	3132	3261	3187	3145	3134	3054	2984	3149	3283	3771	3887	4059	3013	3120	3217	6502	8064	7698	2769	2724	2778	2691	2639	2777	2692	2753	2760
8:59:18	4397	4569	4740	5442	5473	5434	4315	4223	4450	4334	4263	4185	97811	94994	OVRFLW	4205	4140	4312	4911	4820	4936	5519	5378	5267	4413	4578	4390	4374	4438	4216	7843	7856	7282	4898	4726	4759	28536	33957	29649	2916	2848	2829	2943	2806	2834	2885	2763	2918	3237	3418	3474	3243	3374	3521	3072	3150	3047	3000	3287	3228	16514	19273	18358	3122	3302	3283	3332	3308	3137	3018	3266	3260	3179	3152	3141	2947	3281	3177	3786	3865	3863	3213	3247	3169	6542	8100	7702	2839	2634	2732	2870	2745	2687	2692	2660	2628
9:09:18	4318	4789	4719	5724	5646	5568	4424	4404	4514	4190	4469	4395	99907	98265	OVRFLW	4232	4286	4453	4921	4835	4822	5491	5412	5430	4536	4646	4365	4283	4394	4283	7866	8187	7487	4945	4889	4867	28361	32281	29751	2745	2900	2868	2915	2831	2984	2839	2964	2958	3114	3256	3344	3154	3310	3373	3146	3129	3171	3131	3179	3103	16473	19344	18351	3126	3158	3354	3240	3304	3381	3050	3105	3167	3272	3369	3262	3056	3145	3172	3848	3985	3949	3279	3169	3245	6664	8094	7922	2810	2800	2745	2690	2649	2909	2760	2676	2744
9:19:18	4511	4712	4779	5537	5535	5581	4463	4433	4363	4406	4469	4276	OVRFLW	OVRFLW	OVRFLW	4441	4274	4461	5025	4975	4849	5613	5672	5524	4432	4714	4412	4412	4397	4218	7983	8363	7536	4849	4993	4934	28188	32049	29726	2760	2825	2844	2934	2900	2862	2952	2803	2717	3140	3277	3351	3187	3453	3337	3078	3246	3280	3080	3275	3131	16183	18844	18714	3134	3257	3290	3337	3333	3367	3091	3096	3136	3293	3338	3249	3039	3073	3191	3732	3837	3970	3063	3207	3139	6318	8125	7706	2748	2735	2814	2650	2759	2793	2698	2685	2668
9:29:18	4501	4697	4796	5803	5660	5576	4604	4437	4592	4459	4444	4464	OVRFLW	OVRFLW	OVRFLW	4412	4559	4344	4948	4820	4843	5583	5578	5579	4417	4581	4414	4400	4365	4511	8106	7783	7561	5031	4925	4841	28576	32018	29109	2829	2837	2706	2932	2882	2817	3021	2697	2758	3261	3511	3355	3118	3340	3428	3124	3052	3215	3135	3157	3073	16340	19156	18178	3179	3315	3340	3119	3352	3297	3063	3191	3133	3254	3180	3191	2918	3290	3236	3953	4006	4045	3169	3169	3153	6568	8113	7840	2736	2710	2858	2732	2730	2684	2765	2763	2773
9:39:18	4634	4806	4774	5666	5439	5599	4680	4502	4672	4501	4563	4593	OVRFLW	OVRFLW	OVRFLW	4539	4605	4464	5134	4998	5004	5653	5829	5707	4712	4618	4535	4436	4212	4526	8060	7990	7600	5210	4914	5081	28572	31992	29452	2892	2848	2862	2910	2876	2754	2917	2717	2894	3102	3395	3423	3177	3358	3336	3211	3087	3128	3095	3069	3166	16437	19079	18535	3119	3217	3334	3132	3407	3323	3132	3081	3240	3181	3119	3350	3023	3158	3218	3729	3942	3879	3056	3301	3182	6515	8115	7773	2808	2710	2659	2733	2692	2787	2693	2635	2597
9:49:18	4489	4698	5001	5865	5682	5566	4629	4493	4494	4501	4532	4506	OVRFLW	OVRFLW	OVRFLW	4472	4507	4507	5085	5185	4869	5849	5645	5822	4591	4780	4765	4570	4567	4535	8347	8169	7437	5251	5149	5034	28510	31360	29691	2852	2796	2801	3032	2763	2876	2971	2749	2934	3249	3345	3387	3196	3301	3269	3126	3120	3209	3095	3107	3221	16145	19167	18350	3170	3253	3329	3234	3348	3439	3138	3234	3193	3059	3088	3104	3047	3146	3056	3824	4127	3760	3216	3358	3370	6555	8070	7950	2693	2650	2801	2828	2728	2777	2853	2614	2691
9:59:18	4534	4639	5071	6033	5819	5639	4786	4760	4640	4527	4792	4687	OVRFLW	OVRFLW	OVRFLW	4635	4544	4672	5092	5283	5112	5995	5814	5927	4695	4717	4663	4792	4495	4624	8155	8155	7640	5153	5069	5139	28747	32393	29730	2836	2825	2870	2893	2783	2699	2907	2795	2931	3270	3281	3299	3117	3363	3363	3161	3151	3032	3132	3303	3108	15973	19096	18191	3056	3281	3400	3493	3460	3268	3057	3110	3265	3238	3023	3180	3080	3313	3153	3786	3941	4053	3083	3230	3210	6550	8008	7976	2792	2697	2742	2489	2766	2811	2686	2737	2656
10:09:18	4562	4978	4973	5818	5990	5859	4760	4721	4638	4644	4648	4624	OVRFLW	OVRFLW	OVRFLW	4581	4660	4746	5163	4930	4960	5829	5740	5951	4602	4731	4738	4546	4553	4651	7811	8014	7796	5100	5119	5013	28361	32077	29522	2910	2756	2821	3002	2757	2808	2911	2808	2848	3245	3247	3422	3192	3184	3340	2987	3283	3139	3130	3119	3206	16142	18531	18508	3135	3229	3198	3251	3469	3355	3084	3216	3266	3037	3170	3160	3212	3067	3157	3755	4016	3996	3120	3211	3302	6618	8063	7820	2876	2794	2738	2680	2744	2839	2753	2748	2811
10:19:18	4446	4853	4959	5634	6095	5853	4729	4851	4780	4730	4697	4513	OVRFLW	OVRFLW	OVRFLW	4604	4655	4503	5205	5314	5026	5866	5753	5943	4678	4892	4601	4576	4337	4677	8429	8201	7831	5221	5215	5118	28049	32103	28805	2908	2706	2882	2904	2902	2808	2981	2837	2997	3099	3452	3393	3190	3314	3282	3003	3155	3171	3202	3193	3156	16457	18730	17951	3201	3310	3228	3242	3304	3385	3153	3157	3125	3191	3182	3199	2943	3181	3054	3740	4032	4019	3155	3278	3167	6567	8238	7866	2712	2708	2767	2877	2838	2795	2689	2735	2698
10:29:18	4718	4860	4974	5889	5873	5825	4660	4892	4838	4665	4692	4685	OVRFLW	OVRFLW	OVRFLW	4754	4735	4590	5122	5041	5314	6058	5708	5789	4807	4824	4922	4678	4560	4638	8130	8201	8010	5277	5234	5381	28399	32834	29546	2782	2800	2765	2946	2837	2868	2892	2838	2823	3093	3388	3449	3107	3377	3259	2989	3176	3207	2950	3078	3020	16235	18924	18184	3084	3177	3233	3203	3334	3423	3024	3145	3064	3273	3258	3166	3123	3181	3144	3780	4122	3995	3088	3269	3352	6474	8079	7776	2651	2753	2819	2712	2856	2679	2789	2884	2829
10:39:18	4546	4871	4978	6179	5962	5785	4674	4694	4943	4840	4872	4725	OVRFLW	OVRFLW	OVRFLW	4727	4677	4577	5346	5343	5255	6044	5825	6137	4849	4950	4806	4608	4708	4719	8235	8026	7937	5253	5298	5235	27946	31878	29053	2758	2779	2815	2916	2921	2792	3008	2696	2775	3162	3349	3315	2986	3427	3272	3021	3102	3195	3148	3123	3135	16185	18449	18383	3079	3411	3283	3216	3127	3397	3063	3152	3196	3118	3219	3188	3096	3119	3179	3733	3966	3897	3252	3271	3138	6396	8057	7883	2733	2631	2821	2741	2623	2730	2769	2753	2709
10:49:18	4776	4852	5005	5898	6057	5760	4936	4835	4927	4991	4863	4893	OVRFLW	OVRFLW	OVRFLW	4778	4783	4800	5238	5282	5386	5845	6229	6087	4921	4946	4943	4799	4676	4657	8142	8428	7716	5206	5307	5337	28974	31553	29458	2760	2861	2888	2947	2872	2762	2945	2775	2822	3212	3488	3347	3144	3385	3372	3117	3084	3082	3106	3268	3170	16266	18713	18296	3148	3244	3163	3254	3282	3421	3016	3147	3183	3167	3128	3278	3042	2924	3043	3770	3927	3943	3042	3225	3273	6388	8030	8063	2750	2620	2826	2695	2813	2692	2745	2791	2719
10:59:18	4771	4973	5052	6172	5920	6044	4893	5119	4932	4811	5041	4743	OVRFLW	OVRFLW	OVRFLW	5019	4664	4896	5377	5380	5332	6113	5928	6089	4769	5027	4817	4813	4722	4625	8203	8220	7576	5416	5530	5271	28760	30862	29293	2740	2857	2869	2988	2838	2777	2749	2876	2829	3270	3427	3400	3168	3376	3300	3169	3184	3185	3098	3375	3040	15964	19006	18125	3165	3273	3180	3211	3199	3412	2961	3219	3244	3162	3223	3310	3068	3270	3165	3675	4141	3847	3353	3231	3060	6582	8096	7808	2706	2797	2775	2648	2688	2712	2842	2682	2765
11:09:18	4854	4995	5161	5983	6083	6020	5047	4790	4874	4812	4881	4741	OVRFLW	OVRFLW	OVRFLW	4912	4866	4792	5331	5278	5367	6082	5880	6061	4829	5090	4768	4869	4711	4762	8229	8423	7907	5344	5327	5245	28480	28475	30084	2846	2868	2776	2840	2810	2841	2902	2817	2773	3230	3561	3440	3082	3386	3321	3100	3394	3195	2975	3133	3125	16233	18680	18301	3267	3104	3271	3251	3416	3203	3200	3136	3212	3168	3320	3339	3001	3298	3277	3781	3978	3985	3069	3152	3155	6534	8008	7712	2818	2615	2785	2708	2783	2816	2752	2671	2700
11:19:18	4771	4934	5087	5874	6004	5907	4934	4857	4792	4801	5055	4635	OVRFLW	OVRFLW	OVRFLW	4824	4819	4797	5512	5544	5413	6099	5887	6207	4880	5055	5008	4880	4947	4754	8058	8335	8019	5598	5396	5270	29104	29803	29566	2872	2883	2990	2699	2892	2760	3028	2700	2731	3199	3435	3287	3074	3418	3328	3101	3192	3170	3149	3187	3088	15917	18666	18239	3213	3235	3372	3376	3464	3384	3123	3241	3306	3117	3252	3400	2983	3154	3193	3867	4013	3866	3187	3301	3295	6433	7969	7959	2705	2737	2739	2691	2662	2771	2824	2758	2736
11:29:18	4731	5082	5144	5957	6147	6128	4881	5056	5081	4994	5131	5091	OVRFLW	OVRFLW	OVRFLW	5046	4888	4904	5431	5445	5205	6041	6097	6116	4936	5197	4906	4859	4732	4762	8318	8510	8014	5622	5291	5487	28845	29856	29122	2660	2868	2907	2928	2920	2936	2941	2809	2839	3155	3401	3402	3180	3502	3413	3144	3239	3162	3086	3145	3132	15614	18462	18049	3234	3335	3305	3200	3349	3205	3016	3197	3324	3318	3198	3184	3031	3235	3232	3981	4069	3991	3288	3270	3172	6312	7853	7894	2687	2523	2832	2666	2799	2839	2727	2680	2786
11:39:18	4761	4990	5126	6062	6162	6072	5145	4938	4967	5109	5055	4862	OVRFLW	OVRFLW	OVRFLW	4901	4918	4872	5509	5584	5523	6027	6182	6063	4828	5179	4852	4723	4719	4827	8439	8311	7904	5430	5433	5235	29055	28780	29639	2910	2851	2819	2895	2810	2849	3019	2791	2852	3224	3406	3407	3188	3409	3330	3165	3163	3058	3134	3238	3127	15882	18621	18219	3240	3270	3173	3265	3247	3297	3131	3175	3349	3224	3257	3141	3047	3113	3208	3942	4016	4021	3116	3184	3286	6417	8078	7779	2859	2634	2819	2784	2671	2752	2725	2748	2775
11:49:18	4648	5025	5224	6304	6254	5956	5045	5063	4949	4981	5158	4984	OVRFLW	OVRFLW	OVRFLW	5076	4856	4905	5449	5495	5464	6044	6042	6201	5036	5121	4824	4787	4736	4942	8261	8285	7907	5198	5601	5441	29498	29772	29490	2783	2751	2935	3042	2779	2937	2877	2736	2867	3146	3401	3306	3306	3339	3472	3033	3150	3348	3168	3161	3106	15757	18584	18079	3175	3166	3176	3355	3329	3270	3103	3177	3119	3270	3253	3302	2901	3180	3202	3833	4063	4067	3175	3116	3267	6438	7867	7919	2747	2728	2828	2635	2772	2743	2701	2723	2643
11:59:18	4932	5117	5235	6047	6141	6126	5002	5007	5161	4918	4975	5023	OVRFLW	OVRFLW	OVRFLW	4749	4705	5041	5365	5566	5555	6256	6106	6070	5073	5223	4941	4779	4838	4761	8248	8400	7887	5503	5563	5546	28848	29040	29669	2868	2776	2888	2969	2998	2994	2803	2783	2893	3238	3436	3406	3172	3320	3327	3228	3264	3170	3108	3102	3078	15810	18425	18209	3086	3352	3244	3309	3342	3224	3134	3134	3302	3256	3203	3273	3019	3193	3101	3767	4107	3959	3215	3124	3252	6174	7989	7801	2757	2649	2882	2557	2938	2780	2863	2768	2732
12:09:18	4966	5207	5190	6182	6054	5982	5066	5155	5040	5010	5080	5029	OVRFLW	OVRFLW	OVRFLW	4886	4968	5050	5514	5440	5561	6155	6181	6119	4941	5255	5149	4639	4697	4660	8492	8448	8073	5527	5393	5897	28676	29725	29697	2850	2868	2848	2920	2884	2833	2898	2834	2776	3178	3468	3324	3245	3450	3116	3318	3161	3278	3266	3262	3174	16013	18466	18033	3338	3273	3271	3398	3213	3257	3136	3245	3255	3259	3312	3066	3108	3124	3313	3862	3876	3942	3181	3261	3244	6336	7909	7973	2753	2723	2781	2811	2773	2673	2806	2741	2761
12:19:18	4829	5204	5123	6378	6291	6045	5038	5092	5207	5222	4928	5102	OVRFLW	OVRFLW	OVRFLW	5203	4895	4931	5420	5353	5744	6437	6200	6250	5073	5234	5042	4973	4828	5014	8588	8396	7933	5570	5582	5598	28605	28975	29300	2881	2759	2801	2858	2687	2699	2944	2831	2792	3146	3374	3336	3204	3493	3463	3186	3183	3190	3011	3031	3124	15936	18230	17495	3099	3247	3166	3150	3252	3223	3176	3191	3226	3245	3181	3405	2965	3181	3157	3510	4030	3785	3079	3168	3222	6210	7987	7741	2757	2696	2803	2728	2824	2787	2708	2677	2668
12:29:18	5218	5096	5264	6194	6348	6102	5345	5181	5043	4938	5161	5081	OVRFLW	OVRFLW	OVRFLW	4979	4988	5135	5587	5620	5560	6051	6164	6255	5266	5301	5026	4753	4760	4783	8309	8439	7970	5765	5649	5534	28801	30066	29452	2852	2798	2768	3020	2900	2775	2778	2790	2959	3284	3348	3423	3119	3475	3277	3058	3093	3192	3072	3254	3044	15813	18468	17953	3199	3308	3184	3264	3416	3376	3167	3200	3290	3300	3300	3245	3018	3225	3184	3876	4018	3917	3083	3152	3264	6347	8106	8043	2842	2760	2799	2693	2665	2800	2674	2625	2677
12:39:18	4994	5065	5352	6198	6127	6046	5193	5147	5240	5057	5197	5151	OVRFLW	OVRFLW	OVRFLW	5009	5040	4990	5440	5567	5663	6321	6096	6254	5111	5414	5178	4658	4824	4854	8771	8309	8057	5728	5684	5712	28946	29143	28854	2719	2733	2879	2960	2957	2836	2944	2876	2759	3312	3385	3308	3139	3353	3410	3178	3261	3021	3061	3329	3103	15787	17955	18106	3054	3206	3198	3340	3498	3276	3184	3143	3031	3236	3226	3198	3035	3249	3304	3747	4289	4129	3172	3160	3236	6135	7987	7943	2721	2841	2759	2708	2800	2687	2738	2717	2670
12:49:18	4959	4893	5314	6454	6225	6189	5284	5275	5213	5213	5112	5160	OVRFLW	OVRFLW	OVRFLW	5052	5249	5134	5581	5497	5470	6379	6214	6375	5022	5160	5142	4947	5066	4884	8833	8308	7984	5616	5484	5541	28889	27904	28765	2824	2698	2846	2848	2772	2852	2871	2801	2789	3232	3374	3416	3204	3326	3266	3058	3201	3133	3168	3141	3207	15795	18183	17586	3243	3165	3203	3348	3262	3278	3086	3160	3149	3242	3235	3334	3041	3157	3068	3700	3987	4036	3011	3131	3285	6304	7894	8005	2797	2696	2904	2715	2764	2787	2737	2820	2792
12:59:18	5051	5130	5218	6305	6259	6032	5230	5221	5178	5374	5162	5022	OVRFLW	OVRFLW	OVRFLW	5046	5129	5085	5639	5680	5580	6366	6446	6123	5112	5329	5021	4932	4711	4910	8888	8364	7943	5771	5606	5692	28882	28432	29002	2891	2761	2875	2896	2739	2757	2755	2889	2915	3182	3472	3452	3279	3238	3334	3151	3216	3072	3184	3215	3207	15786	17932	17764	3197	3208	3256	3314	3358	3302	3044	3077	3203	3115	3216	3260	2839	3141	3266	3817	3938	4100	3122	3155	3323	6181	8018	7709	2763	2663	2712	2619	2693	2769	2747	2779	2703
13:09:18	5173	5420	5263	6383	6346	6103	5276	5174	5216	5104	5238	5176	OVRFLW	OVRFLW	OVRFLW	4966	4964	4888	5608	5628	5558	6191	6292	6238	5042	5297	5124	4841	4799	5057	8858	8561	7911	5722	5646	5699	28839	30519	29123	2861	2926	2778	2911	2828	2845	2868	2713	2894	3375	3308	3464	3160	3338	3454	3028	3183	3291	2986	3068	2970	15843	17794	17729	3258	3085	3383	3236	3345	3185	3215	3249	3247	3173	3250	3323	3034	3264	3097	3862	3826	3982	3134	3355	3226	6272	7795	7668	2738	2623	2748	2668	2911	2660	2738	2793	2809
13:19:18	5067	5081	5401	6388	6611	6036	5260	5324	5156	5130	5395	5240	OVRFLW	OVRFLW	OVRFLW	4971	4664	5439	5706	5578	5690	6317	6160	6356	5132	5162	5111	4803	4565	4979	8702	8373	7877	5614	5541	5633	28705	30031	28993	2815	2813	2833	2949	2775	2890	2953	2669	2851	3183	3473	3423	3131	3492	3383	3167	3211	3282	3100	3049	3148	15779	17858	17494	3167	3253	3365	3270	3309	3241	2972	2999	3121	3216	3072	3138	2904	3275	3194	3753	3909	4000	3185	3273	3229	6156	7765	7802	2797	2733	2754	2678	2847	2665	2676	2689	2827
13:29:18	5073	5165	5285	6336	6316	6309	5187	5006	5231	5249	5233	5219	OVRFLW	OVRFLW	OVRFLW	5026	5236	5041	5608	5655	5705	6437	6208	6256	5219	5493	5171	4915	4938	4984	8616	8441	8267	5606	5712	5716	28850	29765	29386	2939	2894	2864	3045	2928	2819	2927	2824	2918	3285	3521	3342	3162	3282	3247	3160	3233	3321	3103	3174	3148	15616	17897	17656	3105	3265	3292	3281	3378	3288	3122	2964	3195	3271	3284	3334	2995	3130	3207	3861	4018	3878	3147	3086	3195	6610	7976	7478	2780	2621	2795	2604	2804	2818	2718	2767	2781
13:39:18	4928	5362	5259	6339	6375	6340	5255	5304	5135	5288	5232	5173	OVRFLW	OVRFLW	OVRFLW	5187	5190	5000	5704	5597	5672	6250	6221	6416	5146	5298	5171	4790	4948	4963	8618	8385	7924	5803	5597	5552	28775	28996	29413	2741	2700	2739	2976	2910	2978	2846	2784	2803	3182	3336	3206	3245	3408	3428	3037	3108	3347	3220	3142	3022	15645	17984	17343	3106	3252	3269	3299	3369	3339	3135	3090	3194	3348	3308	3224	3092	2964	3226	3647	3890	4101	3222	3193	3320	6542	8035	7675	2841	2735	2856	2761	2815	2792	2833	2753	2662
13:49:18	4934	5307	5200	6596	6390	6282	5111	5347	5204	5375	5324	5299	OVRFLW	OVRFLW	OVRFLW	5194	5121	5203	5696	5711	5734	6356	6230	6183	4934	5454	5263	4658	4891	4871	8719	8705	8125	5581	5708	5875	28401	29310	29544	2789	2715	2855	2955	2958	2818	2794	2848	2830	3103	3440	3389	3128	3316	3437	2977	3078	3279	3016	3152	3035	15379	17991	17456	3187	3232	3301	3295	3328	3342	3079	3114	3231	3266	3128	3371	3088	3156	3046	3733	3905	3875	3279	3325	3349	6541	7791	7763	2937	2730	2822	2686	2816	2836	2702	2753	2625
13:59:18	4848	5126	5439	6492	6254	6394	5128	5170	5318	5303	5386	5300	OVRFLW	OVRFLW	OVRFLW	5006	5080	5159	5747	5781	5659	6284	6418	6434	5333	5463	5195	4653	4970	4995	8432	8626	8025	5743	5593	5659	28574	27934	28986	2780	2956	2862	2868	2852	2836	2913	2850	2905	3386	3405	3396	3108	3185	3364	3231	3181	3232	2971	3236	3104	15347	17742	17371	3123	3295	3230	3329	3358	3307	3095	3153	3263	3145	3254	3233	2916	3111	3103	3861	3939	4042	3101	3291	3207	6460	7939	7543	2727	2604	2685	2698	2735	2716	2796	2692	2652
14:09:18	5001	5228	5306	6422	6476	6302	5282	5227	5260	5232	5465	5239	OVRFLW	OVRFLW	OVRFLW	5103	5217	5143	5607	5820	5765	6319	6458	6387	5206	5331	5205	4783	4762	5018	8809	8502	8013	5546	5776	5787	28601	28901	29186	2849	2807	2816	2944	2916	2809	2946	2878	2867	3263	3307	3349	3182	3423	3261	3128	3162	3073	3084	3190	3131	15624	17517	17321	3217	3324	3444	3232	3431	3195	3081	3187	3212	3206	3356	3230	2977	3090	3187	3795	4196	4070	3220	3215	3276	6414	7804	7705	2871	2729	2808	2808	2806	2828	2601	2759	2668
14:19:18	5158	5178	5349	6422	6421	6364	5235	5375	5305	5235	5178	5206	OVRFLW	OVRFLW	OVRFLW	5219	4972	5286	5764	5818	5905	6406	6289	6410	5267	5476	5186	5073	4897	4957	8732	8450	7941	5689	5652	5560	28554	28704	28864	2716	2778	2748	3107	2818	2763	2850	2906	2917	3334	3440	3357	3237	3361	3391	3052	3155	3217	3149	3296	3189	15228	17447	17141	3154	3326	3221	3350	3458	3301	3044	3185	3086	3239	3282	3194	3008	3165	3231	3717	4191	3962	3158	3283	3259	6271	7951	7874	2905	2612	2693	2712	2794	2907	2793	2793	2686
14:29:18	5117	5177	5470	6563	6610	6534	5300	5461	5427	5205	5372	5408	OVRFLW	OVRFLW	OVRFLW	5113	5184	4967	5654	5862	5811	6344	6377	6531	5214	5466	5226	4901	4993	5082	8715	8466	8394	5848	5798	5829	28604	27780	29235	2887	2830	2907	2845	2884	2780	2713	2758	2975	3246	3287	3281	3223	3354	3416	3229	3151	3056	2987	3059	3184	15187	17367	16663	3403	3148	3360	3337	3225	3364	3036	3146	3302	3278	3257	3175	3031	3105	3133	3662	3985	4029	3092	3197	3175	6460	7718	7585	2776	2649	2759	2602	2750	2697	2912	2711	2700
14:39:18	4949	5296	5373	6249	6569	6225	5267	5516	5184	5316	5284	5217	OVRFLW	OVRFLW	OVRFLW	5137	5214	5128	5558	5767	5739	6380	6314	6469	5042	5511	5353	5123	4746	5169	8474	8639	7950	5801	5732	5822	28379	28715	28872	2930	2850	2838	2852	2777	2645	2924	2834	2850	3186	3416	3419	3185	3505	3323	3134	3165	3132	2999	3196	3101	14897	17031	17047	3149	3299	3317	3341	3177	3382	3077	3085	3244	3278	3294	3235	2993	3167	3171	3800	3925	3939	3154	3155	3203	6442	7895	7883	2866	2674	2751	2783	2867	2697	2809	2741	2721
14:49:18	5116	5154	5434	6190	6348	6270	5298	5212	5467	5292	5369	5368	OVRFLW	OVRFLW	OVRFLW	5199	5291	5324	5854	5782	5914	6362	6308	6468	5237	5445	5314	5013	5018	5148	8782	8428	8272	5917	5787	5856	29043	28755	29340	2960	2919	2725	2944	2890	2781	2725	2711	2757	3151	3353	3409	3117	3292	3264	3211	3196	3123	3081	3349	3072	15269	17440	17017	3072	3399	3294	3134	3430	3352	3115	3219	3320	3205	3242	3067	3048	3126	3276	3631	4027	3995	3110	3237	3231	6515	7700	7811	2713	2678	2721	2722	2679	2705	2660	2722	2700
14:59:18	5241	5223	5594	6497	6326	6261	5462	5458	5449	5461	5346	5403	OVRFLW	OVRFLW	OVRFLW	5160	5014	5254	5845	5842	5690	6381	6340	6405	5216	5510	5191	4909	5097	5114	8783	8292	8204	5740	5829	5793	28282	28999	28768	2773	2941	2756	2888	2912	2828	2883	2802	2809	3145	3213	3264	3161	3389	3320	3114	3185	3187	3108	3278	3084	15278	17449	16923	3222	3253	3253	3075	3326	3305	3042	3093	3080	3184	3114	3327	2994	3278	3315	3606	3955	4182	3176	3186	3329	6354	7723	7584	2711	2632	2763	2818	2787	2806	2634	2677	2682
15:09:18	5154	5115	5466	6710	6539	6466	5285	5306	5376	5343	5347	5365	OVRFLW	OVRFLW	OVRFLW	5235	5046	5381	6016	5859	5807	6235	6308	6394	5145	5525	5284	5033	4860	5008	8746	8369	8191	5758	5690	5979	28360	28133	28673	2800	2785	2926	2875	2744	2833	2912	2709	2850	3232	3498	3356	3103	3472	3363	3161	3222	3036	3060	3075	3061	14840	17149	16947	3331	3323	3330	3260	3344	3331	3011	3181	3178	3273	3092	3293	2989	3179	3153	3788	4109	3939	3188	3200	3371	6495	7861	7704	2707	2676	2725	2764	2721	2657	2597	2707	2629
15:19:18	5093	5202	5428	6527	6337	6578	5510	5465	5547	5444	5538	5426	OVRFLW	OVRFLW	OVRFLW	5233	5186	5084	5994	5959	6102	6295	6207	6162	5282	5418	5348	5181	5038	5016	8409	8329	8097	5807	5726	6150	28322	27659	29251	2766	2893	3096	2928	2762	2912	2860	2898	2953	3230	3444	3356	3076	3361	3297	3130	3108	3235	3043	3026	3065	15254	17039	17156	3254	3246	3434	3257	3380	3449	3167	3284	3263	3182	3230	3146	3100	3151	3256	3782	3879	4028	3216	3200	3175	6384	7869	7746	2875	2618	2851	2685	2737	2737	2801	2646	2722
15:29:18	5088	5357	5451	6542	6554	6261	5486	5545	5576	5380	5481	5280	OVRFLW	OVRFLW	OVRFLW	5276	5099	5456	5901	5958	5855	6147	6286	6463	5152	5587	5335	5028	4942	5233	8635	8378	8061	5734	5864	5929	28722	28042	28933	2801	2862	2875	2979	2718	2800	2952	2963	2815	3397	3336	3419	3138	3376	3340	3150	3253	2971	3093	3165	3123	15418	17257	17159	3163	3372	3234	3321	3468	3183	3224	3149	3316	3210	3111	3193	3061	3224	2995	3557	3963	3892	3237	3244	3262	6515	8127	7639	2738	2633	2784	2687	2673	2766	2709	2688	2714
15:39:18	5029	5408	5434	6531	6417	6579	5543	5599	5236	5505	5340	5398	OVRFLW	OVRFLW	OVRFLW	5329	5197	5030	5836	6085	5903	6337	6212	6562	5379	5438	5314	5143	5062	5058	8444	8582	7910	5817	5609	5987	28627	27454	28549	2811	2663	2798	2914	2825	2730	2847	2938	2762	3120	3521	3418	3248	3402	3343	3327	3237	3156	3000	3094	3094	15671	17248	17086	3309	3209	3376	3218	3290	3352	3095	3129	3363	3128	3219	3198	3001	3243	3215	3725	4099	3966	3020	3395	3187	6333	7778	7545	2806	2711	2723	2750	2840	2844	2601	2692	2593
15:49:18	5213	5316	5579	6385	6573	6409	5378	5350	5473	5447	5305	5258	OVRFLW	OVRFLW	OVRFLW	5455	5139	5155	6035	6111	5904	6467	6434	6490	5345	5490	5224	4864	4988	4982	8744	8481	8076	5931	5747	5757	28490	27997	28930	2746	2918	2837	2876	2899	2826	2852	2866	2947	3148	3455	3429	3189	3309	3400	3033	3251	3050	3147	3132	3257	15061	16977	17012	3147	3325	3361	3276	3385	3389	3101	3214	3222	3434	3298	3332	2977	3069	3188	3775	4029	4069	3029	3274	3128	6427	7718	7593	2791	2718	2666	2676	2678	2772	2694	2739	2640
15:59:18	5231	5484	5347	6548	6516	6561	5467	5548	5442	5272	5417	5390	OVRFLW	OVRFLW	OVRFLW	5277	5307	5240	6061	5961	6044	6477	6209	6375	5109	5760	5484	4971	5017	5130	8466	8515	8011	5917	5856	5895	28195	28054	28858	2858	2871	2802	2943	2744	2724	2841	2802	2813	3151	3319	3250	3294	3317	3259	2974	3126	2995	3124	3069	3070	14927	16867	16559	3394	3286	3291	3223	3216	3505	3067	2918	3127	3304	3222	3252	2976	3173	3173	3664	3970	4101	3149	3139	3208	6247	7696	7561	2761	2623	2811	2572	2756	2865	2788	2698	2717
16:09:18	5211	5501	5501	6645	6437	6441	5417	5412	5405	5552	5440	5323	OVRFLW	OVRFLW	OVRFLW	5170	5292	5297	5816	6044	5951	6340	6587	6461	5203	5588	5567	5011	5150	5142	8400	8491	8249	5930	5793	5838	28644	27762	29214	2749	2759	2888	2852	2848	2914	2828	2849	2831	3288	3259	3308	2984	3462	3379	3028	3190	3170	2967	3104	3107	14582	16903	16814	3197	3266	3279	3072	3276	3230	3225	3130	3138	3067	3146	3304	3086	3120	3139	3730	4091	4010	3106	3147	3245	6336	7756	7484	2796	2595	2804	2849	2792	2920	2872	2743	2797
16:19:18	5210	5314	5435	6511	6437	6345	5310	5321	5431	5374	5438	5348	OVRFLW	OVRFLW	OVRFLW	5355	5279	5251	5833	6010	5875	6495	6293	6487	5184	5629	5371	5149	5054	5098	8498	8551	7941	5663	6046	5969	28368	27461	28408	2735	2747	2844	2932	2803	2880	2864	2786	2690	3252	3407	3431	3066	3276	3315	3211	3197	3106	3076	3180	3047	15254	17123	16321	3172	3360	3285	3082	3279	3366	3205	3023	3202	3238	3269	3323	2851	3153	3179	3637	3880	4055	3222	3153	3087	6347	7761	7781	2632	2673	2712	2627	2805	2689	2786	2677	2718
16:29:18	5258	5282	5365	6440	6271	6477	5260	5540	5521	5375	5480	5495	OVRFLW	OVRFLW	OVRFLW	5274	5236	5384	6014	6104	5868	6324	6404	6292	5217	5366	5274	4925	4752	5178	8508	8663	8387	5933	5844	5819	28344	28422	28760	2929	2794	2706	2943	2677	2815	2760	2780	2884	3197	3396	3271	3204	3291	3240	3075	3218	3134	3130	3025	2982	15071	16590	16861	3181	3347	3245	3337	3321	3473	3222	3150	3153	3250	3267	3189	3027	3132	3209	3769	4055	3885	3050	3301	3180	6392	7740	7646	2653	2643	2722	2730	2821	2723	2731	2675	2833
16:39:18	5361	5415	5424	6835	6432	6488	5272	5427	5567	5351	5466	5353	OVRFLW	OVRFLW	OVRFLW	5348	4981	5288	5785	5981	5909	6462	6445	6345	5250	5503	5353	4949	5003	5321	8646	8544	7970	5817	5783	5836	27878	27882	28775	2828	3055	2727	2947	2734	2821	2956	2697	2893	3345	3341	3115	3181	3358	3202	3088	3162	3160	3044	3164	3059	14879	16816	16583	3069	3256	3377	3180	3430	3345	2972	3265	3236	3234	3323	3201	2929	3129	3130	3895	3932	3911	3050	3298	3281	6516	7664	7680	2775	2614	2730	2713	2706	2801	2663	2727	2616
16:49:18	5270	5263	5451	6702	6498	6375	5513	5542	5411	5488	5447	5356	OVRFLW	OVRFLW	OVRFLW	5272	5093	5147	6078	6015	6073	6416	6405	6549	5260	5628	5156	5106	4839	5098	8421	8524	8201	5758	5810	5967	28434	27873	28825	2931	2814	2814	2896	2791	2846	2751	2738	2730	3168	3192	3285	3179	3567	3251	3141	3059	3158	3092	3204	3126	15051	16787	16358	3181	3188	3360	3342	3284	3247	3053	3142	3270	3326	3117	3350	2931	3235	3115	3788	3918	3856	3122	3187	3191	6303	7619	7781	2901	2593	2797	2766	2777	2800	2665	2717	2750
16:59:18	5174	5479	5604	6555	6539	6488	5448	5420	5623	5528	5698	5298	OVRFLW	OVRFLW	OVRFLW	5204	5038	5359	5883	5995	6042	6389	6446	6318	5439	5613	5478	4928	5054	5290	8762	8540	8240	6067	5622	5880	28231	27785	28242	2804	2681	2869	2916	2686	2808	2941	2761	2819	3199	3406	3507	3093	3426	3299	3120	3178	3098	3118	3110	3039	14955	16584	16391	3195	3267	3375	3330	3367	3313	3099	3225	3152	3254	3378	3209	2916	3254	3116	3662	3836	3957	3208	3214	3396	6578	7498	7564	2703	2602	2635	2613	2711	2764	2664	2776	2717
17:09:18	5279	5414	5555	6534	6515	6601	5622	5509	5519	5621	5235	5436	OVRFLW	OVRFLW	OVRFLW	5363	5172	5429	6076	6037	5772	6527	6308	6523	5354	5780	5403	5081	5085	5108	8528	8417	8304	5967	5749	5942	28598	27557	28324	2737	2849	2844	2947	2802	2786	2887	2795	2838	3175	3367	3440	3160	3414	3426	3196	3115	3213	3086	3156	3164	14698	16542	16513	3350	3326	3248	3186	3420	3308	3206	3104	3175	3231	3218	3264	2990	3250	3164	3754	3925	3854	3149	3137	3132	6253	7719	7454	2767	2790	2725	2618	2678	2678	2773	2798	2628
17:19:18	5171	5294	5428	6519	6635	6353	5494	5482	5429	5451	5564	5617	OVRFLW	OVRFLW	OVRFLW	5197	5206	5301	5988	6042	6026	6507	6340	6384	5380	5601	5476	5089	4839	5123	8547	8620	8330	6139	5880	5967	27801	27480	28326	2730	2655	2646	2940	2860	2798	2777	2768	2808	3176	3391	3380	3221	3321	3251	3028	3237	3202	3090	3276	3074	14744	16805	16474	3262	3315	3257	3280	3320	3247	3134	3144	3154	3145	3074	3292	2972	3159	3262	3805	3845	3952	3080	3164	3262	6238	7543	7510	2804	2608	2839	2631	2744	2635	2808	2710	2591
17:29:18	5065	5450	5555	6501	6547	6468	5814	5538	5447	5307	5541	5417	OVRFLW	OVRFLW	OVRFLW	5445	5109	5366	5967	6018	6026	6507	6213	6429	5399	5545	5334	5128	4948	5221	8642	8483	8362	5826	5864	5930	27777	27885	28259	2744	2797	2909	2905	2832	2775	2815	2659	2920	3187	3434	3371	3199	3433	3190	3051	3028	3233	3029	3134	3040	14590	16347	17058	3180	3212	3252	3253	3366	3260	3070	3082	3102	3216	3201	3281	2916	3197	3146	3813	3852	4064	2978	3255	3387	6546	7712	7524	2803	2677	2647	2839	2774	2738	2775	2718	2801
17:39:18	5373	5387	5696	6435	6558	6561	5767	5540	5524	5629	5436	5323	OVRFLW	OVRFLW	OVRFLW	5332	5276	5382	5925	6083	6144	6403	6506	6444	5436	5633	5472	5213	5058	5251	8614	8725	8203	6096	5884	5849	27726	27925	28189	2760	2707	2919	2845	2813	2684	2839	2828	2770	3438	3530	3377	3217	3379	3372	3131	3024	3098	2977	3087	2916	14572	16537	16254	3178	3240	3221	3231	3423	3305	2991	3125	3213	3220	3204	3310	2997	3282	3167	3637	4048	3896	2979	3203	3214	6544	7640	7770	2748	2677	2716	2512	2897	2665	2610	2644	2727
17:49:18	5358	5328	5690	6751	6587	6541	5308	5425	5568	5354	5527	5582	OVRFLW	OVRFLW	OVRFLW	5340	5408	5266	5892	6090	6066	6549	6385	6522	5512	5636	5399	5131	4974	5175	8365	8658	8275	5904	6046	6017	27707	27329	28054	2909	2813	2803	2837	2813	2869	2953	2701	2810	3183	3370	3279	3244	3349	3369	3038	3032	3142	3059	3148	3068	14955	16260	16352	3289	3264	3279	3205	3533	3466	3121	2946	3281	3172	3263	3182	2994	3144	3168	3665	4043	4118	3191	3161	3278	6433	7615	7567	2702	2602	2760	2731	2718	2729	2754	2732	2662
17:59:18	5418	5371	5563	6784	6663	6586	5413	5564	5575	5466	5577	5550	93149	OVRFLW	OVRFLW	5367	5135	5365	6048	6251	6135	6488	6258	6556	5388	5629	5367	5196	5066	5034	8466	8482	8359	5968	6049	5857	28239	28142	28368	2720	2844	2786	3009	3010	2680	2975	2752	2859	3358	3294	3190	3091	3245	3433	3164	3042	3287	3004	3207	3365	14827	16285	16400	3194	3326	3292	3354	3400	3384	3028	3083	3183	3179	3412	3224	2909	3166	3218	3844	3894	3938	3083	3166	3307	6442	7473	7565	2897	2698	2680	2783	2664	2833	2720	2791	2585
18:09:18	5308	5380	5356	6481	6684	6562	5460	5686	5607	5470	5525	5615	84831	OVRFLW	OVRFLW	5214	5302	5319	6225	5992	6066	6606	6402	6566	5451	5439	5299	5240	5088	5199	8644	8506	8158	6043	5992	5911	27987	27504	28379	2683	2863	2775	2871	2792	2808	2826	2721	2958	3305	3472	3410	3215	3227	3352	3250	3040	3203	3168	3251	3133	14669	16271	16345	3196	3219	3353	3209	3280	3272	3133	3121	3145	3050	3156	3291	3057	3287	3159	3783	4187	3991	3136	3291	3195	6505	7436	7301	2757	2594	2750	2740	2775	2752	2686	2686	2542
18:19:18	5347	5355	5571	6628	6840	6589	5606	5350	5413	5426	5613	5661	79136	OVRFLW	OVRFLW	5424	5448	5515	6018	5992	6211	6576	6340	6416	5331	5704	5413	5115	5076	5092	8755	8435	8123	6078	5955	5964	27425	27058	28016	2725	2840	2793	2897	2869	2774	2978	2702	2900	3334	3369	3347	3209	3348	3281	3055	3253	3195	3022	3229	3095	14448	16381	16031	3217	3250	3334	3290	3292	3345	3244	3133	3132	3183	3115	3185	2938	3195	3243	3744	3992	4008	3205	3210	3303	6317	7564	7477	2786	2607	2865	2677	2753	2710	2623	2745	2604
18:29:18	5342	5352	5597	6840	6659	6423	5665	5524	5583	5378	5616	5541	76282	OVRFLW	OVRFLW	5303	5237	5436	6137	6268	6168	6519	6552	6594	5484	5846	5353	5309	5138	5262	8681	8596	8350	5957	5979	6045	27755	27296	28172	2802	2741	2870	2930	2867	2742	2863	2851	2923	3224	3430	3302	3386	3317	3324	3111	3238	3162	2823	3194	3089	14721	15985	16453	3248	3475	3440	3470	3339	3430	3168	3081	3147	3210	3336	3123	2955	3329	3217	3607	3941	3954	3088	3214	3293	6576	7657	7573	2732	2585	2770	2621	2657	2825	2573	2703	2645
18:39:18	5298	5466	5651	6806	6696	6450	5578	5688	5700	5566	5603	5679	73097	OVRFLW	OVRFLW	5281	5287	5243	6139	5957	6152	6445	6416	6517	5438	5555	5457	5107	5183	5164	8432	8563	8272	5848	5846	5863	28645	27943	27995	2656	2762	2771	3072	2895	2839	3028	2783	2841	3314	3387	3321	3255	3399	3402	3193	3213	3119	3001	3222	2986	14614	16505	15692	3337	3357	3325	3221	3281	3453	3080	3043	3233	3381	3234	3243	2894	3305	3240	3883	3911	4103	3036	3233	3293	6257	7440	7560	2693	2728	2730	2738	2664	2805	2728	2738	2786
18:49:18	5430	5445	5693	6517	6759	6397	5407	5922	5593	5489	5657	5512	71883	99462	OVRFLW	5401	5317	5448	6270	6084	6284	6544	6321	6415	5402	5527	5570	5244	5260	5245	8453	8683	8262	5827	5990	5920	27561	28079	28106	2639	2860	2721	2925	2850	2799	2927	2829	2981	3355	3326	3324	3165	3214	3429	3134	3234	3269	3121	3189	3103	14815	16181	16116	3316	3322	3371	3311	3327	3491	3209	3245	3170	3114	3099	3179	3099	3036	3104	3760	4025	3943	3003	3136	3317	6425	7736	7369	2724	2548	2828	2734	2729	2723	2683	2672	2720
18:59:18	5514	5523	5562	6599	6738	6582	5695	5612	5604	5514	5591	5519	70779	92504	OVRFLW	5230	5376	5237	6058	6099	6125	6586	6222	6515	5329	5718	5585	5218	5463	5328	8671	8668	8450	5890	5806	5907	28001	27769	28397	2761	2740	2775	2935	2741	2740	2933	2724	2847	3273	3398	3386	3032	3389	3218	3231	3164	3271	3066	3182	3070	14081	16025	15984	3290	3266	3412	3303	3257	3441	3179	3199	3187	3179	3100	3145	2923	3127	3280	3810	4085	4062	3081	3216	3196	6159	7564	7563	2693	2597	2666	2728	2762	2663	2759	2706	2725
19:09:18	5415	5526	5581	6823	6671	6643	5515	5486	5585	5503	5534	5720	69328	80722	98049	5403	5513	5395	6081	5992	6326	6590	6532	6505	5321	5929	5443	5008	5059	5217	8443	8587	8355	5983	5997	6067	27214	27325	27736	2791	2895	2813	2932	2722	2835	3019	2777	2907	3326	3298	3410	3225	3457	3372	3070	3211	3285	2965	3063	3184	14472	15862	15912	3317	3163	3375	3073	3351	3355	3094	3204	3177	3157	3198	3224	2966	3158	3124	3755	3997	3951	3097	3176	3174	6414	7482	7427	2721	2487	2672	2755	2804	2591	2765	2637	2519
19:19:18	5513	5451	5561	6670	6765	6415	5578	5476	5520	5747	5788	5624	67544	68619	93522	5411	5323	5317	6228	5986	6147	6373	6476	6632	5586	5417	5598	5353	5230	5077	8407	8644	8314	5851	5903	6080	27451	27404	27764	2887	2831	2857	2932	2733	2772	2806	2727	2834	3096	3248	3439	3140	3181	3302	3206	3206	3271	3114	3080	3086	14739	16022	15678	3189	3333	3197	3364	3387	3234	3171	3128	3247	3254	3240	3237	3047	3173	3089	3625	4135	3941	3231	3131	3227	6443	7790	7359	2640	2668	2783	2845	2954	2690	2744	2670	2703
19:29:18	5486	5433	5477	6447	6635	6406	5641	5579	5570	5638	5579	5519	66223	67466	86936	5434	5314	5328	6039	6070	6158	6537	6596	6485	5335	5773	5641	5165	5226	5194	8361	8415	8083	6082	6136	6024	27759	27402	27753	2793	2702	2831	2807	2692	2804	2968	2787	2820	3122	3347	3307	3195	3437	3305	3024	3074	3186	3039	3200	3063	14505	16065	15962	3237	3373	3265	3260	3179	3433	3093	3136	3144	3163	3229	3218	2979	3203	3094	3613	4025	4133	3281	3183	3224	6228	7586	7483	2638	2600	2773	2694	2741	2711	2622	2760	2630
19:39:18	5631	5460	5474	6737	6767	6545	5468	5645	5650	5534	5548	5555	63771	66758	78860	5205	5321	5391	6050	6206	6158	6431	6450	6586	5436	5556	5436	5284	5203	5199	8395	8449	8301	5987	5832	6126	27853	27249	27653	2896	2775	2850	2875	2881	2826	2808	2602	2804	3250	3381	3355	3153	3387	3362	3071	3168	3228	3152	3163	3046	14479	16017	15848	3154	3157	3501	3381	3391	3229	3037	3100	3244	3179	3401	3153	2960	3098	3347	3598	3827	4137	3255	3275	3128	6266	7816	7675	2691	2455	2690	2781	2666	2575	2645	2608	2745
19:49:18	5640	5574	5499	6737	6776	6577	5683	5587	5520	5505	5468	5560	61474	63212	69320	5469	5348	5263	6009	6133	6170	6444	6557	6556	5432	5799	5472	5505	5269	5356	8528	8380	8188	5989	5980	5874	27660	26942	27928	2713	2875	2755	3042	2747	2738	2889	2682	2827	3117	3328	3343	3158	3420	3262	3110	3155	3224	2977	3284	3135	14474	16059	15573	3204	3308	3338	3264	3305	3254	3147	3068	3106	3149	3231	3322	2982	3133	3172	3605	3899	3985	3076	3286	3147	6273	7492	7296	2675	2618	2774	2664	2716	2711	2770	2762	2760
19:59:18	5418	5445	5692	6677	6611	6637	5638	5647	5530	5549	5621	5616	61886	62461	63559	5213	5275	5520	6020	5834	6213	6711	6627	6604	5341	5750	5608	5263	5375	5242	8596	8471	8223	6121	6141	5987	27819	27261	28058	2716	2858	2951	2827	2880	2854	2822	2708	2807	3156	3307	3314	3066	3370	3362	3131	3128	3139	3014	3069	3065	14364	15820	15410	3251	3306	3277	3251	3323	3303	3087	2929	3193	3061	3167	3248	3020	3170	3097	3763	4070	3876	3088	3196	3341	6253	7605	7414	2646	2613	2890	2822	2643	2708	2789	2705	2644
20:09:18	5646	5545	5807	6572	6597	6562	5669	5634	5651	5414	5360	5464	60140	60642	62705	5338	5269	5134	5971	6235	6236	6465	6494	6530	5473	5756	5615	5070	5296	5285	8368	8235	7987	6149	6056	5965	27334	26758	27346	2914	2819	2889	2899	2859	2845	2951	2712	2894	3104	3284	3384	3130	3257	3333	3062	3232	3092	3122	3331	2989	14290	15865	15686	3119	3299	3315	3318	3202	3249	3124	2989	3195	3183	3239	3217	2944	3144	3131	3761	4028	4054	3139	3250	3250	6102	7431	7631	2778	2560	2667	2626	2779	2824	2734	2716	2578
20:19:18	5358	5605	5733	6569	6608	6563	5510	5626	5680	5451	5428	5722	59171	60405	60363	5190	5182	5284	6147	6089	5977	6648	6296	6616	5255	5706	5572	5151	5229	5225	8634	8382	8070	5922	5977	6048	26933	26878	27819	2817	2851	2732	2766	2908	2904	2851	2750	2643	3216	3371	3323	3171	3500	3336	3063	3182	3002	3028	3114	3239	14115	15975	15347	3345	3183	3370	3262	3380	3236	2995	3100	3166	3117	3107	3336	3055	3056	3079	3482	3868	3979	3147	3215	3229	6026	7379	7518	2678	2571	2795	2704	2692	2669	2591	2547	2760
20:29:18	5641	5511	5604	6592	6796	6484	5645	5675	5736	5558	5650	5769	57971	58408	61851	5247	5324	5364	6003	6009	6067	6394	6559	6744	5421	5678	5525	5342	5317	5246	8269	8272	7992	6047	5983	6092	28008	26651	27395	2878	2760	2764	2769	2859	2903	2921	2849	2798	3095	3308	3195	3336	3343	3241	3224	3110	3153	3075	3246	3047	14323	15742	15528	3138	3234	3381	3199	3468	3453	3020	3071	3070	3099	3264	3245	2930	3107	3210	3845	3848	4015	3101	3266	3246	6380	7675	7410	2798	2610	2733	2734	2822	2776	2607	2436	2675
20:39:18	5713	5544	5568	6703	6778	6494	5772	5583	5552	5797	5520	5707	56280	58266	57779	5248	5314	5264	5987	6090	5885	6603	6380	6615	5425	5709	5516	5295	5181	5270	8393	8359	8270	6194	6316	6048	27349	26896	27414	2750	2736	2787	2841	2826	2724	2851	2921	2827	3259	3200	3227	3138	3286	3189	3077	3263	3230	3043	3129	3041	13956	15812	15339	3109	3316	3308	3373	3237	3408	3102	3172	3196	3237	3287	3304	3005	3084	3138	3714	3993	3990	3141	3221	3177	6417	7570	7280	2708	2508	2729	2571	2812	2715	2686	2592	2712
20:49:18	5633	5544	5699	6815	6772	6709	5533	5714	5540	5761	5749	5668	55330	56654	57591	5455	5171	5481	5930	6001	6084	6530	6608	6586	5511	5599	5606	5478	5176	5153	7845	8179	8166	6041	6030	5883	27407	26361	27426	2713	2721	2788	2978	2705	2899	2925	2889	2838	3297	3097	3297	3184	3363	3457	3142	3063	3152	3103	3112	2940	14291	15926	15639	3208	3308	3439	3421	3363	3447	3067	3094	3299	3076	3242	3175	3060	3208	3110	3659	3864	3792	3076	3188	3146	6381	7365	7309	2689	2586	2698	2638	2733	2652	2545	2669	2806
20:59:18	5696	5428	5465	6748	6665	6727	5651	5705	5641	5523	5687	5601	54240	55240	56674	5255	5423	5192	6150	6048	6144	6439	6511	6491	5581	5534	5257	5297	5266	5224	7988	7989	8202	6066	5836	5966	26825	26275	26820	2801	2729	2845	2933	2827	2905	2838	2662	2904	3131	3393	3254	3135	3230	3204	3172	3204	3231	3038	3145	3051	14343	15670	15291	3298	3265	3302	3156	3410	3302	3055	3157	3247	3165	3230	3317	3074	3222	3227	3843	3948	3931	3113	3176	3121	6128	7435	7335	2603	2666	2544	2621	2700	2787	2610	2709	2678
21:09:18	5773	5587	5581	6544	6683	6333	5801	5666	5540	5524	5676	5560	53522	53454	55318	5343	5211	5422	6122	5867	6009	6598	6506	6656	5403	5722	5433	5203	5325	5144	7963	8090	8497	6136	6134	5844	26791	26311	26655	2783	2755	2767	2830	2944	2891	2806	2585	2869	3125	3338	3428	3194	3398	3194	3066	3176	3235	2959	3238	2973	14111	15721	15205	3183	3249	3341	3303	3126	3253	3197	3095	3146	3286	3140	3135	3047	3208	3147	3735	4048	3991	3138	3241	3214	6224	7371	7440	2702	2680	2787	2552	2664	2730	2660	2701	2697
21:19:18	5707	5572	5599	6753	6566	6414	5682	5840	5545	5709	5737	5592	52682	53408	53999	5304	5339	5307	6060	5902	6042	6318	6383	6591	5407	5708	5675	5281	5349	5308	7950	7587	8234	6061	6074	6059	26435	26573	26371	2745	2748	2833	2970	2796	2851	2915	2837	2856	3232	3268	3289	3117	3370	3392	3091	3143	3179	3032	3091	3197	14418	15665	15684	3292	3234	3236	3367	3390	3341	3088	3011	3120	3246	3230	3278	2977	3046	3245	3723	3917	4010	3154	3181	3122	6226	7340	7517	2885	2558	2800	2590	2808	2770	2700	2544	2712
21:29:18	5645	5456	5662	6580	6703	6466	5640	5706	5653	5580	5766	5445	52435	52410	53581	5537	5374	5304	6024	6233	6121	6588	6488	6526	5651	5520	5477	5357	5330	5198	7757	7631	8155	5983	6075	6037	26420	26053	25850	2773	2759	2826	2905	2969	2713	2806	2788	2708	3200	3411	3418	3054	3257	3242	3134	3254	3144	3157	3122	3070	14238	15491	15506	3290	3348	3208	3153	3289	3398	3051	3171	3122	3123	3052	3273	3012	3154	3224	3856	4020	3951	3163	3119	3149	6270	7388	7440	2898	2672	2719	2719	2885	2740	2781	2672	2682
21:39:18	5455	5445	5409	6854	6604	6594	5729	5657	5689	5631	5727	5669	51194	52284	52571	5371	5165	5523	6186	6027	6033	6529	6266	6326	5471	5637	5502	5067	5196	5384	7657	7627	8091	6156	6077	5766	26515	25775	26436	2646	2759	2819	2827	2794	2716	2957	2774	2901	3339	3427	3434	3120	3209	3328	3141	3187	3106	3035	3139	3204	14205	15337	15158	3256	3351	3396	3235	3324	3237	3152	3015	3133	3246	3164	3252	2885	3174	3266	3882	3963	3977	2982	3264	3233	6397	7683	7242	2741	2513	2674	2693	2694	2696	2495	2679	2600
21:49:18	5699	5512	5713	6608	6960	6289	5688	5729	5507	5706	5586	5680	50564	51438	50880	5490	5376	5462	5985	5973	6082	6716	6518	6493	5565	5618	5414	5174	5268	5215	7816	7793	8245	6091	6064	6342	25892	26064	25711	2707	2819	2814	2841	2812	2857	2653	2846	2814	3246	3320	3404	3184	3250	3438	3223	3150	3177	3076	3249	3028	14276	15699	15316	3192	3253	3309	3236	3253	3394	2969	3172	3070	3122	3223	3181	3021	3056	3217	3781	3848	3837	3094	3063	3138	6192	7463	7522	2802	2609	2675	2635	2755	2729	2630	2645	2655
21:59:18	5813	5630	5711	6683	6712	6451	5593	5584	5677	5557	5637	5576	50506	50033	51989	5312	5216	5388	6128	6252	6074	6468	6539	6429	5435	5837	5303	5206	5272	5185	7702	7386	8112	6021	6301	6168	24891	25819	25256	2692	2732	2655	2876	2853	2755	2864	2834	2765	3240	3217	3404	3054	3154	3361	3133	3136	3118	3128	3229	2960	13861	15644	15322	3253	3419	3390	3225	3270	3433	3271	3027	3251	3220	3321	3262	2902	3115	3069	3617	4032	4149	3201	3121	3288	6471	7283	7464	2649	2470	2767	2654	2616	2783	2738	2629	2617
22:09:18	5628	5449	5729	6766	6645	6719	5774	5663	5635	5527	5965	5691	49995	50178	50902	5493	5335	5412	6114	6024	6095	6549	6482	6601	5531	5798	5685	5177	5280	5287	7700	7760	8096	6195	5925	5954	24661	24817	24567	2914	2840	2917	2887	2701	2803	2851	2644	2809	3159	3416	3318	3111	3409	3380	3128	3167	3164	2977	3055	3114	13837	15574	15390	3320	3365	3159	3286	3322	3315	3132	3027	3167	3335	3236	3233	2963	3097	3075	3735	3895	4042	3023	3102	3241	6113	7494	7305	2648	2551	2653	2777	2688	2611	2724	2655	2646
22:19:18	5679	5582	5500	6636	6685	6613	5645	5843	5698	5747	5607	5575	48163	50144	49785	5242	5455	5412	6115	6037	5991	6418	6660	6420	5447	5669	5555	5224	5287	5152	7649	7713	8218	6065	5961	6078	24000	24597	24192	2739	2785	2652	2864	2763	2884	2842	2776	2828	3105	3257	3316	3198	3319	3232	3191	3169	3096	3065	3172	3174	14176	15486	15653	3303	3322	3349	3244	3313	3259	2948	3114	3222	3270	3180	3302	3030	2989	3197	3728	3963	4039	3148	3179	3193	6180	7273	7611	2636	2669	2704	2797	2905	2776	2684	2552	2612
0:00:00																																																																																																
0:00:00																																																																																																
0:00:00																																																																																																
0:00:00																																																																																																
0:00:00																																																																																																
0:00:00																																																																																																
0:00:00																																																																																																
0:00:00																																																																																																
0:00:00																																																																																																
0:00:00																																																																																																
0:00:00																																																																																																
0:00:00																																																																																																
0:00:00																																																																																																
0:00:00																																																																																																
0:00:00																																																																																																
0:00:00																																																																																																
0:00:00																																																																																																
0:00:00																																																																																																
0:00:00																																																																																																
0:00:00																																																																																																

