EGFP:488,507

Kinetic read	A1	A2	A3	A4	A5	A6	A7	A8	A9	A10	A11	A12	B1	B2	B3	B4	B5	B6	B7	B8	B9	B10	B11	B12	C1	C2	C3	C4	C5	C6	C7	C8	C9	C10	C11	C12	D1	D2	D3	D4	D5	D6	D7	D8	D9	D10	D11	D12	E1	E2	E3	E4	E5	E6	E7	E8	E9	E10	E11	E12	F1	F2	F3	F4	F5	F6	F7	F8	F9	F10	F11	F12	G1	G2	G3	G4	G5	G6	G7	G8	G9	G10	G11	G12	H1	H2	H3	H4	H5	H6	H7	H8	H9	H10	H11	H12
0:08:37	208	179	213	213	188	169	171	196	184	210	176	174	447	450	461	187	208	187	186	149	198	164	187	189	146	189	191	218	203	171	191	206	187	189	202	180	262	264	266	171	160	177	165	176	178	168	167	182	196	181	222	176	209	195	187	171	176	181	177	169	392	480	447	184	179	198	198	197	149	189	236	195	176	191	174	164	210	182	176	207	189	158	165	197	285	284	314	177	192	166	206	193	175	178	172	173
0:18:37	185	174	193	192	197	172	168	173	194	192	183	207	502	450	543	194	183	173	206	202	193	201	185	180	188	181	194	211	173	187	200	207	195	209	201	207	266	305	341	180	209	151	175	182	193	178	169	177	183	184	209	191	178	202	191	190	179	171	189	191	434	529	487	168	168	208	192	181	161	180	196	205	169	202	169	181	178	169	216	222	180	180	178	197	282	279	538	196	163	190	178	184	146	192	151	177
0:28:37	180	189	190	186	177	165	186	191	210	222	189	183	520	482	994	185	179	200	191	193	212	206	204	199	170	194	193	187	163	197	226	203	186	208	186	186	282	420	480	196	185	163	216	193	150	179	196	180	186	182	177	201	167	195	198	203	193	168	196	178	727	533	482	175	174	187	188	185	157	207	190	203	174	180	174	201	182	183	233	213	206	162	190	174	315	279	514	184	159	165	178	141	182	163	175	164
0:38:37	202	176	172	200	185	201	170	178	202	199	215	181	561	546	1328	207	198	201	192	223	190	197	188	208	187	203	178	170	198	201	227	194	199	189	173	228	285	530	576	210	179	218	196	220	192	186	176	202	166	183	194	225	206	197	188	189	220	183	171	172	556	516	514	170	214	190	180	214	187	182	197	210	202	180	156	182	193	195	201	195	198	186	169	196	308	319	453	180	162	175	172	205	185	168	161	168
0:48:37	167	161	177	202	179	196	183	178	173	196	173	205	590	584	1494	182	200	187	204	177	195	182	183	214	167	195	203	180	176	193	225	180	171	194	186	187	316	543	534	181	190	215	169	199	166	172	174	172	170	188	196	191	201	183	191	203	180	186	196	184	587	543	555	176	187	206	186	176	160	180	171	209	183	183	182	193	178	183	190	197	210	181	212	170	313	341	344	178	181	197	189	204	184	178	172	183
0:58:37	175	190	215	174	183	187	180	176	193	203	204	194	635	610	1529	197	180	199	183	187	168	213	189	198	160	172	187	208	197	196	226	217	203	159	196	201	346	476	553	191	213	185	147	162	190	179	175	195	164	182	177	179	191	188	166	181	171	190	193	204	550	559	569	194	187	194	209	174	200	179	190	184	208	193	173	202	189	181	191	210	214	169	166	140	346	357	288	174	165	172	173	208	212	191	179	175
1:08:37	178	187	180	203	195	180	198	202	180	175	200	178	643	698	1545	181	188	157	192	185	191	219	147	223	218	179	172	183	210	210	223	195	204	188	184	169	333	425	422	202	149	202	180	192	170	165	166	192	165	177	180	186	223	188	207	193	181	181	202	197	598	646	598	191	178	199	200	199	176	210	190	241	174	182	145	185	208	174	196	183	209	180	160	198	362	343	307	188	158	197	178	171	189	190	177	188
1:18:37	193	216	169	197	184	198	188	201	188	185	213	192	707	736	1473	168	184	196	180	187	210	218	182	212	199	165	213	205	189	178	237	224	187	191	175	182	348	402	453	183	179	193	184	190	181	171	185	207	191	186	205	190	189	179	212	179	171	189	185	206	612	699	659	187	179	181	182	198	177	200	209	189	166	203	172	192	195	198	205	198	173	189	155	210	371	434	344	179	169	184	179	197	200	199	165	181
1:28:37	177	160	177	173	197	188	166	190	205	174	182	189	814	763	1311	199	207	190	218	208	187	193	189	206	188	221	215	207	202	204	210	225	224	192	182	196	370	399	389	175	188	184	163	192	167	169	171	187	186	186	175	186	193	194	180	173	175	203	188	206	640	748	688	200	187	212	180	198	160	191	205	180	197	170	206	190	166	186	203	170	186	191	187	156	390	397	342	187	176	184	220	167	170	196	158	214
1:38:37	191	185	201	217	168	210	196	173	196	185	185	166	845	846	932	198	193	179	187	210	202	187	171	203	177	158	214	168	191	197	226	201	224	218	198	182	391	390	407	180	196	199	191	169	182	206	185	195	190	163	185	155	201	201	183	186	210	152	176	192	684	813	751	159	192	172	177	194	183	188	195	201	188	185	189	162	178	162	210	230	221	161	166	149	386	404	375	171	186	184	185	140	193	190	191	173
1:48:37	178	174	187	185	192	182	188	181	191	214	200	201	894	884	1004	216	214	190	191	201	179	194	193	197	213	192	167	193	189	201	220	203	197	206	206	170	403	398	427	174	204	176	178	158	175	180	187	167	186	167	210	196	171	177	174	194	188	186	178	205	734	829	779	175	158	188	186	194	192	203	217	198	181	194	187	218	191	206	227	235	215	210	207	165	370	410	395	164	166	185	194	167	154	145	184	194
1:58:37	206	196	208	193	155	196	199	182	209	189	186	178	953	889	1061	180	201	200	168	203	191	188	214	205	182	170	171	209	193	201	218	239	228	204	201	207	434	440	448	182	183	196	202	178	162	183	195	187	206	195	170	186	196	214	179	200	212	158	192	181	741	853	822	181	184	188	193	209	199	191	175	193	218	213	181	171	206	202	227	222	228	206	186	202	403	425	409	132	176	166	175	194	183	192	171	172
2:08:37	209	194	182	206	217	202	175	197	179	172	215	174	1018	1001	1077	231	172	189	190	189	217	189	198	202	197	156	175	202	181	191	251	224	247	214	188	215	414	432	426	161	158	172	184	184	170	185	168	195	195	201	216	187	230	195	167	187	181	219	232	199	783	936	892	183	150	193	203	171	174	191	215	203	220	196	191	185	159	196	206	242	211	176	186	211	400	378	420	182	168	172	191	156	174	165	170	156
2:18:37	190	199	197	188	216	181	171	185	202	205	189	188	1078	1058	1209	185	177	160	190	207	195	215	188	192	168	167	180	200	174	197	234	242	208	202	172	189	477	480	477	182	181	164	192	189	189	163	152	185	158	210	233	187	225	171	187	180	185	185	185	189	785	969	882	181	173	198	186	189	184	169	203	204	217	177	172	188	185	201	207	258	233	202	200	201	387	408	420	170	152	147	177	157	170	165	187	181
2:28:37	195	198	191	195	178	182	191	202	202	168	198	163	1188	1160	1269	182	186	217	195	220	195	191	196	185	194	208	195	179	190	185	248	234	205	213	179	203	479	481	491	179	166	179	170	191	200	198	161	160	185	212	213	187	171	202	205	192	194	181	168	196	827	980	920	184	190	187	168	189	212	188	187	195	181	185	244	170	225	189	192	233	236	206	197	205	411	449	417	187	168	171	147	193	177	182	161	175
2:38:37	195	214	214	215	181	198	201	202	208	194	186	185	1216	1241	1343	225	195	175	208	169	192	200	198	195	203	195	196	195	193	191	276	241	227	226	182	212	513	494	507	210	195	172	213	188	167	192	187	187	206	190	195	194	202	190	160	156	193	178	178	180	862	1055	963	141	183	173	156	196	209	201	209	202	202	184	171	173	189	198	253	243	210	198	212	143	415	449	435	190	183	165	163	165	142	172	188	172
2:48:37	180	202	213	237	215	215	188	187	233	134	176	218	1383	1361	1407	187	185	197	201	203	178	208	195	202	208	201	165	170	200	181	240	256	220	203	179	212	530	549	531	181	163	191	185	169	184	170	185	174	199	181	222	197	193	209	189	188	195	203	181	165	879	1020	1040	162	170	222	206	196	212	166	186	201	208	206	213	181	174	197	236	230	206	210	191	163	437	433	480	177	179	167	176	153	179	204	156	197
2:58:37	215	154	208	215	204	180	221	201	190	206	198	201	1421	1377	1484	206	191	217	214	215	200	199	202	209	200	160	169	208	217	201	273	266	230	183	194	218	590	576	568	178	170	177	187	182	181	172	184	194	194	182	214	215	199	208	218	190	199	169	192	184	880	1089	1056	187	181	184	193	186	185	206	189	192	201	194	186	205	187	201	195	219	242	209	184	188	421	450	452	144	167	177	163	149	185	168	186	209
3:08:37	232	166	207	208	184	208	196	214	201	195	219	194	1491	1541	1575	205	206	185	201	222	217	203	190	187	175	196	214	182	200	211	259	250	236	201	188	224	599	590	648	170	188	169	192	170	180	217	208	188	181	179	204	180	243	188	178	191	205	179	199	173	883	1129	1090	187	182	199	176	231	204	172	189	222	199	202	176	173	216	195	215	234	243	189	195	182	431	451	421	176	201	162	180	184	183	185	197	181
3:18:37	229	217	225	235	215	209	206	227	205	216	181	202	1580	1582	1611	163	178	227	224	207	182	201	221	215	188	196	180	226	211	209	262	277	224	211	203	181	668	613	642	176	150	190	182	189	173	180	172	222	185	173	218	213	213	180	195	186	190	191	177	158	952	1133	1128	190	194	214	209	175	186	187	205	227	176	194	212	168	169	201	236	220	234	181	172	206	415	448	442	144	181	179	183	193	160	215	181	174
3:28:37	190	191	222	225	240	191	189	153	189	202	176	194	1663	1659	1755	207	191	205	212	188	197	216	179	226	200	155	223	216	205	188	253	260	260	186	214	214	677	637	692	185	174	185	176	170	175	181	182	206	191	186	220	193	210	209	189	181	183	177	188	182	938	1163	1129	202	175	175	207	210	187	200	184	209	178	205	197	204	205	200	239	224	238	219	188	181	438	465	460	176	133	229	176	190	192	176	180	161
3:38:37	190	197	209	192	210	175	216	188	213	208	224	189	1777	1672	1909	203	221	172	218	216	220	215	224	213	195	193	199	211	232	229	268	276	266	240	198	198	728	684	706	174	176	166	188	192	172	190	198	174	203	197	186	206	217	224	192	181	185	198	179	180	972	1188	1134	198	191	205	191	205	206	164	209	200	172	176	186	178	223	179	188	262	246	187	214	199	418	481	462	173	167	158	195	174	177	160	162	176
3:48:37	192	194	221	237	233	200	216	203	168	198	188	193	1862	1857	1996	191	212	188	229	232	231	206	219	199	194	201	186	209	211	235	263	276	267	218	209	227	772	717	759	166	194	195	207	207	220	180	173	196	195	210	194	178	242	210	204	192	214	183	192	194	1003	1161	1158	182	177	212	207	228	201	195	210	215	170	212	170	176	187	168	226	239	240	186	195	231	421	453	412	156	161	184	181	194	191	168	198	168
3:58:37	214	236	218	215	209	209	205	204	191	208	194	183	1947	1983	2151	218	203	196	189	212	190	202	209	244	222	197	194	211	202	218	280	253	263	210	210	196	791	763	835	192	162	189	180	153	169	148	157	212	208	203	219	183	189	205	206	175	173	189	195	205	1009	1167	1147	197	209	183	217	203	239	186	218	195	197	204	229	175	199	200	231	229	215	176	199	188	398	464	484	192	192	188	153	177	172	189	184	191
4:08:37	198	212	207	242	175	241	192	196	214	200	171	210	2039	2054	2279	182	203	198	200	178	217	215	230	234	193	235	191	207	223	216	301	300	276	214	209	226	867	819	872	196	184	185	202	171	167	169	178	185	229	185	203	184	212	205	170	206	189	190	161	205	1001	1176	1202	185	192	179	200	220	204	189	181	204	184	191	206	167	183	195	253	248	221	183	206	187	457	435	457	205	161	185	140	174	168	164	171	202
4:18:37	182	217	189	213	211	255	183	221	178	219	230	200	2225	2229	2359	196	233	217	245	207	208	212	255	230	230	210	192	217	214	178	310	285	282	178	232	224	857	886	891	168	195	187	196	164	191	184	190	178	207	182	209	182	202	201	186	209	205	194	205	185	1015	1207	1193	208	173	176	228	193	239	189	190	202	197	188	220	165	196	175	230	278	213	180	206	162	458	463	470	186	150	208	182	181	176	163	178	185
4:28:37	198	208	183	212	228	234	229	192	195	233	208	188	2355	2321	2549	219	174	186	250	215	202	234	212	212	206	221	193	251	214	216	324	328	272	197	178	231	895	869	917	164	187	187	172	192	153	185	174	171	214	224	187	214	203	220	181	206	185	185	207	158	1003	1189	1174	196	201	208	181	209	202	212	218	218	245	190	203	189	183	180	229	249	257	202	181	193	414	498	487	176	178	197	170	178	199	172	215	161
4:38:37	187	226	225	211	237	222	190	210	205	184	243	211	2424	2478	2592	203	207	214	212	213	204	221	203	234	225	227	236	208	210	206	320	325	266	226	188	204	951	920	992	165	186	174	204	191	196	181	183	195	192	191	183	218	208	193	198	210	203	214	216	186	971	1227	1207	181	180	198	186	183	193	212	213	204	215	217	194	163	224	212	245	236	223	214	191	195	439	509	476	175	188	165	175	182	175	151	165	177
4:48:37	208	198	206	246	222	230	190	209	237	197	226	232	2598	2595	2784	192	182	193	202	241	200	226	246	232	205	223	208	214	209	227	316	340	289	252	216	210	987	988	1034	168	196	171	204	177	192	167	172	197	203	216	202	188	211	213	207	170	211	214	209	189	993	1238	1198	191	197	215	185	222	210	203	197	219	228	209	197	165	187	198	267	242	233	168	211	208	444	452	475	171	180	170	190	175	184	197	167	174
4:58:37	204	178	222	225	207	197	201	213	213	194	225	177	2753	2716	2976	216	200	224	217	229	207	231	223	244	187	198	195	163	202	206	358	337	298	230	201	234	1076	1041	1077	184	182	186	159	158	170	184	168	170	199	215	216	199	191	188	196	223	190	216	202	208	985	1207	1205	166	221	213	174	189	186	203	197	209	192	187	188	206	213	200	234	254	227	216	205	216	446	520	466	185	192	167	161	190	174	176	153	153
5:08:37	195	196	202	251	237	247	230	198	201	214	193	196	2938	2977	3050	208	199	202	208	210	178	237	236	244	206	211	200	222	207	218	352	354	291	208	192	201	1119	1128	1144	164	196	182	203	200	179	172	171	188	196	239	181	196	207	207	196	210	176	171	207	191	1028	1216	1219	199	211	196	182	250	233	234	186	201	181	187	229	175	177	178	233	240	230	215	188	185	463	485	467	211	180	145	166	216	167	190	161	183
5:18:37	216	215	236	239	235	219	202	219	207	198	208	180	3108	3052	3290	218	210	194	229	216	218	252	278	258	226	221	215	208	228	207	373	371	322	229	239	197	1146	1160	1113	186	206	185	157	175	180	194	203	161	179	223	181	180	218	203	203	194	197	184	215	167	994	1213	1200	191	220	203	194	186	202	194	169	236	205	204	182	206	195	205	243	223	259	174	180	190	411	518	498	176	173	190	193	189	187	175	177	145
5:28:37	225	217	207	237	261	237	221	217	200	252	218	203	3273	3234	3423	213	217	210	204	218	256	234	271	260	220	199	224	225	205	199	355	358	313	206	244	231	1193	1198	1219	149	166	179	158	154	188	188	196	149	208	216	207	197	178	211	210	213	159	193	181	175	1060	1224	1184	199	195	191	196	193	190	182	178	216	179	159	220	193	216	174	236	255	256	189	200	203	443	489	462	198	168	194	186	179	171	185	163	190
5:38:37	237	206	228	274	256	230	196	213	216	223	216	202	3438	3375	3619	222	208	198	241	208	199	235	229	244	206	202	230	216	194	223	354	340	305	222	232	203	1180	1217	1259	176	156	184	157	179	180	148	202	197	190	214	191	200	213	206	190	229	179	208	192	180	1033	1219	1184	204	197	217	194	208	213	192	198	194	192	155	195	195	204	186	213	245	247	190	188	183	408	509	464	160	166	169	171	157	171	189	166	165
5:48:37	211	212	214	251	257	218	212	229	210	220	222	226	3629	3579	3802	188	242	206	242	238	189	245	275	258	183	215	216	195	194	224	408	379	350	214	228	217	1277	1310	1347	190	198	182	180	199	191	171	176	175	199	229	214	187	228	194	189	224	194	206	237	176	1015	1210	1229	184	201	209	210	221	187	191	203	200	215	221	190	204	197	207	204	236	254	193	205	199	430	483	456	143	144	171	171	188	170	179	186	154
5:58:37	233	233	217	296	265	244	215	235	172	217	199	187	3744	3765	3966	186	197	167	205	230	209	267	252	262	245	218	192	199	190	208	425	365	343	215	235	217	1305	1310	1345	188	203	169	199	173	189	196	175	199	196	228	221	193	204	224	187	203	175	196	224	202	1041	1204	1185	159	198	168	209	191	206	180	213	205	217	189	186	183	182	176	221	241	222	191	228	205	427	514	488	179	192	168	166	177	161	163	183	183
6:08:37	227	218	229	271	260	208	199	219	179	216	189	223	3864	3865	3974	193	219	217	222	254	211	238	259	292	241	219	231	220	186	217	423	403	337	214	250	218	1405	1417	1420	175	184	204	177	177	174	196	181	189	206	192	213	200	224	196	186	194	194	189	194	230	1012	1166	1172	221	201	208	213	189	184	198	200	200	193	161	201	192	199	194	246	254	225	219	218	218	450	493	470	163	173	200	147	180	150	182	193	160
6:18:37	211	223	239	266	256	279	222	214	226	203	220	222	4063	3942	4160	229	214	210	247	231	206	271	236	261	219	230	210	230	244	238	448	442	350	214	204	245	1429	1402	1477	190	154	162	201	174	163	172	165	183	204	217	218	200	186	221	192	192	188	192	186	147	1035	1197	1159	178	189	205	218	210	207	213	201	208	179	176	208	199	191	183	244	235	230	189	215	189	444	550	471	147	211	166	170	174	207	155	175	174
6:28:37	239	220	243	287	272	258	243	228	208	188	231	245	4129	4123	4289	215	208	214	228	229	220	270	267	263	230	222	235	207	234	199	469	459	348	236	205	229	1484	1499	1536	180	176	161	191	166	200	150	178	192	202	202	202	172	220	203	205	187	192	192	199	166	1037	1187	1149	175	227	178	169	204	193	197	187	182	200	212	207	174	211	189	219	273	211	230	204	179	460	492	440	177	174	194	178	160	180	174	164	183
6:38:37	241	232	241	294	280	250	230	225	216	221	222	244	4285	4240	4448	251	226	213	246	269	254	285	271	252	219	259	206	227	223	252	448	440	378	223	236	237	1532	1610	1580	211	174	213	155	190	169	198	185	206	214	230	210	187	211	178	202	193	196	176	214	192	1003	1189	1160	198	224	206	198	209	213	178	202	197	209	195	203	217	178	211	232	274	271	209	196	208	406	481	487	156	177	167	174	194	174	173	170	153
6:48:37	240	255	255	295	267	282	183	214	232	240	232	236	4454	4411	4551	194	237	229	283	278	233	296	297	300	238	213	279	222	235	237	438	476	369	253	268	247	1569	1596	1615	180	191	202	222	177	181	183	200	191	207	193	201	185	200	204	183	188	181	190	197	204	999	1226	1166	200	186	193	195	217	183	195	217	195	173	211	211	205	169	199	230	247	241	196	202	200	398	525	478	212	166	192	184	190	164	194	192	186
6:58:37	273	256	223	273	278	280	239	239	233	219	225	251	4626	4451	4703	231	223	242	260	266	249	293	308	283	242	230	212	248	223	222	481	460	383	233	239	236	1661	1724	1673	157	173	165	157	183	163	192	159	185	214	211	212	201	217	212	203	176	209	195	179	209	1068	1175	1153	192	182	178	217	229	190	174	190	231	221	229	198	194	200	181	221	243	239	190	178	170	432	529	507	188	166	187	192	149	177	172	169	161
7:08:37	255	247	252	273	280	274	284	255	234	269	223	230	4734	4597	4881	228	232	205	222	257	277	305	289	282	219	250	250	248	226	225	475	444	405	252	239	264	1660	1777	1684	168	197	192	218	214	179	167	166	165	231	221	214	192	201	209	207	217	196	175	165	209	1029	1180	1175	202	217	196	202	192	225	189	220	196	192	205	191	157	205	204	249	256	238	191	186	178	419	497	489	156	157	169	163	174	175	164	163	184
7:18:37	278	272	253	305	277	331	241	268	236	235	268	229	4906	4844	5030	251	231	254	270	226	244	291	293	284	274	245	259	211	223	233	465	487	425	266	249	256	1635	1886	1789	169	179	171	174	151	176	173	165	168	215	198	199	200	236	218	191	211	215	195	205	187	1034	1214	1137	195	214	231	217	171	209	176	197	179	186	190	189	207	195	205	205	237	222	180	199	166	422	489	490	171	176	162	151	180	174	174	169	206
7:28:37	246	278	261	328	305	305	238	219	247	245	230	224	4967	4828	5238	221	266	244	252	260	273	309	294	300	237	270	260	256	211	251	462	493	419	243	290	286	1713	1884	1758	182	174	194	159	177	191	149	179	192	198	228	220	196	216	194	187	171	211	208	213	208	1015	1234	1167	219	227	214	202	191	217	241	192	222	172	219	196	191	208	178	221	251	259	206	208	197	433	492	449	156	196	161	178	189	186	185	169	158
7:38:37	272	268	260	302	317	324	258	238	273	225	260	269	5038	4938	5419	240	226	219	278	280	290	312	291	328	253	277	253	253	215	229	460	512	435	256	254	270	1707	1915	1801	175	172	190	162	180	186	176	182	206	210	201	210	199	220	188	189	190	177	198	208	209	1017	1197	1160	215	202	219	217	206	173	192	217	208	203	208	233	184	183	199	244	260	244	202	188	222	396	510	466	182	175	151	142	187	166	156	169	187
7:48:37	268	302	275	313	330	305	226	256	243	259	238	256	5294	5119	5542	250	233	291	247	268	265	298	306	326	290	269	274	245	236	265	515	479	450	266	283	266	1728	1894	1879	191	198	187	204	163	175	192	180	191	220	240	218	189	204	205	204	221	165	184	220	201	1038	1176	1134	215	204	211	216	192	194	217	205	222	200	185	227	196	245	205	262	268	256	212	233	211	443	517	476	181	166	198	167	169	191	159	194	164
7:58:37	240	263	274	355	335	310	260	264	257	245	267	249	5302	5187	6047	255	291	249	300	273	276	318	315	324	263	291	273	253	214	237	498	513	426	292	295	280	1724	2026	1843	171	196	169	187	168	172	186	201	197	199	210	224	190	228	217	216	158	206	178	202	185	1068	1182	1146	172	185	201	249	190	212	194	206	222	226	172	210	179	201	215	233	249	255	195	182	215	445	495	489	186	185	167	177	183	182	177	203	151
8:08:37	252	275	282	341	296	336	248	267	273	249	255	269	5418	5372	6119	282	271	273	305	292	294	326	345	297	284	272	281	282	255	278	475	495	441	290	282	281	1729	2021	1871	179	192	185	213	167	169	185	189	169	206	193	189	209	190	206	202	211	232	223	187	223	1018	1159	1138	175	220	204	191	225	209	214	222	214	208	179	206	202	199	199	240	272	247	182	194	209	453	539	476	160	140	144	183	163	182	200	154	196
8:18:37	269	270	274	342	308	348	279	295	276	239	245	234	5638	5516	6684	233	253	247	286	305	281	337	348	338	276	238	223	269	284	264	506	519	425	280	287	283	1781	1937	1853	161	203	180	168	167	177	204	170	151	196	220	191	209	181	223	201	211	191	202	203	216	1032	1218	1134	219	214	184	201	215	200	176	185	215	215	201	211	185	192	215	243	238	252	189	195	213	444	538	515	184	170	169	132	162	189	164	179	218
8:28:37	270	263	280	342	323	348	260	281	254	263	268	262	5647	5683	6934	280	296	279	292	302	322	325	321	359	254	255	272	277	236	269	524	483	438	297	291	292	1754	1979	1857	144	186	167	215	197	177	181	188	185	185	225	172	191	201	208	211	195	203	166	232	181	1036	1214	1140	172	151	193	179	201	198	189	219	218	213	186	215	172	209	177	225	239	244	208	199	185	424	509	480	193	142	191	184	176	170	170	191	160
8:38:37	279	245	291	337	329	327	267	303	283	258	264	251	5868	5849	6820	244	262	251	291	276	299	341	349	349	266	286	266	313	264	302	517	515	463	323	296	313	1757	2009	1870	175	183	181	190	194	192	204	178	179	215	187	201	198	212	188	219	214	193	191	206	210	1023	1179	1156	220	209	233	209	209	217	210	189	197	215	203	179	202	200	187	236	255	256	191	200	189	416	499	473	185	152	194	163	173	184	161	149	161
8:48:37	286	282	275	324	352	342	271	273	269	277	311	278	5956	6007	6913	248	284	278	304	311	285	352	364	358	293	293	283	303	257	272	484	493	451	311	288	317	1782	2037	1890	187	166	170	215	169	155	163	154	182	167	227	239	200	201	210	221	210	207	165	213	205	1034	1156	1160	179	199	217	208	237	206	202	224	218	206	177	201	183	176	207	253	253	232	162	249	197	419	496	474	174	179	187	146	137	162	174	174	149
8:58:37	303	310	283	356	364	341	258	291	269	309	273	263	6068	6029	7274	261	285	271	312	331	304	344	363	375	306	275	285	259	264	290	509	522	462	322	340	314	1769	2060	1917	188	170	141	186	180	149	201	160	194	217	223	209	194	221	218	179	212	198	194	168	192	1001	1208	1137	192	220	203	196	225	209	197	218	209	220	217	247	176	203	167	244	264	247	194	211	215	418	528	483	185	173	179	192	199	169	189	204	180
9:08:37	310	288	281	347	368	343	271	272	274	266	283	309	6192	6208	7431	298	269	258	294	301	299	336	355	349	290	288	276	262	280	262	511	506	498	335	291	320	1748	2000	1895	198	158	141	179	185	169	177	162	167	230	227	210	190	176	190	187	193	228	189	178	210	1024	1133	1129	210	204	207	213	222	204	184	183	172	203	179	221	180	204	175	241	232	218	194	215	191	399	526	499	170	168	176	173	159	199	208	138	160
9:18:37	275	293	335	338	380	356	278	275	292	276	273	295	6215	6350	7605	280	276	267	311	270	277	366	331	355	263	291	280	284	282	259	505	519	468	317	327	290	1772	1966	1925	174	179	187	159	205	155	151	170	176	182	203	244	194	205	224	190	184	202	173	204	216	1039	1170	1172	213	225	209	211	201	216	172	183	207	203	204	180	170	185	214	241	242	256	209	204	200	402	500	484	186	171	172	164	167	184	169	168	176
9:28:37	286	279	326	367	359	333	299	238	285	289	263	279	6312	6463	7741	272	282	266	292	299	305	386	357	373	278	300	310	305	259	249	505	521	484	319	278	289	1814	2007	1858	184	165	194	188	196	173	196	188	161	232	241	231	198	195	201	184	240	174	193	200	209	1040	1185	1142	201	212	214	234	228	229	185	181	215	207	216	194	170	194	199	247	248	259	182	221	187	413	508	485	170	145	175	177	149	143	202	179	172
9:38:37	329	302	287	364	326	339	296	306	281	298	270	289	6356	6539	8276	311	268	264	335	313	292	351	385	376	280	287	288	298	303	299	517	509	491	323	291	324	1788	1982	1847	197	167	188	167	178	183	184	176	204	215	201	215	168	224	232	182	168	189	168	190	206	1049	1139	1073	203	222	190	210	207	207	167	199	202	213	213	208	174	213	192	209	247	272	171	187	223	408	500	501	216	186	204	178	166	170	201	185	145
9:48:37	297	309	304	401	391	375	297	276	305	297	312	231	6366	6647	8487	276	302	292	344	331	313	333	364	371	289	294	297	309	282	288	551	521	466	321	334	327	1806	1908	1856	183	182	167	178	148	194	205	169	161	243	240	211	204	207	180	211	210	203	202	209	189	1038	1175	1171	196	198	188	172	241	208	194	165	208	182	202	221	199	178	201	194	270	262	166	196	215	396	484	478	212	169	180	170	128	170	183	160	160
9:58:37	280	300	332	390	383	344	308	281	313	284	292	265	6391	6522	8372	288	274	302	310	340	305	345	364	360	307	286	312	320	309	303	501	532	492	320	339	309	1784	1970	1859	185	151	183	208	195	180	190	155	176	232	213	217	202	196	226	167	195	194	173	227	220	1024	1189	1137	179	195	199	208	201	174	167	185	190	205	182	173	175	223	229	242	249	256	232	221	195	424	497	494	191	170	199	177	185	196	156	170	186
10:08:37	314	312	326	361	399	394	297	315	283	308	319	295	6507	6741	8486	304	276	321	330	351	341	377	374	403	308	314	291	264	301	258	478	506	501	336	325	365	1790	1943	1852	198	200	179	225	177	215	201	200	196	176	210	223	187	205	222	225	223	194	209	177	185	1020	1171	1135	181	168	184	174	207	210	204	174	202	240	177	253	190	203	233	238	252	278	211	214	220	435	491	493	166	157	176	182	189	179	200	147	176
10:18:37	308	310	295	371	363	346	287	302	311	270	311	299	6469	6823	8451	281	270	289	319	339	327	396	350	368	293	302	318	297	279	343	543	528	465	339	313	349	1789	1942	1833	187	145	192	179	191	137	187	183	178	161	208	224	189	187	202	216	180	204	171	201	221	984	1136	1174	187	199	193	208	228	205	215	198	195	186	232	169	190	190	181	206	251	218	206	189	224	460	514	452	161	168	147	204	169	205	152	176	186
10:28:37	314	303	347	391	400	362	313	306	297	285	290	300	6440	6879	8586	330	282	296	326	324	328	395	388	383	334	324	303	289	301	292	498	513	473	327	311	343	1744	1945	1841	176	187	179	210	162	197	178	188	183	180	211	224	175	225	238	180	215	227	202	180	193	1009	1124	1131	206	183	208	197	225	237	202	178	201	194	197	210	191	201	178	229	244	253	188	208	199	419	515	479	166	172	151	175	181	178	197	139	172
10:38:37	259	343	308	355	372	373	314	303	296	293	330	313	6455	6978	8697	301	318	292	343	306	343	409	369	333	319	297	331	303	298	305	517	528	510	340	324	389	1783	1944	1834	230	137	189	176	146	162	154	195	147	154	241	213	185	221	206	200	206	239	206	230	159	1038	1134	1117	163	227	208	192	179	232	203	201	209	207	184	181	188	210	231	244	248	248	174	180	213	428	493	491	165	199	187	178	182	175	170	178	190
10:48:37	322	306	312	387	360	385	310	339	316	303	283	286	6437	6635	8769	339	330	315	323	322	342	397	413	393	281	329	303	315	331	302	502	498	474	349	356	331	1765	1917	1818	177	169	216	161	166	168	201	180	150	200	202	208	158	203	227	230	189	208	187	196	184	1018	1134	1154	195	195	229	240	198	192	186	193	195	202	210	218	197	212	204	264	243	235	200	196	207	396	496	489	196	179	190	190	181	174	162	198	191
10:58:37	285	310	309	360	401	380	337	297	296	332	297	310	6458	6890	8784	302	331	306	370	332	347	385	371	383	317	312	320	289	256	284	528	494	518	364	338	359	1768	1921	1815	175	143	187	202	178	186	193	157	163	232	230	237	193	222	214	190	213	207	202	189	217	1019	1207	1160	201	198	203	213	184	217	196	202	207	211	192	212	183	201	189	243	232	255	170	208	170	401	487	471	189	192	184	167	187	183	180	175	179
11:08:37	322	329	322	380	388	378	321	297	341	329	322	293	6491	7041	9027	296	289	335	352	387	343	348	401	398	301	321	318	295	310	319	515	507	477	335	345	334	1745	1859	1802	156	148	178	155	184	208	195	203	177	243	209	210	185	222	244	202	194	207	188	182	193	1038	1149	1121	204	194	217	200	214	221	202	204	201	147	235	162	188	207	174	224	260	270	202	171	208	375	517	458	163	173	179	184	168	187	192	205	167
11:18:37	306	308	323	405	394	402	312	304	322	320	306	333	6510	7328	8962	293	289	290	327	346	340	388	409	350	342	327	295	322	295	315	528	524	525	343	354	333	1778	1889	1831	204	200	197	185	184	185	181	182	190	218	217	235	204	222	204	191	189	210	180	219	187	987	1135	1131	204	208	209	192	221	205	199	186	183	218	215	178	191	184	189	231	237	262	209	241	237	417	490	490	162	153	177	149	179	177	184	176	165
11:28:37	311	304	322	392	377	366	322	331	307	326	328	323	6446	7133	8942	294	293	313	337	367	340	382	396	385	324	331	316	326	315	315	544	545	494	319	356	324	1792	1836	1850	183	180	180	188	167	161	188	165	188	186	228	224	204	205	234	189	203	220	216	201	217	989	1166	1109	181	215	215	189	230	218	202	188	214	210	206	220	210	204	189	242	278	237	187	212	223	437	478	483	165	199	187	177	157	174	192	187	154
11:38:37	344	329	336	371	388	392	333	300	294	289	292	294	6516	7459	9060	323	279	310	340	346	377	381	379	384	324	338	332	317	279	305	568	531	487	341	339	336	1811	1857	1839	189	178	187	195	185	180	189	171	180	194	212	240	176	194	235	185	212	184	192	209	206	1011	1157	1098	190	215	183	190	182	218	210	195	190	218	205	231	196	211	209	231	238	239	199	203	191	379	510	473	178	166	165	174	176	167	159	176	200
11:48:37	335	325	327	408	377	389	312	330	312	300	348	328	6398	7601	9102	312	293	303	332	357	356	412	388	413	336	334	339	292	315	311	499	500	517	349	345	332	1736	1843	1840	178	186	164	160	190	153	162	183	177	196	195	217	199	204	210	201	203	186	219	218	184	998	1130	1082	210	196	211	214	230	241	173	206	199	208	188	186	175	187	207	240	240	299	207	201	218	408	494	491	189	157	153	161	187	145	150	161	211
11:58:37	317	322	314	361	380	395	308	325	314	331	342	303	6456	7687	9047	324	303	301	363	353	345	374	385	393	326	353	340	317	296	311	542	500	498	345	351	337	1778	1844	1847	172	185	173	168	174	185	198	164	175	205	216	214	225	230	223	182	174	201	210	225	217	979	1175	1102	219	196	229	200	203	239	173	211	199	171	213	200	166	199	235	261	256	255	199	187	209	397	506	506	180	167	180	141	171	165	171	184	151
12:08:37	343	328	302	394	399	389	326	330	308	339	333	323	6494	7682	9228	327	279	303	370	358	361	377	386	393	319	336	308	302	308	312	537	523	500	359	319	358	1777	1830	1787	180	167	174	196	200	162	200	197	177	204	209	196	164	210	214	181	196	199	179	229	204	998	1115	1092	202	178	215	204	225	201	182	209	204	208	215	206	181	229	201	242	262	223	171	189	205	400	505	506	152	150	179	172	158	177	177	165	157
12:18:37	332	315	340	402	416	390	297	330	361	335	326	310	6435	7995	9609	291	301	301	346	322	355	370	380	409	343	338	338	304	309	311	510	491	527	345	350	335	1779	1870	1788	184	185	198	214	151	171	199	184	173	194	215	230	215	207	247	215	191	188	190	191	209	977	1149	1118	222	220	214	222	214	235	221	186	185	211	177	215	193	187	210	246	254	269	209	221	211	414	484	469	204	164	184	171	181	178	168	156	177
12:28:37	335	318	353	371	363	397	348	309	343	356	329	322	6440	7875	9678	341	295	307	361	351	367	424	395	403	304	344	296	312	297	303	516	516	486	334	348	356	1826	1842	1752	167	173	186	170	182	175	180	168	204	204	213	216	189	209	177	170	208	216	185	199	183	1009	1118	1084	191	222	227	217	212	204	216	189	195	214	204	188	202	196	180	207	214	249	197	212	221	403	519	476	187	169	184	148	176	165	184	179	169
12:38:37	321	321	345	399	395	382	329	334	323	306	326	322	6534	8038	9893	332	300	317	371	340	352	385	406	386	336	325	332	303	324	315	519	513	459	367	344	350	1786	1833	1821	152	183	156	197	171	182	171	155	186	228	234	231	207	209	216	189	181	200	214	200	206	965	1090	1060	215	226	215	206	187	210	175	204	208	212	207	206	186	206	191	241	274	242	172	227	190	419	487	499	196	157	163	177	184	177	174	172	138
12:48:37	331	304	333	407	402	391	331	327	330	324	328	322	6493	7989	9558	332	340	341	371	356	358	394	396	409	340	324	315	325	284	329	558	551	515	374	355	367	1769	1814	1819	204	169	227	200	176	177	167	183	187	193	213	195	191	232	198	220	197	194	186	199	199	998	1145	1066	191	202	221	172	204	203	214	188	193	219	200	187	194	215	186	220	252	265	193	197	227	392	473	471	182	192	172	179	146	145	175	178	198
12:58:37	338	311	341	409	388	415	328	309	336	334	341	334	6374	8082	9648	344	331	373	330	382	338	380	401	395	314	338	330	319	271	341	571	506	502	368	358	362	1768	1835	1776	182	170	195	173	186	165	164	174	196	196	234	221	184	220	221	209	204	212	202	227	200	978	1122	1104	201	222	245	226	237	221	213	179	185	220	207	204	197	216	171	228	271	243	199	227	202	390	509	462	179	163	167	171	179	181	182	154	196
13:08:37	300	347	330	420	425	401	311	348	316	318	346	315	6397	8259	9701	315	318	313	348	344	342	395	402	404	350	345	324	301	307	313	567	515	518	356	347	369	1741	1865	1831	198	176	181	185	158	176	183	192	185	204	232	194	194	187	216	203	172	206	190	213	196	989	1097	1073	197	205	208	179	215	180	161	194	200	228	208	186	200	195	183	233	261	270	203	211	200	378	495	499	169	190	200	179	177	183	203	167	169
13:18:37	317	299	334	420	404	396	341	326	324	343	335	318	6522	8150	9774	353	333	341	363	360	353	399	401	393	331	345	311	339	303	335	512	524	512	324	351	355	1755	1826	1795	187	179	161	161	161	221	201	163	200	197	224	213	202	224	221	189	232	226	190	166	183	947	1098	1100	212	220	218	205	214	219	190	196	184	216	208	227	190	212	197	249	264	250	185	197	213	391	486	465	157	159	157	169	163	181	179	160	173
13:28:37	307	327	328	402	385	382	356	335	327	321	340	318	6381	8377	9647	356	338	323	369	352	360	417	408	386	332	353	328	315	303	328	530	542	525	345	347	365	1766	1837	1804	168	190	201	168	152	188	189	175	185	226	203	236	211	188	179	192	175	184	194	217	207	972	1096	1099	196	223	193	205	205	221	189	165	198	195	204	207	196	190	199	262	222	236	197	204	198	416	505	498	161	173	184	163	192	171	176	175	159
13:38:37	324	319	357	417	402	392	350	322	332	352	317	343	6350	8283	9759	330	332	329	363	362	336	419	391	408	326	371	305	294	308	289	562	513	468	376	351	381	1800	1834	1775	174	190	176	168	145	159	172	202	191	192	194	191	214	206	210	222	178	232	185	199	231	980	1076	1116	205	216	216	176	200	230	176	164	212	195	196	170	179	167	190	221	278	251	212	184	224	378	517	490	177	183	168	165	174	179	166	154	181
13:48:37	332	330	354	399	405	397	401	352	321	321	341	351	6382	8265	9716	339	365	330	355	353	376	381	413	405	354	335	357	329	305	315	535	509	478	362	343	351	1766	1860	1776	193	181	169	208	150	186	178	203	180	199	217	213	198	230	207	179	217	207	237	202	197	994	1105	1091	217	209	187	212	201	226	188	194	192	212	165	203	196	194	178	243	258	261	234	205	218	409	488	491	146	138	150	184	180	177	157	160	151
13:58:37	343	313	331	413	422	395	333	336	336	327	338	340	6446	8443	9719	333	341	326	376	361	360	403	376	425	302	354	340	309	299	298	560	526	519	385	374	370	1768	1809	1776	157	194	201	168	189	187	188	169	211	214	181	206	224	187	208	209	212	210	202	192	201	933	1062	1086	190	209	193	190	214	198	206	197	206	215	198	231	177	198	204	231	240	247	205	208	178	433	472	461	153	172	181	154	170	198	168	174	184
14:08:37	305	345	334	414	417	437	347	311	325	320	341	339	6397	8739	9850	337	339	326	385	355	343	391	394	374	338	341	302	294	291	353	519	542	497	371	363	362	1781	1836	1806	153	169	160	171	175	194	201	154	176	191	226	201	208	211	214	205	190	171	208	172	177	962	1082	1054	211	199	180	211	208	211	187	215	202	207	206	200	186	184	224	232	244	226	180	176	208	378	528	486	168	180	183	151	188	166	157	158	176
14:18:37	357	345	325	392	389	387	327	370	334	333	299	335	6343	8528	9577	325	326	334	354	352	342	391	361	412	350	337	349	306	326	339	552	540	515	397	353	374	1771	1868	1770	205	183	152	203	183	184	166	148	160	209	230	229	186	217	224	207	220	197	214	234	208	952	1086	1072	234	174	217	184	226	214	202	205	200	198	217	211	183	184	210	235	260	268	235	185	200	385	483	483	165	152	173	151	170	177	180	166	152
14:28:37	326	333	373	409	419	417	327	353	349	311	339	326	6455	8606	9693	342	299	327	364	345	404	411	404	424	308	343	346	291	321	301	554	579	508	354	333	377	1736	1800	1792	157	152	171	170	171	187	186	194	185	197	220	199	182	212	205	213	205	203	201	200	200	952	1103	1079	205	203	177	214	202	199	187	192	172	208	196	201	178	219	197	234	288	247	192	206	201	388	486	477	183	165	187	148	181	183	185	190	164
14:38:37	347	326	324	412	423	413	333	342	330	366	331	364	6345	8744	9779	301	348	325	369	389	373	384	384	416	330	355	344	323	322	357	539	523	533	346	360	375	1736	1794	1754	197	176	184	191	170	182	178	171	175	202	220	190	191	196	245	197	185	213	171	172	194	957	1062	1059	203	225	205	219	195	199	196	187	186	208	195	212	196	221	193	282	230	233	191	203	219	408	486	501	194	169	182	164	161	171	177	149	170
14:48:37	312	330	357	439	428	413	345	347	339	304	369	347	6376	8882	9651	331	324	321	394	378	387	405	408	380	333	373	352	312	331	309	528	543	514	382	368	390	1774	1836	1804	171	175	193	166	177	175	201	188	178	218	217	222	210	219	210	195	213	216	187	209	222	976	1047	1067	192	232	218	215	204	226	183	195	211	227	199	198	220	240	218	253	259	254	191	204	209	420	476	498	190	173	194	156	186	180	172	201	161
14:58:37	340	332	352	424	410	408	362	348	370	342	345	330	6418	8919	9606	354	316	337	379	391	397	385	388	439	363	370	327	307	320	309	531	515	511	385	391	343	1753	1810	1748	180	173	167	179	186	177	172	175	173	190	212	201	203	211	220	200	195	200	187	213	183	962	1098	1031	177	215	209	253	215	196	203	203	218	210	201	215	195	209	202	260	272	258	209	197	215	431	481	466	181	168	160	177	190	176	166	171	171
15:08:37	352	329	368	430	425	415	295	346	361	383	352	335	6813	8963	9694	329	326	333	378	352	367	390	418	395	322	358	340	311	306	335	566	500	501	357	354	388	1739	1818	1744	152	191	172	182	193	230	167	172	149	216	208	197	208	218	235	191	210	194	200	176	207	948	1089	1068	196	201	184	203	195	213	196	212	203	225	207	214	198	182	196	241	247	254	202	195	186	393	471	475	160	174	152	201	149	154	174	173	148
15:18:37	315	309	366	422	384	419	334	355	355	323	299	340	6346	8795	9724	352	334	323	388	362	382	409	412	396	325	327	348	298	297	310	546	554	537	396	354	370	1756	1789	1764	194	189	190	188	176	172	166	193	179	219	216	208	214	227	245	193	198	190	180	202	210	968	1084	1044	205	205	219	208	205	208	202	187	198	198	212	203	195	212	192	228	225	243	203	201	204	384	455	480	163	162	155	158	200	171	161	174	176
15:28:37	330	356	351	421	405	425	334	332	341	343	358	351	6453	9136	9802	356	348	323	359	382	401	392	402	425	356	353	349	313	307	325	556	544	499	390	364	390	1725	1784	1824	208	168	205	180	171	181	190	162	173	201	223	214	201	212	220	182	208	180	197	181	187	932	1079	1014	199	203	206	207	208	222	187	208	185	203	221	199	189	200	224	257	247	255	178	178	202	380	475	473	176	168	193	164	183	159	189	151	146
15:38:37	335	329	342	445	401	418	370	348	359	332	343	334	6318	9023	9598	366	325	334	408	371	341	385	399	393	363	356	337	345	332	293	570	569	522	357	370	378	1742	1741	1755	194	183	145	201	183	158	185	178	199	201	220	214	204	225	204	215	199	190	208	222	178	946	1068	1027	218	212	204	218	207	195	194	203	176	200	217	199	185	195	207	257	263	266	180	177	220	398	465	499	172	146	169	192	184	176	159	157	145
15:48:37	307	324	347	426	410	397	336	330	346	341	361	345	6370	8721	9733	319	333	328	385	369	392	364	412	403	322	316	325	315	334	315	546	561	516	377	384	348	1698	1765	1771	187	172	173	173	191	200	192	188	186	196	198	203	180	209	214	220	213	202	182	185	197	938	1033	1040	228	226	215	216	219	215	185	196	182	231	188	208	192	179	186	225	289	235	236	190	206	397	474	460	199	182	172	164	199	175	177	160	178
15:58:37	361	347	351	400	415	404	336	322	363	381	337	345	6585	8970	9690	345	326	329	376	387	413	404	399	392	347	337	334	344	323	313	500	542	526	382	359	362	1762	1788	1775	171	182	179	170	151	173	184	190	185	177	215	214	180	195	193	202	198	189	192	208	246	957	1020	985	209	207	216	212	209	215	211	210	197	204	176	190	201	200	196	251	266	229	189	203	214	389	472	461	183	178	174	174	152	171	147	148	159
16:08:37	336	374	353	424	436	419	360	360	326	343	364	352	7312	9148	9789	351	336	355	397	401	369	408	419	446	331	337	361	327	319	336	553	550	512	364	380	388	1748	1780	1777	174	168	176	180	165	188	164	195	197	175	226	216	207	238	207	174	206	184	186	169	191	948	1029	1039	219	214	216	199	201	203	186	199	198	228	182	241	170	213	188	229	270	254	172	193	215	406	481	500	160	184	189	183	191	156	172	171	164
16:18:37	381	335	366	436	413	434	322	359	342	375	336	349	7149	8975	9582	299	361	354	370	372	393	387	418	424	357	373	319	332	314	353	538	542	478	365	366	388	1738	1784	1711	194	204	159	178	187	170	158	155	191	170	231	213	210	213	205	193	210	215	207	201	183	912	1004	988	203	195	217	210	202	221	217	207	211	184	220	177	205	193	209	225	239	254	186	209	217	394	464	486	171	191	180	164	145	193	190	179	174
16:28:37	343	353	334	430	406	414	291	341	363	349	342	343	7371	9244	9632	335	347	316	359	384	397	396	395	399	332	384	359	320	324	337	549	545	549	364	388	378	1747	1754	1762	181	168	187	188	180	152	181	161	188	188	226	176	208	207	172	177	216	192	211	252	198	957	1024	1037	205	216	215	223	201	230	203	169	185	206	167	207	189	219	216	251	231	237	208	212	213	418	480	458	165	159	155	162	164	169	166	178	184
16:38:37	359	337	340	429	391	425	389	343	339	333	335	329	7083	8961	9358	332	329	350	360	392	381	399	423	390	346	333	339	336	325	351	552	541	478	377	350	363	1712	1721	1773	153	190	163	191	181	200	183	167	185	189	220	206	218	216	221	207	198	180	190	200	200	917	993	1033	224	214	214	214	196	218	208	187	205	217	185	185	182	201	227	224	278	243	218	192	217	369	468	449	180	178	171	193	151	199	165	164	169
16:48:37	328	315	365	439	422	395	324	348	340	338	348	351	6810	8893	9479	338	335	358	407	417	380	423	407	424	343	361	349	333	317	321	554	546	500	347	369	382	1734	1733	1773	183	174	178	192	161	195	162	178	167	204	200	224	207	222	214	227	186	212	220	214	201	966	1062	1029	200	203	201	224	224	225	186	180	207	190	172	209	169	223	197	238	249	239	193	191	208	397	461	451	177	168	175	144	180	195	160	184	175
16:58:37	356	337	365	418	391	421	332	359	333	330	366	350	6468	8659	9301	322	351	339	372	426	374	424	399	427	352	352	361	323	311	337	544	554	533	373	404	352	1765	1732	1740	206	188	178	184	176	162	190	171	197	174	197	225	215	198	203	215	221	184	210	188	169	902	1022	1042	198	229	199	183	229	195	212	194	197	200	184	229	171	176	197	258	239	268	188	235	185	399	476	500	160	167	186	158	149	168	172	171	159
17:08:37	337	333	363	423	445	433	336	347	383	363	344	327	6800	8768	9413	310	353	336	374	401	385	382	399	400	359	347	352	331	314	318	538	558	527	380	388	373	1745	1716	1748	188	164	183	173	173	154	180	173	162	228	193	209	180	232	204	215	212	232	179	220	172	930	1039	996	197	238	213	187	211	191	224	227	208	186	213	180	178	189	206	238	261	230	178	194	222	380	471	468	179	202	167	192	167	149	173	167	183
17:18:37	325	324	340	434	399	424	340	370	341	362	361	317	6645	8602	9251	359	348	353	360	415	387	414	388	409	346	365	357	326	324	350	577	542	562	372	393	390	1723	1683	1712	175	181	168	178	173	182	182	164	188	222	215	219	202	201	212	209	209	207	199	207	207	892	1004	1009	192	225	219	219	209	208	201	171	193	191	212	202	172	191	163	239	273	248	186	194	176	401	461	483	183	152	202	173	179	180	156	159	157
17:28:37	337	354	367	414	448	401	336	340	367	338	367	360	6423	8284	9060	326	343	291	407	379	412	385	388	409	351	342	353	319	321	322	529	526	534	371	388	356	1691	1719	1722	183	164	168	164	172	162	190	166	168	192	220	208	181	200	209	188	175	207	196	187	200	921	1040	973	219	187	204	209	187	197	179	187	185	226	214	230	166	206	201	226	234	263	178	181	220	412	467	481	163	164	166	150	162	130	184	169	178
17:38:37	336	328	352	417	420	413	371	325	349	355	354	361	6656	7776	8786	316	321	355	405	412	386	380	400	439	336	350	355	344	328	317	562	550	529	402	366	376	1725	1691	1730	192	156	189	223	193	177	180	187	154	201	222	200	212	222	210	201	249	188	190	191	221	901	996	1025	197	193	222	185	207	239	190	197	211	187	182	213	190	177	183	221	269	251	165	211	198	424	483	467	179	167	166	183	164	180	190	159	148
17:48:37	336	360	339	444	406	401	345	367	365	332	347	336	6247	7409	8441	332	341	336	411	376	390	392	398	391	349	372	324	315	339	337	539	501	520	369	386	366	1716	1689	1758	172	151	168	175	180	168	168	156	182	210	219	235	207	212	220	205	177	203	194	189	191	928	999	999	225	190	206	213	197	233	204	194	163	214	226	213	149	215	196	226	249	235	179	204	205	395	467	453	171	180	167	173	172	165	159	172	158
17:58:37	340	344	381	431	404	431	344	364	352	363	354	353	5836	6980	8077	329	318	375	382	360	402	400	411	416	339	378	349	352	341	346	544	554	506	363	370	400	1734	1706	1761	175	167	164	193	196	182	168	161	175	211	193	224	181	222	216	198	182	180	188	223	158	919	978	965	205	187	222	202	240	209	213	195	196	239	220	190	224	190	202	249	253	263	172	223	192	398	488	464	174	174	149	176	145	161	192	177	195
18:08:37	380	356	353	411	429	394	378	373	350	369	365	357	5354	6878	7673	301	345	320	397	360	381	408	417	423	298	376	328	318	321	318	563	563	509	391	396	371	1730	1754	1721	197	188	183	155	203	195	195	153	175	220	200	217	211	217	235	196	193	193	206	193	184	914	993	997	214	203	201	201	216	201	192	185	183	201	212	200	200	222	185	250	252	282	194	169	219	409	476	462	183	169	175	187	176	193	205	180	180
18:18:37	340	373	406	438	426	432	373	372	364	397	317	324	5125	6638	7364	307	333	349	394	387	369	416	418	409	342	326	353	332	320	313	546	533	515	379	364	373	1697	1690	1722	161	172	214	183	170	173	170	163	174	207	211	189	194	228	209	208	208	193	204	189	220	938	988	1000	194	216	219	233	208	220	221	206	199	216	212	197	168	198	172	234	233	224	211	200	175	390	491	450	170	190	188	174	172	199	154	176	183
18:28:37	345	361	338	425	436	429	364	327	339	353	367	363	4886	6352	7116	340	335	314	402	387	397	403	423	419	352	378	331	326	325	330	501	560	521	393	383	357	1762	1710	1710	209	178	191	198	210	182	194	171	148	193	222	239	176	187	238	173	186	203	175	178	190	921	980	984	202	205	194	217	211	228	221	219	217	202	214	217	238	196	208	250	234	272	207	188	216	392	493	465	190	122	163	165	166	181	169	174	176
18:38:37	387	353	336	393	428	413	351	362	330	368	380	338	4691	5984	6644	321	369	332	402	391	412	397	393	429	354	374	352	368	327	340	537	556	503	372	389	397	1702	1696	1708	146	160	181	182	174	153	173	157	214	178	187	245	198	184	211	197	204	207	191	197	182	894	984	989	223	224	225	182	223	222	201	220	204	173	148	198	164	201	215	240	241	274	188	181	187	382	477	474	159	158	160	182	173	181	140	191	152
18:48:37	320	375	370	410	430	434	358	347	365	357	385	385	4639	5656	6181	326	361	337	374	387	372	419	406	371	354	356	325	317	357	321	515	529	510	400	370	369	1747	1684	1741	146	192	187	177	172	186	207	178	145	194	205	215	219	204	231	197	185	211	195	195	156	911	1007	956	204	204	237	216	201	231	215	194	217	172	214	210	175	225	168	233	250	232	186	181	188	413	491	468	151	151	184	147	159	188	158	193	171
18:58:37	372	368	323	431	421	416	371	367	342	372	332	367	4558	5270	6043	337	341	338	387	385	375	429	394	424	336	351	381	306	339	321	533	529	519	390	353	398	1689	1719	1707	168	160	172	204	179	206	170	167	177	203	218	194	234	186	230	200	207	191	165	179	185	890	998	986	216	199	244	213	213	208	191	200	209	227	212	191	187	173	190	217	257	246	179	184	208	393	472	472	180	152	186	167	185	156	182	189	199
19:08:37	371	356	340	424	417	400	362	379	341	367	355	377	4272	4711	5644	309	347	325	382	396	402	424	422	430	379	361	322	348	365	353	526	517	509	388	374	378	1666	1671	1692	173	154	160	205	204	171	208	175	180	205	240	224	185	205	216	177	217	211	187	186	211	884	980	1009	197	189	206	187	211	220	189	171	200	205	237	217	210	183	209	272	261	238	170	186	197	377	478	434	185	187	182	159	187	164	183	152	161
19:18:37	343	334	362	428	410	408	370	379	381	387	366	335	4191	4285	5401	361	333	316	366	401	377	381	413	415	353	364	404	312	298	355	509	550	512	380	398	393	1738	1644	1683	168	172	185	183	165	203	176	179	180	185	237	224	206	208	220	186	206	194	174	198	201	920	959	952	226	210	199	226	233	187	202	204	208	204	203	200	191	193	192	221	246	263	189	192	241	379	462	486	158	146	169	186	174	143	170	142	210
19:28:37	340	357	376	420	423	440	380	366	387	336	365	364	4058	4101	5073	304	328	372	428	380	365	388	395	372	353	335	362	341	326	340	528	545	531	359	391	364	1708	1646	1711	168	177	185	190	172	166	173	202	191	200	199	216	208	228	221	203	204	221	213	199	195	857	1002	1023	208	220	214	191	192	201	191	192	183	246	197	204	156	197	185	231	200	246	221	208	196	397	479	468	222	153	185	149	161	199	162	170	188
19:38:37	369	365	335	443	439	439	372	388	368	352	398	339	3965	4058	4664	310	347	353	395	390	353	425	437	402	363	348	342	343	355	343	562	525	480	363	389	382	1733	1660	1641	192	148	176	157	175	157	153	170	172	210	208	196	232	199	199	207	192	214	179	218	190	890	965	978	239	231	241	220	197	210	192	205	204	194	199	217	193	217	229	219	231	244	192	181	198	418	448	484	150	173	196	180	163	175	161	148	161
19:48:37	377	341	363	439	426	415	374	335	361	385	357	364	3869	3930	4277	364	346	356	396	408	389	454	426	443	344	380	337	340	327	323	530	557	532	411	365	401	1717	1677	1717	157	152	192	183	158	190	206	199	189	197	204	239	190	218	210	213	215	195	177	216	195	887	960	985	196	253	238	212	195	217	190	164	181	186	192	220	183	210	185	216	266	215	205	170	193	402	488	463	155	196	159	174	168	162	187	155	162
19:58:37	375	364	352	430	422	372	363	332	377	360	360	386	3723	3858	4033	367	359	340	372	377	406	422	377	381	367	373	364	326	369	379	529	524	509	389	432	409	1655	1645	1718	195	199	180	172	164	173	208	170	152	208	185	227	204	212	205	194	182	177	180	208	210	915	1015	980	193	218	210	210	213	197	205	196	212	206	223	168	175	190	187	232	250	226	176	191	190	421	472	441	212	143	189	207	183	182	181	168	174
20:08:37	365	346	360	451	430	406	346	390	388	345	359	360	3722	3857	4126	365	294	336	385	409	402	433	414	416	353	412	355	335	326	310	543	538	499	388	384	383	1666	1620	1683	173	189	162	176	169	134	191	184	176	227	198	225	159	188	254	179	195	200	195	181	203	901	945	981	218	204	215	193	214	176	158	166	215	203	201	200	185	188	206	249	226	267	176	189	213	388	461	453	181	176	174	186	184	165	170	186	148
20:18:37	368	353	372	436	451	417	366	366	367	350	385	367	3603	3646	3863	350	343	371	360	363	399	410	421	413	351	372	356	366	353	341	513	496	498	389	388	370	1711	1590	1661	153	177	185	163	173	168	184	185	168	206	197	209	199	211	208	219	209	225	154	186	196	902	915	967	190	220	182	196	205	184	173	207	217	209	202	213	143	216	202	222	245	278	191	174	211	398	475	489	144	186	195	145	156	172	175	163	157
20:28:37	340	352	337	426	413	415	365	333	349	373	343	372	3548	3664	3896	346	319	350	371	389	399	405	400	434	332	351	339	334	341	320	501	527	518	382	417	411	1640	1636	1679	178	181	193	165	192	184	188	195	158	208	203	208	201	246	204	193	173	167	213	188	188	864	941	946	202	235	214	205	176	210	191	198	201	218	208	197	183	184	188	235	251	225	195	195	190	381	427	433	172	144	168	173	161	139	202	167	144
20:38:37	372	335	408	436	443	434	392	332	343	363	389	353	3497	3588	3771	347	364	332	418	389	391	410	378	403	344	375	329	360	323	323	503	533	524	371	392	381	1677	1657	1691	137	214	156	188	181	179	187	167	167	204	227	219	190	202	202	163	239	216	235	196	199	911	949	955	219	215	217	204	239	183	177	208	197	176	223	214	210	199	188	238	269	261	198	181	201	413	462	458	181	189	206	192	167	186	163	190	168
20:48:37	368	355	358	433	429	415	319	359	383	338	348	356	3421	3509	3681	328	336	312	413	366	402	417	417	421	353	361	323	352	345	320	524	528	491	419	400	355	1633	1634	1674	182	214	156	166	169	163	171	167	177	168	203	185	189	216	211	199	201	163	179	208	201	857	942	952	221	217	228	220	187	213	199	217	176	186	195	200	202	192	194	272	251	297	207	168	196	385	451	419	211	170	176	156	159	180	168	157	169
20:58:37	349	375	366	457	415	412	365	345	359	364	353	385	3357	3485	3643	348	317	324	375	382	345	403	394	405	356	344	372	347	344	330	533	463	542	402	366	391	1695	1597	1640	157	157	181	203	165	206	186	168	184	199	242	222	192	201	221	191	245	199	208	204	184	874	921	959	206	209	222	173	217	226	185	212	195	170	191	225	202	217	201	255	266	228	193	192	191	406	478	465	184	150	170	145	191	181	164	169	177
21:08:37	355	336	371	429	417	418	330	384	373	365	351	380	3313	3335	3543	351	385	331	400	385	406	399	404	396	386	413	320	362	323	314	474	470	514	385	371	381	1663	1652	1616	199	170	168	162	168	176	195	170	174	223	216	190	212	218	186	181	193	241	176	213	197	827	913	926	192	194	194	204	188	216	182	196	218	206	227	199	201	166	181	215	263	292	199	190	178	362	473	446	167	153	179	183	205	150	213	167	156
21:18:37	359	351	328	427	424	399	348	369	395	346	391	377	3281	3331	3476	322	326	314	414	397	372	385	400	433	320	376	347	331	324	355	479	505	532	381	383	414	1651	1640	1606	182	186	146	191	169	182	198	157	169	194	212	212	185	212	215	207	194	200	194	203	187	848	981	909	182	220	194	212	251	214	183	192	187	200	228	194	210	186	202	248	261	256	208	175	198	399	441	432	178	173	138	164	185	177	168	183	171
21:28:37	378	346	379	404	432	431	348	367	323	348	374	360	3219	3279	3377	378	345	334	383	391	383	430	410	393	338	365	356	349	345	314	489	519	513	418	338	384	1625	1596	1603	166	187	203	174	183	198	184	179	151	205	208	213	192	205	217	188	201	181	170	210	185	894	918	935	188	220	193	185	209	198	159	200	187	222	222	197	173	186	170	222	265	271	194	214	209	378	447	465	204	126	191	157	194	141	186	168	148
21:38:37	356	383	369	433	437	389	374	373	400	358	345	352	3149	3267	3397	350	353	341	385	369	400	396	428	425	370	335	342	333	364	312	480	504	517	381	371	384	1585	1582	1616	178	147	148	206	191	163	154	192	180	227	225	238	184	203	211	196	173	196	170	218	197	863	939	964	199	199	204	207	234	214	210	171	165	177	211	222	193	215	170	258	262	250	185	224	213	404	469	455	149	146	184	173	156	213	186	169	196
21:48:37	349	371	344	404	398	429	330	366	339	346	360	361	3134	3242	3267	346	364	371	406	414	389	375	421	416	354	354	329	330	331	349	508	505	542	377	399	373	1574	1571	1577	153	180	177	162	170	180	186	135	164	197	217	228	199	237	206	200	205	222	181	190	165	876	940	960	219	212	225	189	206	209	221	197	248	197	217	190	184	189	201	214	229	272	190	216	247	409	432	454	165	172	175	172	162	170	164	169	146
21:58:37	341	348	342	400	455	438	370	356	389	367	348	334	3065	3155	3213	357	374	347	370	397	352	435	397	410	353	383	341	338	368	340	534	510	503	357	348	402	1545	1575	1568	193	136	166	180	189	185	196	169	179	210	179	218	215	218	192	215	199	183	201	170	201	841	952	941	202	207	209	178	199	205	186	176	184	212	194	225	195	178	219	243	259	247	201	210	210	397	462	441	167	162	174	149	147	139	189	165	140
22:08:37	345	353	376	397	421	447	367	357	362	369	330	351	3085	3047	3164	349	324	321	380	389	373	418	412	428	350	344	347	321	359	333	466	479	496	403	392	391	1489	1524	1562	153	165	161	149	172	175	170	160	129	193	198	212	183	228	197	212	168	218	168	199	190	887	924	920	208	215	215	206	220	211	204	214	191	188	201	234	176	186	196	256	248	243	196	217	223	376	423	456	153	163	180	150	173	142	198	173	130
22:18:37	371	361	357	425	400	422	375	345	311	346	374	354	3012	3107	3122	307	339	342	380	402	418	407	418	404	359	359	359	344	322	343	488	457	490	382	411	377	1451	1482	1451	177	177	192	181	177	148	178	158	202	186	219	224	197	200	217	211	206	200	171	219	198	857	936	943	204	216	190	205	220	191	202	208	197	247	188	224	202	218	190	247	283	253	192	189	190	368	478	467	163	137	188	176	184	162	162	161	152
0:00:00																																																																																																
0:00:00																																																																																																
0:00:00																																																																																																
0:00:00																																																																																																
0:00:00																																																																																																
0:00:00																																																																																																
0:00:00																																																																																																
0:00:00																																																																																																
0:00:00																																																																																																
0:00:00																																																																																																
0:00:00																																																																																																
0:00:00																																																																																																
0:00:00																																																																																																
0:00:00																																																																																																
0:00:00																																																																																																
0:00:00																																																																																																
0:00:00																																																																																																
0:00:00																																																																																																
0:00:00																																																																																																
0:00:00																																																																																																

