mScarlet-i:570,593

Kinetic read	A1	A2	A3	A4	A5	A6	A7	A8	A9	A10	A11	A12	B1	B2	B3	B4	B5	B6	B7	B8	B9	B10	B11	B12	C1	C2	C3	C4	C5	C6	C7	C8	C9	C10	C11	C12	D1	D2	D3	D4	D5	D6	D7	D8	D9	D10	D11	D12	E1	E2	E3	E4	E5	E6	E7	E8	E9	E10	E11	E12	F1	F2	F3	F4	F5	F6	F7	F8	F9	F10	F11	F12	G1	G2	G3	G4	G5	G6	G7	G8	G9	G10	G11	G12	H1	H2	H3	H4	H5	H6	H7	H8	H9	H10	H11	H12
0:07:15	16	11	1	44	0	35	0	17	9	4	5	10	14	0	8	0	20	1	19	0	12	2	0	1	0	0	16	37	9	39	20	0	31	14	0	13	13	14	19	0	0	0	14	6	6	0	0	0	18	8	36	60	0	41	0	0	1	0	18	7	0	2	27	16	7	6	8	0	12	33	3	32	32	5	0	11	19	3	20	0	13	0	18	34	0	3	38	0	0	18	0	4	15	25	13	17
0:17:15	2	13	10	0	7	0	0	11	11	0	0	0	0	14	27	24	33	5	16	0	5	0	0	0	0	18	21	1	2	13	16	1	28	29	16	13	17	15	25	16	0	0	0	25	0	0	30	18	0	18	12	0	0	0	38	0	9	16	34	0	15	0	11	12	27	0	25	7	0	16	6	0	30	21	13	7	9	18	0	0	0	0	0	17	20	0	27	0	0	2	0	9	0	10	7	0
0:27:15	10	0	0	4	15	0	0	18	20	30	29	0	0	6	0	0	40	10	4	13	11	44	0	10	9	4	0	5	25	0	15	27	17	28	13	18	16	0	23	0	21	29	7	12	9	3	3	5	0	24	21	0	0	14	34	28	0	4	10	13	0	0	0	0	13	3	36	22	16	21	7	1	15	5	0	30	4	0	17	16	28	23	0	16	17	6	0	0	0	6	10	5	8	0	6	0
0:37:15	0	14	17	0	11	21	0	5	0	30	19	6	5	0	10	0	18	39	1	32	9	0	0	8	0	0	17	0	11	3	12	15	12	0	29	0	19	0	2	6	0	11	0	8	13	1	0	26	0	0	2	28	6	0	12	9	27	0	13	36	15	0	0	18	11	16	12	0	0	0	0	9	0	21	14	1	9	22	0	0	0	6	1	1	22	19	37	0	1	20	16	24	0	28	17	1
0:47:15	20	15	16	6	1	0	26	19	9	24	18	0	32	9	0	0	15	0	18	19	0	0	0	17	8	12	5	23	0	7	11	4	28	27	19	0	10	9	17	0	4	20	0	25	4	19	6	18	0	0	0	1	1	0	15	22	17	11	0	0	0	0	0	11	0	18	18	0	0	10	39	0	5	0	35	8	0	9	45	8	13	40	0	36	0	3	0	5	0	33	0	0	16	28	10	0
0:57:15	0	7	0	5	18	16	0	0	2	9	13	1	3	12	8	17	5	17	23	1	8	10	0	24	15	0	6	11	3	14	6	6	3	24	13	8	0	0	13	4	4	8	7	5	43	0	14	11	0	0	18	0	17	22	18	0	7	6	0	9	0	0	16	11	11	0	0	15	23	0	0	25	9	1	12	23	0	0	16	3	0	1	5	7	1	0	0	0	31	4	0	3	9	30	13	0
1:07:15	0	6	0	1	0	2	0	0	0	0	9	21	26	0	0	6	18	17	0	9	0	18	0	23	0	0	0	19	26	13	21	0	0	8	0	0	40	0	8	0	26	7	11	0	21	0	2	24	22	6	22	0	19	0	11	0	10	0	0	29	16	0	37	4	7	9	0	0	0	15	46	0	1	33	10	16	28	17	0	0	0	12	23	0	11	28	10	0	5	22	17	2	0	7	1	8
1:17:15	0	6	0	10	29	0	10	7	9	8	22	24	0	21	0	6	0	0	21	12	23	5	0	0	20	0	34	0	0	0	7	37	0	16	12	8	0	0	12	2	0	0	10	16	0	15	0	0	0	1	0	10	14	15	13	0	39	27	6	14	22	8	2	38	13	22	0	0	9	15	0	5	29	10	0	18	14	0	0	36	22	0	11	0	19	19	2	0	24	13	4	12	0	22	17	32
1:27:15	16	11	14	10	16	11	6	0	9	6	32	0	9	35	0	27	19	9	0	19	12	10	20	21	15	1	3	4	2	34	15	0	0	12	19	22	24	0	0	9	4	7	0	18	37	3	35	11	8	28	0	15	27	11	25	0	0	0	0	7	30	0	0	9	0	13	0	16	5	3	20	2	23	0	10	0	5	54	12	10	3	0	0	18	45	0	8	25	16	9	17	12	23	6	28	0
1:37:15	22	0	28	18	0	31	24	16	17	20	7	0	8	28	0	16	0	40	29	17	14	8	2	0	18	0	0	0	18	20	9	13	0	0	0	17	18	8	11	22	18	21	0	0	19	18	29	0	28	26	31	20	36	0	9	22	0	19	7	12	42	0	31	0	0	26	12	0	0	20	14	0	35	16	4	22	26	47	32	17	0	0	7	0	2	26	12	11	9	20	1	7	33	18	18	12
1:47:15	24	1	14	0	5	14	15	6	17	19	0	4	9	3	14	0	29	21	36	38	0	5	10	13	0	9	0	5	30	11	16	0	0	35	0	27	4	17	25	26	9	3	8	0	0	2	6	20	2	37	7	24	25	16	21	8	43	16	14	0	15	10	13	3	16	28	29	0	0	24	5	0	9	0	32	10	36	4	12	13	0	0	9	21	9	30	0	18	16	0	16	0	17	16	38	7
1:57:15	0	20	0	1	11	6	0	10	16	8	21	0	28	0	5	0	5	0	18	5	16	0	11	15	0	21	8	0	17	0	15	0	20	39	3	5	33	32	0	0	7	19	27	10	43	0	4	37	10	22	22	0	29	26	7	2	19	21	2	17	17	20	0	24	19	1	4	10	0	29	10	0	0	26	31	22	0	5	2	27	30	11	19	18	12	0	7	34	21	5	20	23	25	0	17	29
2:07:15	0	1	0	3	9	11	0	0	0	0	22	10	0	1	0	17	13	17	18	33	0	23	0	10	19	0	8	0	48	0	21	8	18	0	17	14	6	7	4	6	24	16	0	1	0	12	10	11	22	36	12	40	31	17	0	27	38	6	40	34	24	21	25	31	20	1	11	0	33	12	15	31	27	22	15	53	25	0	29	28	4	47	20	25	32	37	20	29	37	0	0	0	10	6	0	26
2:17:15	0	25	5	6	17	34	1	0	17	0	2	5	4	0	18	20	0	30	29	0	4	5	23	28	0	29	17	0	9	0	0	15	20	19	19	1	15	8	9	0	25	0	22	16	0	0	0	3	21	30	5	19	15	42	0	4	0	7	19	53	27	27	5	17	0	31	39	12	24	21	28	33	0	49	6	38	6	5	0	33	32	18	29	34	22	14	6	11	31	0	7	0	9	18	0	12
2:27:15	0	0	0	2	0	0	35	0	28	0	0	0	0	14	8	0	12	14	6	35	0	20	0	0	5	17	23	2	13	10	1	0	7	14	19	0	0	0	17	27	0	5	0	0	0	0	19	1	17	47	23	37	27	28	33	21	10	24	30	38	29	13	32	30	52	54	33	29	11	39	39	31	30	34	15	13	9	18	25	10	25	36	0	53	6	37	25	45	18	11	8	16	33	5	18	32
2:37:15	51	0	0	16	0	3	8	8	20	0	28	0	0	26	44	2	12	27	7	10	0	0	25	14	13	9	0	7	0	3	0	0	0	6	0	7	6	33	5	19	15	19	1	7	30	0	33	0	31	31	40	32	34	34	21	19	9	33	29	38	12	25	35	7	53	32	13	15	36	40	28	27	40	26	32	19	47	33	82	22	39	37	48	17	30	38	31	39	52	12	9	10	11	9	3	0
2:47:15	16	0	5	18	13	0	21	0	10	27	26	0	0	0	0	8	12	0	0	0	3	1	0	8	0	32	17	14	8	10	9	5	10	16	38	3	28	14	7	0	33	13	0	2	17	29	2	0	53	40	45	37	56	14	48	43	20	49	14	49	43	22	20	25	14	47	43	23	16	26	49	61	17	39	60	5	5	20	38	33	15	45	18	7	22	26	60	35	21	12	0	7	9	34	16	3
2:57:15	23	34	0	23	0	8	20	17	10	10	0	24	0	17	8	0	5	32	0	0	2	0	13	8	5	16	8	0	21	4	8	10	0	7	0	16	0	17	27	0	0	2	6	5	0	14	7	21	22	34	70	18	9	53	20	31	34	61	38	55	27	43	20	62	25	62	23	26	30	59	46	52	47	35	21	22	41	15	44	62	57	48	27	42	56	34	21	63	27	40	7	24	15	13	25	0
3:07:15	7	24	0	0	0	18	0	0	0	22	18	0	11	0	3	0	4	16	3	26	13	34	5	2	0	19	0	16	19	1	5	0	0	0	0	20	20	10	0	8	37	0	8	19	0	28	10	11	45	53	21	57	48	57	35	30	46	71	26	46	47	45	26	36	53	45	34	35	22	43	46	48	53	28	24	45	52	47	38	40	55	53	34	35	32	19	27	44	55	5	3	0	31	22	0	4
3:17:15	18	11	0	6	0	0	7	0	17	29	0	17	2	35	30	11	15	10	0	0	11	8	52	3	23	2	8	18	22	17	12	0	0	0	0	2	26	0	18	7	0	17	2	15	0	0	0	0	57	55	67	75	39	21	39	50	21	55	70	60	53	67	53	55	54	74	45	63	59	76	16	76	58	51	18	58	31	53	40	93	31	32	31	61	34	25	36	67	38	25	8	0	17	16	4	0
3:27:15	1	0	28	36	16	21	0	21	29	14	37	9	11	8	8	0	17	21	5	0	30	18	8	0	19	0	0	8	5	18	8	0	20	10	21	22	10	5	5	28	7	0	0	15	8	19	5	0	55	51	66	46	81	88	55	61	52	63	76	56	51	49	54	71	90	56	32	30	45	96	57	80	75	50	61	71	44	53	59	62	63	31	69	60	47	29	34	74	71	12	25	0	0	2	5	9
3:37:15	0	0	17	2	0	0	16	0	11	36	0	10	18	8	30	20	14	0	9	18	8	19	9	5	4	2	36	16	19	0	13	0	0	13	0	0	0	5	0	9	0	11	16	20	13	0	2	17	97	99	64	68	78	59	60	72	62	100	95	60	49	87	47	85	75	112	76	44	41	82	96	76	40	50	62	43	60	57	58	86	95	30	68	96	65	47	58	69	95	3	6	17	0	18	0	17
3:47:15	23	0	0	13	0	18	12	0	11	0	0	6	18	16	0	0	18	0	16	0	1	0	16	1	9	23	24	0	17	18	0	20	0	0	34	0	0	4	4	5	14	13	0	5	17	0	0	0	91	80	65	76	67	53	56	75	67	90	100	78	81	35	45	106	95	80	60	73	58	91	94	81	66	36	61	67	62	56	76	65	73	69	85	61	76	46	24	114	82	15	0	14	0	0	4	0
3:57:15	9	27	11	26	7	0	29	12	27	0	8	8	6	0	0	5	5	26	0	22	0	9	11	0	36	23	0	16	1	0	23	0	0	11	0	22	16	10	1	0	21	0	5	0	5	33	18	10	61	87	84	65	87	108	32	96	76	101	104	89	61	80	84	126	136	114	79	76	66	110	110	86	77	47	73	78	58	38	86	88	105	82	86	99	33	74	62	85	78	40	5	6	2	8	4	0
4:07:15	0	0	0	0	23	12	8	0	24	17	18	0	13	7	5	21	35	14	0	0	0	0	16	20	7	44	0	4	16	0	17	22	5	5	0	4	0	1	0	13	12	9	4	11	18	6	0	0	58	89	92	90	62	104	87	94	86	104	75	101	85	89	75	130	111	140	71	73	106	85	94	77	62	89	106	66	62	81	100	128	94	85	71	90	72	84	72	92	72	6	3	0	21	0	19	0
4:17:15	5	1	26	4	16	3	0	10	0	0	1	26	0	0	3	0	8	34	0	0	0	0	28	25	16	2	0	0	26	27	29	0	3	0	0	0	11	33	31	30	15	6	0	0	13	35	8	0	126	112	103	104	100	114	79	102	97	111	121	88	123	92	111	134	103	118	55	95	53	115	118	119	71	93	48	88	55	89	107	102	86	66	85	95	86	92	95	83	107	9	0	9	0	6	0	23
4:27:15	15	3	0	0	0	1	4	9	15	0	53	9	0	0	4	18	22	11	34	0	17	20	15	16	20	0	17	0	17	15	32	0	18	2	25	3	18	23	24	18	32	21	19	18	24	2	5	5	126	133	68	103	126	113	92	95	84	138	154	133	87	104	102	161	118	103	89	108	93	112	139	80	78	99	108	99	81	96	89	113	136	96	107	106	117	95	106	110	97	2	35	13	0	3	0	10
4:37:15	4	9	29	21	4	0	0	16	0	29	24	14	4	0	5	10	17	6	0	10	0	15	16	0	30	0	4	0	8	13	4	8	0	0	0	0	0	8	0	0	19	16	0	2	16	2	23	25	119	130	117	94	113	119	113	100	106	154	124	133	125	56	107	172	148	130	121	96	106	166	139	144	104	98	134	84	85	97	118	138	136	76	106	119	108	145	60	135	126	0	6	15	10	0	0	15
4:47:15	4	13	0	18	12	27	21	4	0	24	18	3	0	0	12	13	1	42	18	0	0	0	0	4	0	5	11	0	0	29	13	0	11	27	0	0	0	21	16	0	4	0	9	1	11	0	24	0	153	159	128	121	158	146	116	127	127	148	116	153	125	105	134	182	180	167	134	117	115	169	183	150	101	82	144	87	102	102	171	149	141	113	127	99	105	73	90	178	141	0	0	7	12	6	0	0
4:57:15	28	0	13	0	0	15	17	20	18	1	22	7	12	2	5	4	7	19	0	22	3	11	16	26	0	38	0	22	8	44	9	34	30	0	0	28	21	0	7	23	31	0	5	0	18	18	0	0	142	179	144	141	152	137	122	134	115	169	181	147	119	146	158	196	177	208	93	109	129	164	157	161	129	133	94	125	108	78	164	152	163	140	127	133	140	97	96	178	131	28	15	26	3	15	11	6
5:07:15	0	0	0	0	0	0	9	0	0	19	42	0	18	26	1	2	0	8	17	9	0	0	0	0	18	0	0	0	0	8	4	6	18	25	0	1	8	8	0	0	7	8	0	18	14	0	8	0	185	192	164	157	178	163	148	144	146	179	161	160	120	126	184	229	207	163	148	130	113	206	178	177	126	138	144	152	124	115	202	198	184	179	142	142	94	119	111	226	162	9	36	9	27	19	0	0
5:17:15	1	3	0	5	0	15	24	2	0	0	20	0	0	14	0	17	32	0	24	0	0	38	6	0	5	2	0	16	18	0	16	0	0	0	5	51	0	0	11	11	6	4	0	0	2	24	7	0	161	221	224	214	172	208	173	156	138	197	192	151	153	175	194	250	270	202	140	113	133	219	177	153	157	144	181	152	140	103	210	177	190	143	141	157	111	162	107	247	202	11	0	15	0	0	21	0
5:27:15	26	11	0	8	27	0	12	11	13	7	0	3	1	27	10	5	14	23	8	0	18	48	15	11	0	15	15	6	0	35	15	11	36	0	17	7	6	12	7	22	12	9	3	35	11	15	47	10	209	219	234	232	204	212	171	163	156	208	211	165	171	211	226	308	284	203	166	157	115	208	230	209	166	132	188	191	163	130	259	222	217	179	202	150	134	117	113	259	164	7	16	15	10	6	9	31
5:37:15	3	0	17	0	0	14	3	2	0	10	0	28	1	8	20	16	18	17	17	14	0	0	27	0	36	0	15	19	39	0	33	0	0	5	10	1	25	15	0	0	4	9	0	18	0	18	10	5	258	242	240	241	257	248	179	185	147	236	211	200	215	249	258	260	319	272	166	174	190	233	206	219	150	163	214	217	184	135	276	246	235	176	192	188	133	145	161	286	246	6	1	0	0	21	0	0
5:47:15	12	0	22	22	0	21	0	0	0	0	26	41	7	0	10	0	0	6	0	16	0	2	12	8	15	37	16	26	21	0	0	14	25	0	0	28	43	0	0	0	14	0	0	20	0	0	16	14	224	299	265	276	257	246	217	191	172	270	221	221	211	252	283	338	341	297	198	184	205	257	244	214	175	177	266	221	200	186	304	272	272	211	193	204	126	160	159	312	261	0	11	30	22	0	14	6
5:57:15	0	5	0	23	12	4	0	5	15	9	25	0	0	0	27	0	25	23	0	16	33	11	0	8	0	12	13	1	10	0	31	20	26	0	31	0	9	0	0	21	0	6	4	52	16	0	0	0	294	293	289	290	297	316	178	215	190	302	296	232	254	282	276	362	352	331	189	190	247	248	282	241	203	199	239	241	200	184	351	297	302	238	203	216	117	193	175	318	248	3	0	5	0	0	19	16
6:07:15	1	0	14	3	0	0	12	4	20	23	18	28	8	0	15	32	27	0	0	22	16	15	7	2	29	7	7	14	16	0	6	0	0	0	0	0	2	15	18	48	11	0	26	1	12	18	38	4	323	320	306	323	331	288	209	280	221	332	289	265	295	328	326	364	394	365	207	265	298	310	301	269	174	237	297	279	224	215	333	324	357	232	223	209	148	196	150	345	314	0	0	22	0	0	7	14
6:17:15	2	22	0	31	15	20	24	14	0	21	7	0	44	0	6	13	0	12	0	0	6	0	14	21	16	14	0	26	45	10	24	7	1	0	7	16	10	0	33	0	7	0	21	13	1	9	35	0	364	350	329	330	363	341	223	270	227	355	322	258	298	334	297	389	465	411	255	291	340	297	368	290	218	241	331	308	251	247	384	371	390	259	229	226	131	214	186	352	348	18	24	13	0	8	12	0
6:27:15	14	0	0	3	5	17	8	30	23	6	18	19	13	34	0	7	14	0	24	0	10	0	10	15	0	32	0	0	11	6	25	5	5	0	0	0	15	27	16	13	14	0	0	6	16	2	14	0	402	403	345	329	379	335	239	319	282	401	393	279	341	329	337	430	483	409	256	292	337	314	407	281	199	272	328	325	227	250	412	402	387	321	269	261	212	258	243	374	360	23	17	22	0	0	4	39
6:37:15	18	23	29	12	0	39	19	15	12	0	34	8	18	0	10	0	15	17	0	0	0	1	17	0	12	6	11	17	0	0	5	6	31	16	26	0	25	0	17	15	0	32	3	0	15	0	39	13	441	424	371	389	404	397	292	341	245	440	428	294	360	363	378	459	506	454	317	326	354	333	425	300	234	270	348	332	255	283	432	432	427	349	321	248	188	219	219	402	392	6	27	15	47	13	0	0
6:47:15	9	8	26	23	7	32	14	0	0	0	7	9	10	5	11	5	8	0	23	23	21	14	2	0	0	0	0	0	0	0	0	0	7	0	0	0	0	17	0	10	0	0	20	37	29	0	16	0	455	430	384	445	456	448	293	364	324	428	454	329	390	387	399	495	509	470	304	331	403	341	485	300	248	324	376	382	308	328	482	457	465	403	360	289	211	260	286	455	468	22	28	15	6	13	0	13
6:57:15	2	0	16	0	22	12	0	13	5	8	0	0	0	18	12	27	0	0	7	20	0	0	0	31	36	0	1	4	0	0	0	7	0	0	0	0	7	0	29	4	27	3	4	3	9	0	0	7	470	482	453	431	461	485	272	378	339	473	491	328	392	416	435	515	599	536	342	362	404	356	515	311	257	323	396	393	323	354	491	478	489	437	381	278	218	329	271	490	501	10	0	2	7	21	13	4
7:07:15	7	18	27	5	27	4	28	28	0	2	31	13	0	2	14	0	18	8	0	33	5	19	18	14	38	23	13	0	0	0	0	0	9	19	17	0	16	0	18	0	0	15	0	13	37	0	0	22	503	483	474	502	508	517	331	426	392	548	536	350	421	458	458	553	614	558	387	406	426	355	528	349	247	349	416	424	340	397	558	489	543	410	455	295	248	301	280	524	502	13	9	14	12	11	8	15
7:17:15	8	13	31	21	48	0	0	25	8	13	0	27	50	9	6	0	0	18	0	0	0	22	13	20	29	24	17	11	25	0	22	13	0	0	2	15	13	11	12	11	34	0	9	12	0	0	3	0	534	472	494	527	527	521	341	430	412	573	612	357	454	480	484	565	663	600	442	422	455	398	548	370	297	398	426	425	342	450	561	532	542	478	513	330	247	344	331	600	547	11	0	10	38	0	26	12
7:27:15	7	0	17	13	0	11	17	14	19	12	15	0	23	18	20	7	0	17	8	22	12	8	2	6	3	0	0	6	36	34	35	0	17	0	16	0	0	29	0	13	15	29	26	0	0	9	0	30	568	527	563	543	554	594	322	471	457	583	646	384	460	484	502	600	718	619	468	478	476	414	635	414	313	366	469	467	406	460	626	618	619	522	525	341	288	403	353	583	562	8	17	0	0	23	15	3
7:37:15	3	17	4	0	9	0	0	10	0	16	0	19	34	13	6	0	8	16	0	31	22	0	0	6	0	0	0	0	11	0	15	16	0	31	31	22	0	0	0	0	11	32	10	0	0	0	0	7	540	578	537	605	590	626	338	487	460	634	665	377	491	516	539	678	713	635	489	493	453	425	640	400	304	462	472	534	465	484	673	610	622	552	532	335	299	317	384	645	623	30	1	24	35	26	10	0
7:47:15	23	10	6	20	6	23	16	9	9	11	0	8	24	12	0	43	26	0	33	0	0	7	0	24	3	12	0	7	16	28	0	0	7	10	17	29	24	12	0	0	26	0	0	0	0	0	14	0	576	618	551	642	626	640	342	526	544	618	652	392	511	543	572	690	773	686	502	520	531	448	672	426	346	498	553	526	451	503	702	631	664	584	569	388	334	416	436	654	612	38	22	8	0	11	10	3
7:57:15	17	0	8	0	4	17	34	16	0	0	8	0	7	0	0	0	9	7	1	6	0	7	0	0	0	22	0	0	22	42	23	0	17	0	7	0	0	26	0	9	18	6	0	9	27	25	15	4	669	620	600	679	649	683	403	596	553	695	726	428	591	580	615	776	833	700	501	555	597	461	691	460	350	497	576	587	479	542	758	691	701	584	578	372	332	457	479	680	702	0	5	0	0	8	0	22
8:07:15	16	15	14	0	16	28	10	15	0	4	21	15	22	31	0	0	19	0	1	20	6	9	9	21	16	0	0	0	28	0	7	0	15	14	10	10	10	4	23	0	14	0	34	41	7	0	5	10	688	664	644	716	702	667	383	577	561	712	751	447	610	636	657	784	863	726	588	578	610	484	764	498	363	537	580	577	486	568	792	731	744	663	615	398	366	502	475	731	717	0	27	4	0	4	16	0
8:17:15	0	0	0	14	0	16	0	13	0	5	7	10	0	15	0	0	10	0	9	33	11	0	0	29	12	8	20	9	0	33	19	21	0	0	7	31	7	0	0	0	7	8	9	20	9	13	7	8	725	716	681	748	720	739	440	637	629	787	813	458	663	645	666	811	908	792	601	629	654	474	810	477	403	585	600	607	563	653	802	766	772	681	687	434	336	383	535	767	814	16	0	0	0	3	19	0
8:27:15	9	17	28	0	28	16	0	4	0	0	1	23	0	0	12	26	0	12	0	9	14	8	0	20	18	0	0	0	37	7	3	0	9	23	0	1	0	0	22	0	12	11	0	6	3	25	6	0	719	728	741	816	818	797	427	647	674	780	824	464	661	698	710	888	995	819	635	614	694	502	832	522	430	626	706	668	602	634	892	826	809	747	711	430	389	536	546	851	806	11	8	16	0	15	7	19
8:37:15	0	7	28	0	0	4	32	0	0	0	0	1	3	43	11	0	9	4	0	0	29	17	0	15	15	0	26	18	22	0	17	8	0	15	0	11	0	0	0	5	32	0	17	53	34	0	6	8	806	768	780	912	774	812	461	723	659	795	870	468	688	718	774	868	1005	870	696	651	730	505	852	499	446	636	731	697	617	702	916	870	863	748	718	456	413	599	625	871	862	18	8	2	33	1	14	0
8:47:15	5	13	7	10	12	26	2	0	0	10	18	21	0	0	22	8	20	19	29	0	0	42	24	41	11	0	14	14	0	18	0	7	13	4	14	2	0	13	30	16	10	27	40	5	16	9	1	0	814	848	763	957	840	854	511	731	699	788	902	480	755	729	783	879	979	889	743	731	795	521	884	501	445	681	772	718	681	746	920	851	881	760	750	475	405	631	598	942	878	8	20	6	20	0	19	24
8:57:15	12	0	1	0	9	2	2	0	26	0	26	0	4	12	14	0	0	0	25	16	0	14	21	22	7	0	12	0	18	15	4	7	14	0	20	15	17	0	24	9	0	38	25	18	21	10	6	13	865	880	797	1005	888	874	483	790	765	878	884	481	786	803	822	923	1089	934	779	758	816	531	886	496	466	753	789	770	714	736	982	873	891	812	798	478	437	635	652	963	889	0	14	0	28	26	6	25
9:07:15	22	4	9	0	10	0	12	13	19	9	19	26	18	0	21	14	13	2	30	0	8	23	9	24	0	9	19	0	6	15	0	24	35	18	1	11	8	10	11	12	0	36	16	0	17	0	0	17	902	877	886	1075	863	946	524	824	792	888	934	497	790	836	851	923	1086	952	773	771	852	522	915	535	497	729	825	830	739	774	965	894	965	826	827	485	448	680	674	977	911	0	0	0	12	13	2	0
9:17:15	4	0	23	0	3	5	0	5	0	16	10	0	0	4	28	12	14	4	6	4	6	0	29	0	6	11	5	0	0	0	1	0	22	48	32	2	23	23	22	26	34	0	0	0	16	3	0	2	920	903	850	1065	921	948	553	856	829	874	934	467	843	853	875	955	1126	993	825	819	865	536	903	538	498	812	875	878	808	836	1000	942	907	825	876	466	464	588	675	980	921	13	34	38	22	4	0	15
9:27:15	1	6	0	18	14	4	24	5	36	22	0	2	12	10	26	6	10	0	12	0	0	0	0	37	0	23	19	17	6	0	17	0	19	0	0	31	0	23	30	18	6	42	6	16	18	0	1	0	933	919	924	1141	943	997	546	875	907	917	931	525	855	914	879	985	1176	991	834	844	882	506	946	553	495	840	903	890	830	898	1052	950	955	891	854	483	473	703	675	999	992	25	0	53	20	0	16	0
9:37:15	22	0	0	13	29	0	0	22	0	0	16	0	0	32	6	18	12	0	0	0	3	14	19	12	15	0	0	0	16	0	10	15	0	21	17	38	18	21	4	27	0	14	0	10	16	0	0	25	951	981	924	1218	980	1043	566	905	885	905	900	514	921	873	942	1013	1152	1030	884	898	916	542	979	527	522	893	918	883	818	912	1069	950	1005	929	880	484	488	746	703	1046	987	5	19	18	23	31	4	33
9:47:15	13	0	11	9	5	13	0	0	0	12	14	13	12	9	30	0	12	0	0	0	0	48	4	9	11	27	16	0	20	0	10	0	16	7	13	27	17	15	23	21	0	16	0	23	10	15	0	0	951	996	955	1285	983	1034	547	943	907	919	988	507	891	917	972	1011	1192	1057	918	936	991	548	993	503	518	946	956	961	891	972	1046	941	1036	949	936	505	452	755	752	1089	990	14	28	33	7	3	0	32
9:57:15	22	8	5	0	25	16	16	7	12	18	8	0	42	0	15	0	38	10	0	16	14	0	0	24	36	17	19	0	4	0	8	20	4	3	17	0	11	9	0	28	3	20	0	32	0	38	0	15	985	975	972	1272	1057	1042	547	936	948	940	985	514	901	888	944	1023	1237	1072	925	906	1039	546	1014	558	502	960	958	947	904	972	1092	992	1026	936	928	542	449	789	808	1090	1033	21	0	0	10	12	25	12
10:07:15	12	20	17	10	2	0	14	0	36	37	29	0	0	0	14	27	8	34	5	15	19	0	0	10	19	17	0	0	14	3	0	43	0	0	0	19	20	8	24	22	1	8	0	0	30	13	4	25	1021	1029	1001	1301	1069	1070	548	963	967	952	985	522	882	933	987	1013	1219	1129	955	901	1072	564	995	516	538	946	1021	985	904	989	1125	1049	1018	958	921	488	490	825	845	1100	999	10	24	20	0	4	8	8
10:17:15	5	7	14	4	0	10	16	0	17	12	17	0	13	0	0	12	49	18	26	0	0	15	14	33	15	10	1	20	17	0	17	0	7	0	0	26	17	22	0	8	16	5	10	19	19	14	20	3	1012	1018	1032	1326	1062	1132	577	989	993	965	993	490	922	954	958	1047	1246	1137	963	993	1053	561	1051	565	526	975	1007	1004	967	1048	1164	1006	1053	981	933	513	501	871	878	1156	1052	0	15	7	4	20	3	18
10:27:15	17	17	9	9	14	0	1	10	19	1	14	11	7	0	9	0	2	0	0	0	22	17	23	52	1	10	11	24	0	0	0	20	0	0	0	13	24	13	0	6	14	0	2	6	0	17	0	26	1031	1027	1045	1352	1139	1124	575	1035	1003	991	1016	504	982	987	1018	1056	1239	1145	976	948	1100	554	1041	529	513	1002	1022	1015	935	1052	1149	1013	1024	1018	967	484	513	859	793	1163	1089	7	0	0	4	0	16	8
10:37:15	26	22	0	8	7	14	12	10	0	21	16	5	26	0	0	12	14	13	1	19	21	18	8	10	0	0	0	17	0	8	8	6	20	6	17	16	0	19	0	27	5	0	0	0	0	0	3	18	1105	1026	1045	1386	1065	1164	585	1028	1060	996	1062	518	981	971	1038	1051	1234	1172	1011	991	1077	554	992	547	554	1024	1024	1044	980	1082	1169	1023	1059	1043	960	511	532	886	848	1145	1071	29	0	0	8	4	20	0
10:47:15	0	0	43	0	9	19	0	10	0	2	0	10	15	0	1	0	26	30	10	0	5	6	0	0	30	0	27	0	10	0	55	0	6	0	23	13	1	0	47	0	3	14	8	0	45	0	8	20	1080	1089	1060	1378	1055	1147	564	1072	1051	1015	1069	497	945	1020	1038	1082	1283	1210	1039	975	1120	540	1048	542	532	1081	1059	1057	970	1117	1211	1043	1099	1023	1014	523	536	725	821	1161	1134	13	8	22	0	0	19	39
10:57:15	0	0	2	0	0	3	5	0	24	0	0	24	11	7	24	19	0	18	16	0	13	3	19	39	7	8	26	49	0	13	0	0	1	18	13	20	29	21	30	0	0	6	27	0	0	4	24	33	1097	1028	1036	1370	1091	1168	542	1052	1064	1002	1092	547	940	978	1066	1049	1227	1166	1028	993	1113	540	1065	536	540	1094	1065	1069	989	1067	1256	1031	1047	1018	1022	559	547	874	855	1180	1130	14	12	18	0	11	21	13
11:07:15	0	36	15	3	14	0	24	0	12	18	9	22	15	25	0	6	0	0	26	33	0	2	4	9	0	0	12	18	9	13	0	15	26	12	7	0	0	17	19	19	23	17	0	35	0	16	2	18	1088	1056	1061	1419	1118	1176	567	1079	1046	1026	1076	489	949	1023	1055	1076	1309	1183	1051	1040	1137	528	1084	505	535	1114	1118	1029	1006	1143	1252	1040	1125	1012	998	510	536	742	826	1247	1133	12	17	0	0	20	17	0
11:17:15	0	0	5	16	16	2	18	10	1	13	0	0	23	9	27	28	4	26	23	0	0	9	0	0	12	0	0	10	0	0	3	0	0	18	20	0	7	20	10	0	13	9	0	5	9	8	19	28	1087	1059	1090	1418	1117	1195	628	1069	1068	1026	1096	502	998	1004	1066	1063	1316	1172	1045	1037	1143	541	1087	537	562	1121	1121	1083	1037	1151	1222	1140	1180	1044	1014	497	506	902	925	1209	1132	6	8	0	0	4	10	0
11:27:15	14	0	4	23	11	40	21	30	23	18	0	5	0	17	5	4	0	0	20	1	25	0	10	7	0	6	26	3	0	9	0	24	0	0	0	1	0	0	9	19	9	24	10	31	0	22	6	8	1079	1102	1101	1400	1170	1238	589	1119	1101	1012	1111	522	1015	943	1111	1103	1311	1193	1090	1053	1137	569	1034	518	550	1132	1091	1085	1030	1183	1232	1100	1141	1052	995	523	542	786	879	1264	1127	6	0	6	18	18	0	15
11:37:15	0	10	0	3	18	9	0	0	24	23	17	6	20	6	0	5	11	27	6	10	5	26	24	7	24	21	0	0	16	0	17	27	34	5	1	14	0	28	7	0	0	0	42	13	16	30	9	18	1076	1113	1063	1445	1121	1243	581	1110	1088	1023	1111	514	1033	988	1049	1107	1242	1205	1078	1043	1143	557	1060	522	542	1099	1150	1134	1090	1213	1259	1093	1166	1039	1022	541	504	769	917	1228	1168	11	17	1	17	17	16	0
11:47:15	0	17	0	12	10	9	26	0	0	18	0	15	24	0	13	8	0	21	13	16	0	0	18	8	13	29	9	0	0	18	0	10	16	15	15	2	6	0	22	0	22	23	12	10	0	0	0	0	1070	1112	1124	1472	1180	1250	634	1097	1119	1043	1130	547	1016	1007	1097	1163	1271	1212	1112	1066	1183	546	1123	540	538	1185	1132	1132	1135	1163	1246	1120	1169	1092	1037	537	530	768	919	1253	1131	10	25	21	21	28	16	25
11:57:15	0	22	2	0	0	34	0	0	0	5	0	8	12	0	22	5	6	0	0	13	0	5	6	8	7	0	9	0	0	4	34	0	20	13	3	20	0	4	25	14	16	0	0	15	0	7	20	9	1117	1116	1154	1458	1128	1266	619	1121	1136	1046	1109	513	1045	1030	1101	1136	1246	1224	1103	1117	1185	570	1102	536	526	1166	1140	1128	1139	1201	1314	1111	1172	1108	1054	542	584	747	936	1212	1091	0	40	4	18	0	39	0
12:07:15	0	0	34	28	0	3	0	10	0	13	0	12	3	0	9	21	1	0	0	31	34	10	10	15	0	9	0	58	0	21	9	4	56	0	3	0	0	0	12	21	1	18	24	19	0	12	0	6	1053	1095	1181	1477	1141	1219	622	1119	1107	1047	1105	507	1048	1032	1122	1167	1257	1184	1104	1078	1220	543	1123	552	552	1191	1158	1141	1174	1206	1275	1131	1211	1088	1068	527	576	825	917	1248	1123	6	0	8	6	6	26	0
12:17:15	3	28	12	19	1	16	0	14	4	15	11	14	3	10	0	0	25	8	0	0	4	2	0	0	35	0	0	0	37	9	26	5	9	9	26	23	5	0	0	22	3	0	3	0	4	0	7	27	1100	1123	1138	1455	1201	1268	636	1157	1146	1042	1074	509	1038	1052	1107	1171	1257	1222	1096	1122	1151	541	1037	510	564	1190	1123	1154	1119	1243	1270	1088	1172	1102	1041	519	647	812	907	1259	1114	20	15	0	27	24	26	0
12:27:15	0	32	14	7	0	0	8	23	22	16	0	5	0	0	0	8	1	23	6	29	0	0	12	0	0	16	22	15	12	56	12	0	7	0	0	12	0	42	0	0	13	0	9	32	0	24	19	36	1106	1137	1180	1487	1220	1234	642	1172	1180	1053	1125	498	1048	986	1146	1174	1302	1250	1101	1111	1191	537	1092	542	562	1231	1182	1137	1158	1232	1280	1118	1222	1132	1070	552	661	804	906	1242	1187	20	15	17	0	21	39	1
12:37:15	3	8	13	26	13	0	0	0	7	0	2	0	0	0	16	2	9	0	0	27	5	22	42	20	0	43	5	0	18	18	9	0	17	5	9	0	32	10	0	14	0	4	12	24	0	40	6	0	1139	1145	1143	1437	1220	1265	676	1123	1140	1031	1133	560	1087	1005	1159	1103	1255	1220	1117	1138	1198	520	1043	511	581	1258	1115	1178	1182	1231	1270	1107	1221	1094	1082	515	654	810	928	1270	1146	2	34	0	0	14	0	0
12:47:15	0	10	21	21	0	14	25	22	25	0	0	2	4	0	24	0	20	4	17	20	0	9	0	0	16	36	22	0	10	21	9	26	14	2	26	0	19	7	10	0	17	0	0	10	26	15	0	9	1108	1088	1232	1441	1217	1269	649	1166	1188	1080	1165	506	1051	1033	1147	1067	1277	1198	1130	1133	1194	544	1092	537	547	1283	1191	1173	1188	1266	1330	1080	1217	1122	1131	484	648	778	983	1241	1156	25	0	0	34	2	4	0
12:57:15	0	37	13	22	11	9	11	10	10	0	0	0	19	18	14	13	0	31	34	22	3	7	12	19	45	0	5	10	8	8	15	5	21	5	11	27	6	16	4	16	21	12	0	0	0	0	0	0	1148	1115	1165	1436	1193	1229	642	1196	1180	1055	1168	494	1101	973	1147	1111	1293	1260	1171	1157	1189	513	1070	527	553	1276	1199	1184	1196	1252	1290	1155	1179	1156	1106	520	688	766	997	1316	1136	5	0	0	22	0	35	0
13:07:15	0	12	0	22	16	26	15	12	41	13	0	0	29	19	1	27	14	0	0	0	17	0	29	25	0	26	36	0	19	8	8	9	15	2	8	0	0	8	26	11	2	11	0	29	0	0	4	16	1119	1109	1110	1555	1229	1266	627	1219	1158	1047	1130	506	1044	1055	1196	1098	1241	1204	1174	1129	1202	548	1065	522	528	1271	1233	1191	1179	1243	1309	1079	1133	1116	1088	546	676	781	983	1262	1177	0	0	25	0	0	0	7
13:17:15	10	8	22	20	5	14	0	7	0	0	19	16	0	11	19	4	7	3	0	30	9	2	0	10	21	0	0	0	7	28	25	20	5	27	19	0	24	24	25	7	9	21	26	27	18	14	13	26	1069	1139	1191	1462	1224	1285	652	1223	1159	1036	1156	518	1061	1057	1181	1074	1226	1188	1155	1184	1202	537	995	529	536	1287	1147	1210	1179	1273	1314	1107	1221	1126	1081	524	673	748	952	1241	1145	13	9	0	0	25	19	15
13:27:15	5	0	0	16	27	0	22	31	0	28	0	19	24	16	0	13	26	10	1	0	1	16	21	33	0	13	0	9	0	16	0	9	22	22	0	11	17	0	20	34	0	9	8	5	16	8	0	15	1089	1087	1139	1509	1218	1220	641	1204	1200	1032	1136	527	1055	1047	1209	817	1221	1175	1139	1166	1225	538	995	525	539	1299	1206	1184	1174	1267	1253	1079	1157	1090	1078	548	708	760	951	1247	1153	2	12	32	17	0	32	19
13:37:15	0	0	20	0	5	0	9	43	15	4	0	9	0	40	36	0	44	14	7	25	19	4	2	6	20	13	31	9	12	0	7	28	12	18	0	0	10	16	21	24	7	9	21	21	20	7	16	36	1080	1097	1156	1480	1191	1243	671	1224	1210	1021	1085	494	1085	1064	1175	847	1248	1183	1201	1198	1216	558	970	509	571	1245	1180	1210	1156	1225	1267	1043	1166	1089	1058	530	747	833	912	1290	1115	5	30	16	17	28	12	11
13:47:15	0	14	10	3	11	7	10	14	3	0	0	4	15	8	15	11	24	26	0	15	0	35	4	0	9	10	0	47	0	11	7	13	11	0	0	11	0	27	3	14	26	0	0	36	34	0	0	0	1045	1059	1098	1463	1171	1221	656	1158	1168	997	1074	510	1058	1023	1188	910	1168	1174	1141	1204	1206	505	1011	517	558	1272	1209	1156	1120	1279	1240	1068	1191	1084	1080	532	756	935	947	1197	1118	17	4	6	0	0	20	0
13:57:15	0	12	1	8	11	0	14	20	0	9	27	0	42	1	12	3	0	35	16	5	7	10	7	0	0	15	5	28	0	15	27	16	13	15	0	0	0	0	0	0	0	0	4	3	8	38	0	31	1071	1070	1099	1425	1114	1240	645	1192	1149	1029	1071	517	1037	979	1144	845	1193	1174	1139	1185	1183	547	970	517	562	1276	1256	1205	1090	1240	1229	1036	1157	1086	1041	529	735	1030	981	1166	1111	19	0	20	10	0	0	0
14:07:15	24	0	37	37	22	0	16	0	15	8	3	8	0	9	0	16	0	0	19	0	52	7	0	10	0	0	0	34	0	2	11	19	6	13	0	24	0	42	0	4	7	32	21	0	15	15	3	5	1024	1051	1093	1383	1092	1190	653	1174	1226	984	1061	489	1007	964	1091	861	1095	1109	1186	1161	1162	527	974	538	561	1288	1222	1203	1130	1265	1226	1025	1119	1048	1026	542	743	999	994	1139	1036	1	24	12	0	1	0	0
14:17:15	2	0	4	13	9	0	1	14	0	0	11	0	17	0	0	22	2	0	36	6	18	0	15	0	3	0	0	0	0	20	0	0	24	5	9	0	0	8	17	4	26	0	0	0	0	0	16	11	1030	1031	1078	1392	1142	1167	653	1212	1167	940	1030	489	1038	1029	1142	837	1168	1085	1125	1169	1155	545	915	499	564	1278	1179	1181	1168	1256	1157	1041	1098	1031	963	522	764	1005	984	1160	1040	21	11	25	0	7	24	14
14:27:15	7	12	2	0	1	17	25	0	6	0	0	0	2	9	0	18	26	2	31	0	0	5	23	0	0	25	0	0	19	0	16	0	7	10	0	18	0	37	0	20	0	0	20	30	22	22	6	0	1031	1015	1055	1397	1112	1184	621	1163	1160	965	998	499	1010	946	1094	956	1115	1091	1157	1200	1196	477	932	518	542	1269	1201	1153	1172	1210	1171	996	1027	1075	1044	478	730	969	1008	1121	1027	15	0	33	0	8	0	0
14:37:15	24	0	20	0	7	4	26	34	33	0	37	0	17	0	10	0	16	30	32	14	0	32	27	6	0	19	0	10	0	0	27	17	0	0	21	0	17	0	0	0	15	17	0	16	0	0	0	9	997	1027	1103	1372	1068	1165	688	1117	1132	987	1022	514	994	963	1094	982	1136	1055	1122	1124	1159	545	876	529	542	1283	1143	1174	1170	1248	1139	1019	1001	1036	989	532	754	977	1031	1131	1021	13	0	0	13	0	12	19
14:47:15	16	16	23	27	6	15	0	10	0	2	16	0	22	12	10	15	7	25	0	0	0	25	0	0	1	3	0	25	16	14	18	7	0	1	8	0	27	0	24	0	0	36	25	4	0	38	10	33	1026	1014	1050	1328	1063	1166	636	1103	1141	927	959	479	963	965	1073	959	1061	1059	1124	1110	1134	493	875	541	518	1258	1168	1149	1145	1250	1107	967	967	995	961	524	757	929	1014	1138	980	8	12	43	9	28	5	27
14:57:15	16	0	31	0	26	4	8	26	22	21	17	17	12	6	7	20	9	0	7	29	0	16	1	28	0	15	0	3	21	26	3	5	0	0	14	18	0	0	19	7	0	29	16	22	21	0	0	0	982	1009	1048	1343	1037	1187	611	1064	1116	990	925	494	980	951	1025	957	1040	1040	1089	1100	1130	525	866	502	542	1270	1109	1110	1152	1228	1116	976	1015	998	951	504	761	951	956	1056	957	31	18	1	6	14	8	24
15:07:15	2	10	7	0	21	16	0	1	0	1	0	10	1	22	0	28	0	49	26	14	8	0	0	0	7	14	0	17	7	0	14	0	5	4	0	0	0	13	2	26	3	3	0	15	7	18	15	3	970	971	982	1268	1047	1051	617	1026	1062	900	899	492	951	932	1021	915	1034	1012	1072	1072	1123	502	828	470	531	1189	1104	1127	1128	1211	1042	933	961	964	910	530	719	919	960	1047	938	29	30	16	17	0	26	1
15:17:15	0	0	9	9	1	21	10	11	0	27	18	11	17	16	20	0	0	4	28	14	3	0	0	0	0	5	9	19	0	0	0	0	37	0	41	16	0	30	0	17	0	0	0	12	10	18	1	37	951	965	937	1221	1017	1105	621	992	1060	884	893	480	937	917	987	928	1104	979	1026	1020	1105	503	824	512	556	1174	1118	1087	1042	1132	1030	951	937	936	857	520	785	788	943	1030	907	8	0	16	0	5	0	0
15:27:15	14	36	39	9	9	0	5	0	37	33	2	25	8	10	6	7	15	0	14	0	6	25	1	0	0	0	18	26	14	3	11	0	9	5	38	22	13	0	0	0	36	18	6	2	16	29	13	10	957	966	948	1180	1036	1089	588	1037	1050	917	939	510	939	952	1004	962	1062	1040	1025	994	1062	515	849	489	513	1205	1075	1058	1069	1171	1011	971	929	962	896	496	760	731	949	1026	905	21	21	0	1	0	0	17
15:37:15	9	6	29	6	0	0	7	17	21	0	30	0	10	0	6	3	1	11	1	13	0	0	0	23	11	20	10	2	19	12	6	0	22	11	0	26	30	19	8	5	0	0	10	15	6	11	0	0	964	955	951	1193	1006	1128	614	1063	1020	918	906	456	919	932	943	908	1025	1037	1034	1026	1025	529	826	500	528	1148	1031	1044	1092	1143	995	923	968	975	840	504	746	743	901	970	873	24	3	16	0	0	0	13
15:47:15	21	20	4	25	0	21	9	7	7	4	0	15	0	28	0	26	41	0	0	0	0	0	7	0	0	18	12	0	19	0	27	18	5	37	28	10	0	26	16	18	13	0	22	20	1	6	16	32	879	968	946	1168	1006	1084	643	1040	985	889	905	489	868	901	913	813	1048	951	982	996	1020	529	797	482	520	1166	1029	1017	1034	1100	964	888	929	954	851	504	756	810	897	954	909	0	21	14	4	0	6	6
15:57:15	0	9	6	26	8	31	0	0	4	9	21	13	34	17	0	14	0	0	19	0	30	19	45	15	0	0	16	17	9	0	4	0	5	0	32	20	0	0	18	6	2	1	1	0	0	21	26	0	916	921	960	1151	1026	1037	593	1036	1045	899	876	507	932	899	953	805	1051	973	1027	1015	978	537	822	487	482	1099	1014	1031	1029	1094	969	934	975	974	814	473	755	815	917	1004	889	9	0	0	0	0	7	2
16:07:15	5	20	0	12	18	10	8	54	18	4	22	3	1	17	0	23	7	12	23	6	19	6	17	3	23	12	22	9	0	45	12	4	0	19	13	2	5	10	0	1	1	0	7	0	10	0	20	15	919	914	931	1134	950	1045	629	1017	1001	907	907	524	881	881	928	773	996	952	991	992	991	476	826	489	510	1117	1019	978	1030	1104	1005	896	963	960	823	487	708	731	889	988	891	12	12	0	0	11	6	10
16:17:15	0	0	2	10	10	16	0	0	13	38	8	19	28	37	0	0	24	16	0	32	5	0	12	5	29	6	0	0	17	0	11	18	19	0	10	10	23	0	14	12	11	0	6	15	22	33	1	26	874	895	939	1173	935	1066	601	1005	1018	884	906	517	871	871	950	771	1001	946	952	944	998	513	808	508	508	1088	959	987	1033	1033	978	904	969	947	868	505	732	793	872	967	891	0	0	7	0	14	13	8
16:27:15	2	36	48	17	16	5	7	1	20	0	0	0	16	0	0	18	0	10	14	0	20	26	18	0	21	5	39	4	0	17	0	0	5	0	0	24	9	0	0	6	17	14	2	0	26	13	0	39	919	927	941	1142	961	1047	593	981	1022	917	859	507	879	857	938	783	1007	934	969	962	980	506	878	502	534	1091	998	1008	1040	1082	993	891	944	947	857	514	715	746	827	961	843	0	15	5	15	32	35	34
16:37:15	23	38	0	0	0	0	14	11	36	11	3	9	0	45	16	12	0	5	14	7	47	36	20	7	16	23	35	0	24	16	5	15	6	0	3	9	13	37	24	49	37	5	0	14	12	3	0	0	876	931	925	1140	924	1036	622	974	1012	921	882	509	880	858	899	797	998	928	961	930	1012	491	782	536	520	1060	992	999	1007	1051	991	915	936	902	837	529	714	666	863	979	839	11	1	1	9	25	0	42
16:47:15	6	25	28	9	25	27	21	4	16	0	34	38	0	9	31	21	7	0	6	0	0	29	12	18	13	13	8	0	1	0	0	14	0	25	0	0	30	29	0	0	1	10	0	0	3	0	18	8	898	881	911	1097	933	1020	578	992	989	878	883	502	876	841	901	772	1049	919	977	922	965	517	803	493	529	1059	962	962	992	1023	948	877	904	908	837	513	725	733	854	942	852	0	0	0	32	12	0	0
16:57:15	16	0	2	24	31	8	16	16	0	30	0	0	11	0	0	13	11	19	31	4	0	12	0	17	12	1	0	0	0	29	5	30	13	0	7	17	28	0	0	10	11	18	19	5	14	0	0	1	866	933	941	1107	962	1028	597	970	1011	854	890	475	883	799	914	773	975	937	947	912	958	482	825	483	511	1013	980	1006	948	1042	958	897	915	919	822	515	711	701	818	942	870	0	0	9	12	0	14	0
17:07:15	0	3	8	0	0	18	31	41	26	27	8	0	0	11	0	4	0	5	14	9	34	0	0	0	0	5	11	5	20	11	20	3	9	2	0	0	0	0	19	0	0	25	0	20	12	0	39	16	895	874	896	1129	930	1013	579	997	960	846	837	501	869	853	878	744	999	886	932	910	961	518	743	507	499	991	995	935	991	1017	996	849	949	875	806	493	684	772	821	939	831	34	15	8	0	0	3	15
17:17:15	33	0	35	15	7	4	8	17	30	26	0	0	4	23	11	20	16	2	0	5	23	15	0	12	3	34	29	4	15	0	37	40	10	0	26	3	16	4	0	25	1	18	0	0	0	11	0	9	871	880	881	1074	911	1005	603	997	918	877	878	506	862	847	874	773	989	884	954	922	934	485	803	471	533	950	1003	960	925	1004	968	837	891	888	799	488	685	656	834	926	824	8	0	25	18	0	7	0
17:27:15	29	6	23	19	18	22	9	11	1	24	13	20	0	27	15	33	41	5	0	0	0	0	10	2	0	10	26	4	0	0	6	6	0	14	0	20	0	0	0	10	17	12	23	10	52	0	0	28	862	858	887	1065	875	1000	586	950	954	847	842	502	826	855	835	830	971	907	932	899	926	507	771	502	525	961	973	922	930	1007	920	869	849	905	812	504	710	735	841	936	854	23	18	0	0	0	14	0
17:37:15	25	8	20	0	6	0	24	32	14	9	34	0	28	0	0	0	0	19	20	0	27	25	0	0	0	0	39	21	23	0	14	8	18	15	9	17	16	0	0	24	0	2	19	0	11	25	0	1	859	871	886	1042	905	982	599	991	906	872	852	444	829	869	868	875	978	949	910	915	908	489	797	489	534	973	917	932	925	992	957	845	919	906	800	483	647	735	807	938	828	16	0	28	45	0	7	13
17:47:15	11	0	2	18	15	0	0	16	32	0	0	0	6	0	5	0	0	14	0	5	21	11	8	4	8	13	0	0	0	0	54	0	0	5	0	0	23	21	0	2	11	0	8	6	39	22	0	2	837	876	872	1056	916	1000	604	958	929	800	841	496	825	850	885	876	995	872	890	949	939	537	724	500	523	980	910	894	945	975	926	858	898	852	794	490	697	770	818	865	812	30	16	4	10	14	0	7
17:57:15	14	16	0	3	8	0	0	56	0	34	28	10	24	29	1	16	18	18	3	11	0	4	11	9	0	36	37	0	22	38	0	15	9	23	4	0	9	0	12	1	0	8	22	35	18	0	38	21	831	865	866	1032	912	1002	597	951	936	805	848	508	809	831	829	833	933	861	896	895	921	493	784	484	537	982	897	927	918	951	919	844	880	866	799	512	674	717	795	900	854	9	20	0	0	3	31	1
18:07:15	0	12	4	12	1	0	0	20	0	31	20	0	7	0	0	1	20	0	9	28	19	0	27	0	14	0	0	0	19	0	5	1	25	2	9	11	28	2	19	26	0	0	0	22	0	0	34	17	854	853	868	997	919	969	582	935	908	806	840	499	805	854	835	825	927	852	871	890	881	508	765	474	500	926	904	903	887	977	909	812	903	861	788	487	688	751	759	903	838	0	28	0	10	2	39	20
18:17:15	0	0	17	0	0	8	16	13	9	12	0	9	0	0	0	7	4	4	0	0	25	0	12	17	18	0	8	7	0	3	9	0	0	15	27	16	10	13	2	37	0	0	0	4	1	33	8	29	879	844	837	1051	867	932	603	956	922	845	821	501	813	789	844	837	938	911	867	872	957	504	773	511	535	894	917	909	915	899	921	845	855	809	747	480	684	646	754	878	823	19	19	0	39	14	0	0
18:27:15	0	4	0	22	36	4	22	6	12	6	0	0	14	22	0	15	7	0	13	0	14	0	29	21	16	0	27	0	31	16	7	9	0	19	10	11	13	34	23	18	24	0	20	30	20	0	0	19	825	878	855	1055	867	984	579	941	897	803	848	513	792	813	871	855	927	849	859	893	902	512	777	458	519	913	884	899	915	965	884	848	888	900	767	509	665	638	750	915	836	15	7	0	6	0	22	14
18:37:15	15	0	0	15	28	0	17	11	0	0	1	12	5	19	0	12	0	0	9	0	4	12	0	0	34	0	14	11	13	5	7	25	7	9	15	7	6	17	0	15	13	25	0	0	15	0	0	5	843	879	875	1022	930	978	594	925	929	882	843	448	798	791	856	846	982	895	949	895	877	480	754	534	514	941	897	918	891	953	917	858	882	830	795	498	651	723	752	905	823	4	0	19	0	0	25	0
18:47:15	29	22	0	5	0	5	0	16	18	0	7	0	14	21	10	17	13	0	13	0	11	43	1	5	6	3	0	25	36	16	13	0	2	1	25	1	0	12	0	14	18	10	0	13	9	7	0	0	836	850	825	1052	866	983	599	920	918	866	860	492	784	789	840	851	977	877	897	919	899	496	759	487	532	897	894	895	871	973	905	814	888	863	782	531	659	680	741	898	823	8	0	35	14	0	0	0
18:57:15	0	0	7	15	11	16	15	15	14	0	2	8	0	0	0	0	18	18	0	0	0	0	16	0	9	8	1	5	19	12	0	16	0	0	8	0	1	11	0	7	19	0	12	4	0	8	14	20	801	827	830	1033	872	939	575	946	941	838	832	505	761	802	810	832	949	823	879	875	874	461	779	484	501	910	849	883	861	964	896	816	863	816	767	474	686	664	742	873	820	6	32	6	59	0	0	21
19:07:15	16	15	1	3	12	1	1	0	28	3	8	24	0	0	0	4	35	6	10	0	0	12	0	0	3	21	7	14	7	27	34	0	0	15	42	4	0	20	36	23	23	19	0	3	0	8	19	11	813	809	840	1033	874	942	547	905	859	870	847	477	793	783	817	796	928	843	894	866	880	486	775	486	493	861	873	872	856	960	907	800	852	858	740	510	697	647	744	869	825	7	6	0	0	39	0	12
19:17:15	32	0	27	8	8	28	41	0	14	13	0	0	0	15	0	25	4	2	0	0	3	23	0	0	0	6	5	15	12	16	0	15	0	6	18	0	14	2	8	41	10	0	12	15	21	17	14	6	774	838	841	1021	877	937	615	923	862	825	795	474	737	812	802	820	921	853	805	847	859	496	717	482	517	870	884	889	879	922	843	780	858	839	743	487	680	576	700	874	787	0	22	11	28	26	0	0
19:27:15	35	0	0	11	5	9	37	0	31	0	0	13	0	13	0	8	0	8	0	29	0	0	0	4	20	8	14	0	11	7	0	10	32	0	7	44	0	0	22	7	9	0	13	34	33	4	10	36	802	827	804	994	845	922	595	895	881	801	792	466	737	756	793	816	916	840	848	846	846	527	714	500	470	848	863	919	865	926	908	810	862	800	755	526	697	645	728	875	794	2	28	38	4	0	18	12
19:37:15	22	16	0	0	0	12	0	0	0	39	5	9	11	1	23	0	10	10	0	3	0	2	17	6	27	1	0	25	23	0	1	29	27	19	1	0	19	5	17	25	0	20	0	1	8	22	17	18	810	804	811	998	860	935	596	895	838	834	849	508	784	754	838	816	895	820	839	834	887	487	759	509	472	847	866	870	855	934	896	781	879	832	736	488	627	688	757	860	807	1	21	1	0	16	32	0
19:47:15	0	6	5	9	3	20	4	0	0	35	2	39	8	10	14	21	3	10	14	0	5	0	21	10	4	31	0	6	5	35	0	0	16	10	0	0	6	18	0	10	6	0	0	5	0	18	19	0	770	821	845	1043	865	987	587	863	884	785	853	475	770	792	833	804	928	865	872	880	884	507	751	445	491	864	879	882	896	951	864	789	863	799	741	510	652	720	733	843	824	0	17	9	19	9	0	0
19:57:15	0	12	0	0	0	16	10	0	0	48	0	16	40	7	0	14	26	5	32	0	5	25	0	17	0	21	0	39	25	0	2	9	0	2	0	0	1	18	16	30	5	0	29	0	0	0	14	20	776	784	817	1018	877	931	583	895	850	795	817	471	755	764	837	847	912	886	813	876	852	493	735	497	499	846	827	861	884	910	859	784	832	817	725	491	658	685	710	853	832	0	1	7	6	15	0	29
20:07:15	42	7	47	15	27	2	0	0	1	12	18	3	47	35	6	0	0	0	12	0	0	0	0	0	0	0	24	13	0	44	17	19	8	0	14	0	4	39	17	0	36	20	6	6	0	24	3	19	775	806	828	1033	846	912	577	894	912	813	758	472	766	798	815	807	916	857	830	845	829	495	685	521	498	868	841	841	870	911	841	804	836	825	712	498	646	613	726	833	780	0	27	12	12	0	20	8
20:17:15	20	0	13	0	23	24	11	19	0	34	6	11	9	9	23	6	28	12	24	0	21	0	0	0	25	0	2	0	21	8	24	4	36	1	9	0	0	16	14	20	0	6	9	7	17	18	5	9	777	782	840	1024	851	924	568	906	891	823	775	496	747	802	813	798	884	851	803	873	865	497	705	466	496	826	800	841	868	907	850	763	822	807	744	478	627	672	753	831	769	0	18	1	0	16	1	16
0:00:00																																																																																																
0:00:00																																																																																																
0:00:00																																																																																																
0:00:00																																																																																																
0:00:00																																																																																																
0:00:00																																																																																																
0:00:00																																																																																																
0:00:00																																																																																																
0:00:00																																																																																																
0:00:00																																																																																																
0:00:00																																																																																																
0:00:00																																																																																																
0:00:00																																																																																																
0:00:00																																																																																																
0:00:00																																																																																																
0:00:00																																																																																																
0:00:00																																																																																																
0:00:00																																																																																																
0:00:00																																																																																																
0:00:00																																																																																																
0:00:00																																																																																																
0:00:00																																																																																																
0:00:00																																																																																																
0:00:00																																																																																																
0:00:00																																																																																																
0:00:00																																																																																																
0:00:00																																																																																																
0:00:00																																																																																																
0:00:00																																																																																																
0:00:00																																																																																																
0:00:00																																																																																																
0:00:00																																																																																																

