EGFP:488,507[2]

Kinetic read	A1	A2	A3	A4	A5	A6	A7	A8	A9	A10	A11	A12	B1	B2	B3	B4	B5	B6	B7	B8	B9	B10	B11	B12	C1	C2	C3	C4	C5	C6	C7	C8	C9	C10	C11	C12	D1	D2	D3	D4	D5	D6	D7	D8	D9	D10	D11	D12	E1	E2	E3	E4	E5	E6	E7	E8	E9	E10	E11	E12	F1	F2	F3	F4	F5	F6	F7	F8	F9	F10	F11	F12	G1	G2	G3	G4	G5	G6	G7	G8	G9	G10	G11	G12	H1	H2	H3	H4	H5	H6	H7	H8	H9	H10	H11	H12
0:09:17	2247	2320	2424	2371	2496	2610	2514	2529	2527	2670	2668	2616	2365	2602	2669	2527	2419	2542	2582	2634	2652	2564	2431	1356	2478	2543	2495	2393	2565	2432	2673	2645	2650	2623	2575	2474	2517	2479	2442	2801	2825	2725	2428	2542	2491	2462	2543	2515	2248	2378	2384	2393	2475	2376	2280	2315	2455	2520	2358	2517	2639	2600	2533	2435	2424	2400	2540	2428	2515	2412	2304	2328	2448	2364	2301	2491	2468	1834	2711	2597	2748	2464	2383	2521	2440	2488	2394	2346	2689	2569	1800	1265	1331	1349	1361	1310
0:19:17	2368	2543	2476	2494	2414	2396	2440	2567	2541	2682	2613	2598	2557	2562	2563	2398	2393	2598	2567	2447	2593	2493	2463	1399	2455	2562	2689	2416	2604	2619	2856	2803	2693	2458	2586	2635	2522	2496	2612	2642	2823	2840	2613	2492	2429	2426	2484	2373	2514	2366	2405	2392	2465	2445	2383	2528	2457	2616	2686	2436	2574	2619	2808	2457	2400	2499	2490	2532	2521	2442	2326	2449	2500	2554	2419	2443	2437	1870	2841	2722	2802	2482	2412	2471	2431	2477	2489	2370	2725	2617	1768	1289	1190	1321	1300	1407
0:29:17	2210	2523	2482	2492	2481	2446	2511	2575	2646	2786	2647	2652	2461	2750	2659	2410	2682	2498	2567	2692	2620	2504	2632	1397	2675	2472	2604	2399	2459	2577	3074	2937	2781	2510	2613	2572	2560	2560	2596	2765	2751	2701	2471	2481	2338	2578	2412	2542	2390	2505	2385	2433	2517	2432	2274	2432	2457	2463	2452	2411	2824	2735	2618	2520	2469	2431	2644	2590	2611	2403	2371	2374	2510	2590	2495	2451	2583	1973	2920	2805	2938	2570	2502	2611	2483	2573	2559	2621	2847	2743	1732	1335	1256	1369	1284	1356
0:39:17	2275	2457	2468	2488	2327	2448	2479	2511	2548	2788	2616	2597	2499	2799	2746	2515	2494	2535	2570	2633	2654	2596	2513	1333	2407	2546	2663	2323	2534	2553	3074	2861	2808	2474	2616	2526	2597	2465	2645	2689	2818	2840	2560	2418	2439	2401	2471	2548	2492	2482	2472	2563	2493	2406	2508	2439	2380	2639	2581	2552	2865	2925	2924	2465	2493	2534	2528	2629	2476	2534	2344	2389	2531	2490	2563	2375	2577	2040	2943	2943	3020	2454	2479	2580	2703	2501	2579	2562	2804	2745	1796	1416	1364	1309	1398	1350
0:49:17	2345	2490	2622	2422	2508	2582	2619	2513	2509	2590	2765	2557	2529	2866	2888	2424	2602	2690	2653	2675	2726	2616	2572	1288	2498	2605	2691	2549	2486	2523	3084	3050	2995	2607	2537	2455	2683	2572	2683	2790	2996	2930	2476	2484	2453	2421	2412	2430	2507	2359	2479	2379	2580	2534	2476	2500	2469	2664	2683	2624	2901	2988	2663	2407	2397	2536	2520	2598	2647	2512	2439	2334	2484	2535	2603	2424	2619	2004	3021	3079	2953	2614	2626	2486	2543	2698	2455	2546	2845	2803	1807	1310	1318	1303	1365	1289
0:59:17	2241	2401	2616	2433	2365	2575	2551	2501	2449	2788	2723	2660	2531	2799	3206	2586	2552	2525	2675	2677	2597	2735	2634	1352	2587	2535	2701	2425	2573	2562	3005	3087	2928	2616	2486	2559	2454	2643	2737	2875	3037	2860	2379	2500	2544	2407	2480	2496	2505	2429	2424	2508	2524	2401	2460	2562	2368	2688	2612	2719	2957	2888	2959	2428	2544	2502	2582	2658	2523	2560	2416	2427	2551	2614	2497	2735	2701	2077	3132	3289	3212	2572	2556	2540	2579	2651	2760	2500	2827	2853	1783	1250	1373	1277	1323	1334
1:09:17	2377	2538	2629	2435	2591	2544	2590	2460	2517	2691	2815	2535	2606	2798	2936	2494	2698	2384	2617	2696	2675	2684	2554	1425	2612	2593	2603	2437	2530	2404	2944	3059	2869	2647	2542	2582	2645	2617	2778	2814	3327	3075	2464	2432	2366	2486	2387	2335	2540	2510	2378	2430	2525	2461	2438	2442	2545	2807	2691	2643	2970	2999	2997	2607	2556	2492	2686	2489	2587	2548	2579	2328	2624	2801	2596	2622	2690	2152	3420	3360	3194	2491	2401	2691	2551	2653	2528	2555	2846	2901	1782	1259	1284	1226	1302	1329
1:19:17	2432	2565	2597	2441	2445	2464	2645	2539	2632	2705	2705	2609	2699	2838	2759	2616	2597	2794	2705	2658	2820	2721	2596	1338	2573	2633	2730	2488	2649	2534	3075	3170	2956	2562	2488	2497	2707	2773	2893	2922	3018	3235	2582	2387	2445	2484	2419	2336	2605	2418	2478	2553	2435	2482	2496	2495	2578	2858	2916	2768	3053	3035	3087	2506	2558	2496	2568	2543	2640	2613	2483	2502	2637	2605	2522	2726	2663	2250	3582	3470	3390	2617	2723	2709	2745	2655	2797	2649	2886	3049	1795	1338	1329	1354	1303	1424
1:29:17	2295	2627	2628	2529	2573	2490	2594	2540	2596	2798	2723	2704	2881	2762	2900	2531	2492	2588	2638	2746	2685	2591	2612	1406	2588	2678	2629	2474	2565	2648	3070	3167	3023	2632	2592	2566	2727	2589	2875	3112	3071	3210	2474	2391	2456	2396	2406	2382	2618	2553	2445	2498	2628	2592	2563	2659	2473	2892	2826	2800	3194	3167	3157	2506	2536	2530	2727	2630	2595	2522	2606	2426	2596	2565	2521	2809	2793	2316	3746	3840	3454	2625	2526	2653	2625	2507	2603	2762	3081	2957	1810	1313	1263	1383	1295	1421
1:39:17	2336	2638	2572	2494	2466	2587	2622	2625	2660	2808	2781	2703	2681	2869	2924	2626	2622	2632	2674	2805	2649	2610	2662	1479	2672	2491	2603	2608	2479	2591	3002	3136	3114	2679	2695	2709	2829	2565	2810	3133	2968	2991	2550	2375	2434	2457	2477	2487	2645	2569	2435	2716	2643	2613	2573	2491	2457	3162	3063	3018	3235	3425	3278	2591	2530	2525	2623	2569	2667	2681	2549	2432	2627	2721	2654	2910	2759	2676	3763	3912	3651	2677	2836	2781	2648	2618	2663	2806	2946	3034	1742	1418	1282	1330	1359	1355
1:49:17	2281	2645	2675	2717	2591	2575	2616	2600	2586	2828	2724	2688	2739	2874	2814	2515	2649	2659	2776	2739	2786	2666	2530	1481	2592	2646	2564	2669	2609	2539	2994	3010	3208	2465	2552	2623	2857	2788	2762	3054	2966	3172	2414	2480	2392	2445	2482	2393	2624	2609	2399	2759	2654	2681	2463	2549	2520	3181	3125	3016	3363	3435	3399	2620	2597	2597	2779	2637	2664	2664	2577	2374	2662	2720	2686	2924	2855	2721	4151	4009	3811	2618	2607	2742	2646	2591	2782	2798	2937	2944	1804	1317	1233	1242	1263	1308
1:59:17	2328	2657	2753	2637	2482	2626	2566	2734	2604	2727	2809	2795	2724	2920	2972	2684	2556	2632	2812	2703	2850	2716	2754	1318	2611	2683	2569	2627	2475	2644	3174	3257	3225	2651	2703	2519	2707	2639	2741	3046	3165	3047	2498	2498	2416	2412	2389	2368	2638	2569	2529	2662	2700	2677	2625	2565	2506	3198	3236	3212	3639	3427	3498	2693	2490	2765	2618	2804	2778	2749	2626	2437	2609	2813	2566	3001	3006	2657	4518	4246	4269	2870	2752	2879	2721	2833	2721	2979	3009	3067	1823	1283	1330	1385	1348	1327
2:09:17	2302	2636	2768	2517	2510	2724	2418	2697	2547	2873	2838	2724	2832	2878	3035	2548	2559	2766	2968	2886	2880	2701	2728	1391	2563	2571	2633	2615	2533	2569	3088	3309	3232	2595	2782	2658	2735	2649	2772	3072	2931	3246	2490	2444	2469	2469	2378	2442	2679	2688	2516	2761	2748	2647	2609	2755	2657	3519	3396	3168	3732	3654	3754	2641	2629	2624	2871	2858	2749	2774	2682	2570	2739	2774	2669	3185	3078	2488	4307	4585	4428	2750	2636	2844	2619	2824	2734	3056	3296	3403	1645	1327	1351	1367	1294	1342
2:19:17	2383	2564	2715	2586	2574	2736	2623	2577	2729	2851	2850	2688	2902	2906	3058	2520	2835	2687	2849	2761	3025	2875	2674	1458	2666	2523	2735	2531	2712	2596	3328	3105	3179	2657	2637	2661	2834	2719	2739	3320	3047	3265	2476	2385	2407	2434	2379	2417	2672	2860	2499	2979	2866	2779	2703	2630	2701	3777	3571	3410	4056	3932	3742	2681	2648	2615	2800	2819	2701	2723	2748	2353	2777	2857	2790	3186	3120	2697	4619	4674	4593	2759	2844	2750	2711	2960	2859	3049	3250	3411	1701	1232	1337	1285	1389	1317
2:29:17	2318	2575	2547	2714	2546	2799	2643	2718	2635	2894	2915	2773	2795	3081	3063	2656	2610	2645	2828	2950	2952	2839	2687	1383	2690	2691	2755	2499	2668	2604	3211	3374	3222	2757	2646	2610	2719	2751	2791	3096	3173	3203	2461	2528	2404	2302	2388	2438	2583	2718	2482	2836	2780	2811	2757	2652	2579	3760	3723	3666	4104	4136	4123	2677	2794	2771	2825	2802	2928	2833	2637	2569	2770	2817	2863	3299	3146	2829	4797	4997	4716	2932	3114	2947	2741	2992	2725	3163	3238	3389	1734	1357	1379	1345	1327	1362
2:39:17	2278	2700	2721	2590	2631	2698	2680	2666	2670	2870	2959	2764	2953	3057	3070	2741	2718	2822	2885	2907	3095	2834	2663	1354	2626	2834	2799	2518	2590	2516	3212	3329	3299	2686	2804	2736	2752	2822	2880	3082	3271	3353	2388	2590	2343	2326	2345	2411	2664	2723	2543	2867	2722	2722	2661	2770	2759	4006	3972	3774	4471	4394	4167	2806	2697	2762	2812	2829	2952	2864	2751	2511	2955	2883	2866	3420	3303	2942	4971	5330	5019	2908	3088	2967	2707	2980	2912	3375	3382	3508	1795	1352	1218	1332	1355	1277
2:49:17	2343	2545	2649	2790	2627	2717	2778	2780	2622	3087	2927	2898	3130	3093	3218	2691	2773	2861	2886	2746	2963	2724	2730	1380	2864	2899	2894	2611	2643	2618	3477	3353	3490	2731	2821	2713	2737	3004	2986	3262	3254	3374	2461	2548	2446	2459	2455	2363	2687	2724	2450	3098	2950	2810	2825	2802	2655	4140	4068	3868	4484	4630	4583	2841	2688	2828	2865	2970	2862	2842	2675	2531	3101	2999	3029	3542	3520	3072	5477	5460	5649	3113	3028	2996	2894	3050	2906	3472	3810	3432	1881	1285	1308	1231	1299	1415
2:59:17	2231	2687	2702	2662	2535	2728	2849	2771	2703	2950	3001	2944	3139	3223	3274	2710	2810	2855	2969	3181	3059	2736	2724	1465	2856	2776	2829	2565	2654	2811	3421	3594	3531	2738	2575	2857	2703	2948	3058	3428	3621	3601	2421	2572	2393	2398	2417	2463	2572	2830	2475	2948	3016	2951	2813	2824	2873	4286	4229	4293	4803	4880	4693	2870	2770	2835	3084	3055	3039	2831	2822	2629	3059	3016	3118	3653	3584	2957	6088	6026	5689	3340	3194	3223	2955	3131	2946	3520	3805	3940	1871	1308	1357	1274	1253	1260
3:09:17	2370	2700	2484	2745	2624	2768	2800	2764	2555	3105	2754	2927	3006	3280	3242	2755	2834	2870	2956	3200	3004	2794	2845	1408	2783	2844	2806	2657	2691	2805	3459	3578	3497	2840	2801	2881	2956	2911	2892	3567	3559	3703	2486	2396	2413	2462	2407	2309	2659	2734	2543	2992	3081	2957	2854	2746	2776	4565	4410	4305	4778	4904	5022	2921	2854	2852	2994	3152	2963	2759	2871	2492	2814	3104	2978	3765	3653	3218	6231	6528	6383	3294	3306	3375	2987	3254	3055	3495	4050	4269	1695	1245	1357	1404	1311	1339
3:19:17	2398	2784	2661	2629	2629	2698	2705	2747	2702	3059	2950	2884	3076	3272	3343	2819	2796	2918	3069	2912	3039	2755	2767	1337	2776	2815	2780	2747	2673	2698	3533	3650	3687	2750	2879	2939	2899	2966	2983	3590	3914	3562	2522	2538	2431	2478	2591	2415	2726	2836	2605	3014	3078	3055	2782	2849	2765	4781	4711	4527	5114	5227	5156	2821	2936	2840	3178	3013	3276	2720	2791	2598	3078	3169	3093	4051	4000	3357	6984	6829	6742	3374	3449	3321	2988	3254	3053	3719	3850	4252	1823	1347	1262	1346	1362	1252
3:29:17	2387	2592	2579	2616	2649	2743	2647	2803	2711	3062	2942	2934	3215	3337	3458	2735	2830	2773	3177	3010	3066	2766	2745	1461	2869	2884	2805	2739	2749	2828	3633	3708	3695	2798	2904	2868	2625	2970	2977	3741	3908	3838	2477	2433	2404	2274	2524	2296	2621	2809	2558	3193	3144	3168	2950	2827	2856	4986	5092	4735	5280	5611	5391	2864	2820	2757	3168	3080	3127	2893	2733	2593	3175	3267	3333	4131	4210	3485	7352	7338	7188	3393	3528	3526	3000	3322	3154	3859	4058	4391	1791	1242	1287	1399	1299	1318
3:39:17	2483	2852	2821	2659	2738	2734	2750	2578	2560	3178	2973	2870	3384	3487	3439	2879	2894	2772	3175	3124	3230	2722	2831	1741	2763	2802	2821	2758	2699	2779	3662	3775	3696	2788	2882	2822	2859	3024	2938	3687	3888	3716	2585	2442	2478	2378	2394	2324	2649	2855	2597	3223	3076	3119	2908	2970	2983	5137	4938	5098	5659	5759	5579	2723	2794	2818	3084	3257	3170	2880	2685	2561	3293	3222	3141	4331	4364	3738	8006	7795	7496	3596	3673	3630	3206	3225	3073	4114	4205	4535	1827	1262	1324	1350	1326	1344
3:49:17	2303	2639	2782	2695	2458	2770	2750	2881	2655	3119	3086	2931	3160	3414	3589	2774	2731	2859	3109	3017	3081	2685	2891	1764	2608	2858	2917	2666	2762	2823	3619	3678	3892	2877	2940	2869	2880	2808	2976	3677	3745	3815	2515	2438	2406	2454	2448	2460	2771	2800	2723	3016	3141	3229	2902	2832	2805	5372	5298	5265	5994	6013	6020	2883	2888	2700	3190	3301	3280	2770	2801	2638	3182	3436	3321	4506	4650	3975	8168	8198	8177	3749	3869	3659	3256	3391	3223	4295	4640	4685	1717	1254	1259	1342	1345	1208
3:59:17	2541	2694	2876	2597	2575	2719	2677	2683	2608	3024	3076	3049	3395	3453	3495	2763	2826	2753	3008	3192	2990	2843	2978	1819	2701	2900	2726	2625	2940	2804	3837	3729	4034	2853	2920	2695	2891	2951	2984	3858	3816	3986	2353	2498	2417	2434	2356	2533	2824	2796	2660	3079	3035	3246	2818	2896	2870	5755	5509	5374	6394	6376	6349	2765	2992	2874	3288	3292	3315	2974	2863	2660	3107	3090	3214	4729	4926	3996	8864	8736	8819	3885	3852	3876	3209	3355	3417	4477	4882	4779	1697	1300	1298	1302	1338	1333
4:09:17	2502	2794	2730	2638	2567	2704	2698	2827	2719	3155	3063	2989	3221	3574	3603	2732	2842	2721	3190	3102	3170	2864	2731	1834	2750	2869	2935	2869	2944	2752	3760	3950	3911	2952	2983	2949	2853	2921	2994	3879	3891	3968	2488	2497	2546	2360	2411	2367	3007	2855	2765	3212	3210	3211	2948	2853	2783	5871	5581	5513	6762	6721	6672	2903	2767	2854	3368	3317	3270	3009	3020	2580	3360	3226	3161	5012	5166	4295	8990	8991	9292	3901	3926	3831	3484	3430	3438	4588	4785	4697	1724	1249	1385	1310	1305	1363
4:19:17	2564	2852	2954	2661	2649	2823	2712	2756	2719	3119	3140	3131	3313	3581	3743	2638	2806	2827	3049	3197	3226	2791	3044	1858	2828	2837	2958	2764	2966	2763	3845	4038	3914	2894	2828	2777	2844	2967	2882	3884	3985	4086	2382	2541	2503	2446	2479	2255	2844	3062	2674	3020	3282	3197	2912	2847	2722	5945	5875	6118	6901	6786	6786	2781	2829	2766	3179	3331	3317	2954	3125	2631	3561	3394	3372	5360	5442	4423	9529	9659	9152	3963	4050	4091	3501	3387	3419	4889	4995	5204	1904	1309	1413	1347	1364	1358
4:29:17	2599	2904	2960	2712	2771	2822	2619	2794	2693	3061	3057	3275	3352	3814	3668	2893	2818	2845	3043	3141	3192	3028	2885	1935	2854	2834	3031	2840	2923	2956	3851	3883	4001	2809	2873	2922	2908	2856	3004	4020	4143	4161	2287	2486	2507	2373	2452	2457	2933	3006	2669	3227	3243	3257	2859	3004	2831	6458	6406	6156	7648	7400	6990	2952	2958	2771	3517	3292	3291	3010	2943	2697	3565	3487	3374	5562	5747	4516	9978	10288	9736	4252	4217	4166	3577	3646	3516	5060	5368	5481	1787	1250	1311	1409	1314	1233
4:39:17	2707	2896	3133	2831	2622	2862	2839	2883	2829	3213	3191	3073	3499	3692	3857	2792	2938	2926	3114	3376	3397	2889	2956	1881	2775	2770	2938	2861	2959	3007	3796	4110	4156	2828	2896	3004	2971	2865	2909	4237	4221	4333	2534	2515	2443	2442	2434	2387	3033	3024	2957	3280	3375	3404	2923	2975	2978	7077	6639	6561	7906	7624	7476	2967	2933	2964	3436	3403	3436	3053	3071	2727	3685	3674	3442	5669	6015	4768	10576	10666	10519	4189	4224	4308	3754	3827	3692	5194	5316	5597	1779	1346	1302	1344	1352	1291
4:49:17	2549	2899	2973	2827	2804	2818	2671	2973	2775	3316	3245	3254	3597	3736	3824	2890	2929	2949	3348	3317	3476	2885	2953	1932	2841	3080	2951	2872	2969	2818	4094	4025	4265	2798	2994	3001	3055	3025	2962	4256	4240	4278	2383	2468	2444	2526	2489	2386	3082	3075	2934	3461	3619	3473	2837	2875	2864	7388	7178	6746	8472	8048	8043	3102	3069	2862	3512	3520	3559	3180	3085	2691	3699	3640	3671	6080	6341	4757	11263	11344	11249	4600	4337	4336	3719	3791	3681	5498	5561	5733	1723	1373	1294	1363	1360	1307
4:59:17	2778	2950	3005	2889	2832	2875	2913	3085	2764	3284	3314	3254	3833	3968	3940	2838	2981	2844	3463	3425	3437	3007	3139	1945	2726	3069	3061	2808	2928	2945	4091	4231	4415	2904	2932	3025	3019	3038	3127	4252	4535	4609	2484	2480	2460	2274	2509	2328	3205	3046	2787	3493	3280	3467	3022	2873	2991	7528	7098	7044	8974	8719	8447	2999	3147	2994	3940	3622	3670	3161	3069	2637	3949	4014	3929	6412	6569	4823	11702	12211	12293	4816	4776	4609	3813	3824	3752	5672	5867	6033	1706	1165	1328	1318	1303	1367
5:09:17	2798	2977	2962	2947	2896	3003	3021	3011	2920	3339	3325	3409	3864	3968	4009	2879	2999	2895	3560	3557	3500	3022	3017	1904	2874	3026	3179	2993	2901	2746	4284	4308	4407	3025	2969	2975	3100	3239	3359	4525	4713	4748	2418	2497	2492	2414	2504	2450	3131	3270	2830	3502	3477	3401	2960	3056	2898	7743	7755	7487	9429	9296	8791	3030	3118	3125	3744	3647	3726	3219	3029	2643	4206	4084	4004	6596	6534	5178	12423	12792	12894	5098	4998	4835	3878	3898	4113	6080	5925	6295	1723	1318	1284	1351	1318	1279
5:19:17	2794	3105	3102	2825	2920	3005	2870	2994	2929	3446	3472	3382	3847	4115	4175	2925	3062	2996	3516	3659	3579	3074	3101	1916	3232	3259	3266	2749	2838	2932	4397	4529	4763	3096	3319	3057	3152	3371	3188	4541	4886	4914	2438	2505	2336	2514	2408	2482	3127	3273	2855	3621	3644	3566	3040	2987	2927	8017	8022	7868	9866	9531	9287	3105	3098	3195	3789	3735	3626	3328	3209	2915	4274	4328	4141	6808	7069	5059	13417	13862	13089	5317	5310	5118	4113	4244	4050	6139	6654	6355	1738	1234	1267	1328	1359	1332
5:29:17	3014	3076	3207	2930	2884	3029	2858	3037	2899	3585	3540	3402	4028	4318	4297	2924	3103	3003	3605	3649	3829	3049	3155	1921	3123	3431	3342	2893	2819	2862	4592	4823	4904	3192	3215	3240	3241	3326	3392	4777	5044	4992	2551	2529	2450	2580	2441	2493	3061	3125	2832	3699	3698	3636	3221	2986	3013	8317	8402	7957	10349	9996	9930	3250	3108	3121	3822	3844	3805	3405	3318	2998	4398	4403	4360	7403	7299	5494	14218	14461	14032	5203	5488	5268	4189	4189	4257	6473	6544	6680	1822	1369	1341	1311	1361	1344
5:39:17	2783	3208	3145	2927	2937	3076	3003	3000	3023	3537	3635	3510	4212	4387	4417	3110	3135	3230	3644	3695	3786	3162	3230	1899	3234	3531	3515	2825	2964	2969	4781	5036	5152	3217	3240	3230	3403	3340	3402	5081	5104	4923	2449	2404	2397	2392	2389	2417	3082	3232	2815	3778	3681	3776	3103	3140	3137	8644	8737	8315	10785	10534	10564	3219	3212	3071	3971	3963	4015	3342	3289	2858	4619	4621	4642	7545	7594	5593	14768	15365	15081	5545	5788	5520	4230	4364	4436	6707	6883	7153	1735	1254	1293	1324	1297	1326
5:49:17	2922	3135	3083	3077	2932	3145	3077	3071	2958	3562	3661	3716	4195	4588	4550	3069	3161	2938	3758	3859	3849	3086	3103	1895	3515	3721	3631	2884	3082	2953	5139	5314	5398	3411	3354	3444	3324	3357	3562	5106	5287	5252	2456	2478	2458	2353	2294	2417	3206	3248	2782	3823	3937	3788	3079	3228	3190	9026	8983	8697	11144	11072	10843	3147	3146	3243	4026	3912	3929	3418	3270	2708	4996	4736	4800	7770	7872	5815	15765	15985	15396	5932	5653	5784	4484	4490	4416	6852	7114	7161	1680	1307	1285	1531	1337	1406
5:59:17	2985	3138	3183	2966	3058	3032	3038	3039	2962	3610	3685	3707	4574	4765	4624	3190	3198	3023	3824	3981	4030	3133	3248	2013	3719	3793	3699	2869	3190	2908	5585	5719	5634	3433	3556	3470	3554	3667	3709	5228	5526	5598	2507	2446	2429	2395	2467	2383	3205	3410	2661	3830	4008	3941	3091	3069	3055	9630	9565	9113	11848	11774	11712	3226	3161	3239	3942	4085	4076	3468	3524	2819	5079	5156	5078	8532	8426	6368	16666	16967	16493	6151	6139	5901	4494	4606	4695	7001	7437	7696	1724	1280	1301	1379	1345	1389
6:09:17	3165	3221	3082	3046	3290	3118	3119	3116	3200	3598	3775	3853	4555	5032	4952	3109	3183	3182	3761	3965	4140	3213	3206	1917	3657	3859	3964	3026	3135	3049	5487	5772	5990	3491	3582	3669	3639	3649	3660	5320	5645	5661	2455	2479	2352	2455	2449	2479	3212	3245	2832	3907	4002	3936	3377	3245	3345	10085	9875	9610	12808	12305	12150	3221	3407	3230	4292	4114	4124	3559	3596	2694	5264	5257	5185	8886	8737	6422	17532	17918	17398	6337	6298	5987	4865	4889	4715	7531	7637	7843	1723	1310	1389	1299	1306	1257
6:19:17	3083	3279	3355	3058	3290	3146	2997	3232	3136	3782	3935	3786	4826	5136	5292	3251	3229	3124	3949	3965	4121	3313	3348	1936	3774	4017	3966	3081	3183	3139	5560	6076	6354	3617	3671	3738	3599	3716	3776	5524	5938	5758	2351	2536	2444	2433	2423	2572	3417	3391	2864	4185	4060	3987	3250	3276	3334	10683	10355	10297	13325	13352	12958	3304	3344	3278	4287	4211	4399	3629	3538	2941	5638	5733	5561	9292	9256	6994	18900	19080	18353	6754	6615	6596	4802	4904	5110	7747	8027	7994	1765	1179	1420	1275	1426	1277
6:29:17	3142	3366	3287	3130	3113	3203	3224	3226	3148	4019	3915	3796	4922	5176	5520	3117	3279	3329	4053	4245	4413	3363	3278	2043	4060	4153	4218	3142	3286	3180	6038	6255	6474	3784	3876	3815	3738	3831	3839	5691	6162	6150	2525	2385	2320	2284	2310	2469	3446	3379	2797	3980	4175	3988	3302	3361	3389	11207	10949	10721	13938	14234	13462	3446	3272	3525	4438	4219	4420	3667	3702	2950	5830	5845	5944	9545	9558	7045	19639	19776	19435	7087	6810	6645	5307	5121	5091	7985	8522	8334	1882	1195	1425	1316	1350	1213
6:39:17	3171	3411	3510	3182	3200	3307	3186	3176	3238	3876	4185	3872	5101	5537	5490	3095	3412	3312	4199	4345	4386	3372	3377	1891	3921	4259	4341	2983	3141	3179	6318	6725	6974	3981	3874	3994	3815	3951	3986	5914	6268	6233	2557	2440	2370	2419	2440	2392	3661	3483	2921	4194	4137	4197	3520	3452	3505	11501	11448	11234	14757	15349	14625	3419	3268	3323	4567	4576	4513	3864	3749	2853	6169	6255	6067	10093	9881	7390	20828	20861	21341	7230	7158	7305	5205	5409	5150	8118	8749	8904	1741	1323	1272	1357	1366	1389
6:49:17	3309	3579	3515	3083	3245	3065	3070	3336	3331	4045	4071	4009	5211	5830	6042	3306	3138	3382	4420	4552	4560	3540	3675	1982	4155	4385	4592	3192	3387	3156	6523	7066	6976	4080	4039	4140	3811	3906	4139	6271	6435	6662	2432	2488	2535	2509	2441	2471	3569	3484	2997	4172	4251	4304	3477	3378	3439	12227	12024	12020	15635	15591	15095	3637	3443	3408	4693	4538	4622	4050	3804	2932	6427	6523	6253	10807	10137	7506	21900	22430	22282	7534	7382	7463	5539	5486	5578	8682	9397	9024	1828	1303	1313	1308	1288	1215
6:59:17	3464	3554	3470	3283	3342	3338	3236	3398	3158	4115	4230	4206	5349	6008	6132	3284	3354	3336	4326	4608	4577	3462	3615	1951	4299	4448	4667	3175	3394	3317	6775	7307	7399	4210	4382	4138	4087	3885	4136	6394	6969	6849	2459	2417	2398	2434	2394	2428	3695	3658	2859	4385	4473	4537	3509	3517	3542	12561	12407	12294	15955	16465	15706	3612	3482	3431	4760	4465	4856	3900	3845	2987	6733	6999	6401	11112	11230	7568	23302	22880	23509	7718	7708	7577	5703	5876	5638	9166	9423	9562	1672	1254	1313	1405	1402	1268
7:09:17	3561	3543	3652	3233	3276	3489	3351	3376	3296	4295	4178	4095	5533	6234	6370	3326	3372	3485	4613	4878	4629	3666	3749	1977	4358	4513	4679	3071	3338	3230	7185	7601	7348	4208	4303	4429	3991	4184	4501	6865	7012	6949	2547	2471	2336	2313	2462	2322	3703	3801	3038	4515	4662	4493	3586	3539	3486	13054	12770	12320	16707	17470	16535	3434	3513	3562	4874	4807	4843	4022	3914	3035	7270	7514	6764	11945	11520	7576	24962	24432	24044	8192	8221	8182	5933	6235	5691	8861	10043	9784	1732	1337	1325	1254	1321	1347
7:19:17	3373	3772	3688	3296	3340	3452	3299	3383	3448	4278	4393	4320	5561	6354	6533	3404	3478	3362	4823	4607	4739	3766	3651	2024	4472	4812	4855	3239	3362	3482	7992	7798	7818	4328	4291	4416	4266	4244	4590	7069	7366	7471	2511	2529	2477	2374	2330	2423	3831	3886	2980	4677	4696	4687	3612	3532	3572	13665	13260	12731	17450	18338	16860	3662	3693	3579	5066	5013	4937	4169	3925	3102	7671	7586	6899	12561	12043	7883	25200	25436	25162	8687	8304	8236	6223	6343	6299	9183	10316	9872	1743	1328	1334	1392	1345	1326
7:29:17	3528	3651	3851	3341	3446	3445	3470	3450	3587	4337	4552	4377	5482	6670	6824	3612	3544	3320	4898	5069	5147	3800	3801	1981	4638	4955	4798	3155	3493	3495	7572	8091	7854	4670	4689	4819	4438	4552	4453	7165	8073	7743	2528	2574	2379	2411	2432	2446	3875	3844	3092	4822	4921	4847	3802	3712	3673	13790	13304	13312	18232	18879	17300	3763	3723	3689	5251	4924	5104	4325	4058	2893	7802	7950	7024	13046	12747	8048	26850	26627	26037	8684	8526	9166	6634	6918	6285	8978	10779	10313	1683	1259	1303	1336	1354	1330
7:39:17	3575	3842	3815	3453	3543	3514	3489	3542	3637	4444	4674	4447	5701	6883	6956	3536	3613	3624	5009	5038	5053	3853	3825	1943	4811	5158	5081	3384	3517	3477	7886	8620	8312	4705	4721	4785	4363	4501	4804	7300	8246	8247	2437	2436	2452	2321	2379	2399	3880	4024	3157	4998	4989	4884	3798	3793	3744	13450	14409	13180	19378	19530	18672	3787	3870	3868	5464	5103	5327	4204	4235	3098	7808	8069	7079	13351	13231	8000	26567	27511	26312	9068	8796	9441	6555	6820	6505	9278	10780	10394	1772	1296	1404	1317	1441	1376
7:49:17	3551	4054	3745	3371	3683	3603	3441	3495	3620	4551	4633	4497	5817	6988	6860	3540	3535	3538	5165	5104	5262	3948	3771	1939	5027	5142	5239	3469	3283	3462	7848	8741	8395	4728	4950	4899	4670	4711	4858	7581	8192	8477	2549	2476	2300	2439	2407	2386	3965	4181	3189	4904	5010	4995	3798	3836	3743	14334	14149	13425	19969	20142	19113	3859	3891	3832	5557	5286	5585	4183	4209	3177	8116	8419	7237	14363	14089	8006	27601	27915	27813	8864	8968	9995	7027	7088	6486	9518	11690	10016	1777	1291	1412	1311	1374	1327
7:59:17	3625	3767	4031	3546	3745	3684	3475	3595	3779	4589	4669	4595	5831	7394	7120	3560	3763	3729	5260	5251	5346	3826	4029	1984	5074	5317	5242	3453	3529	3507	8080	8943	8767	4842	5072	5086	4867	4675	4869	7895	8728	8686	2428	2391	2352	2466	2440	2335	4140	3966	3167	5087	5214	4991	3841	3859	3743	15323	14940	13743	20665	21526	19829	3961	3793	4048	5660	5366	5584	4204	4314	3304	8250	8646	7152	14534	14026	8204	32094	29143	28606	9723	9179	10343	6955	7224	6837	9625	10642	10376	1725	1246	1425	1296	1341	1264
8:09:17	3715	3951	3948	3665	3759	3651	3695	3732	3705	4548	4701	4708	5890	7072	7360	3867	3745	3606	5305	5427	5431	3922	3882	1990	5080	5526	5386	3496	3554	3543	8239	9241	9187	4924	4961	5070	4836	4910	4997	7804	8881	8683	2469	2492	2459	2409	2355	2317	4123	4118	3137	5244	5127	5146	4138	4009	3940	15298	14994	14689	20481	20893	20340	4142	4026	4121	5730	5348	5537	4479	4286	3248	8671	8781	7641	15264	14982	8011	34974	31230	30961	9110	9871	10219	7252	7342	6840	9632	11993	10447	1644	1326	1336	1292	1375	1345
8:19:17	3620	4055	3885	3701	3941	3634	3520	3829	3708	4732	4806	4763	5850	7337	7640	3824	3748	3672	5560	5342	5461	4058	3900	1984	5174	5587	5495	3524	3776	3779	7854	9352	9419	5229	5094	5240	4898	4988	4990	8084	8989	8828	2463	2419	2443	2332	2471	2436	4232	4083	3210	5439	5166	5338	4138	3987	4131	15723	15268	15184	20737	21204	20862	4196	3904	4064	6092	5421	5945	4511	4430	3301	8805	8825	7736	15672	15031	8324	35962	32494	31774	9672	10169	10886	7470	7665	7161	9520	12016	10400	1668	1388	1375	1364	1347	1291
8:29:17	3865	3985	3944	3903	3728	3895	3733	3882	3800	4923	4878	4704	5847	7502	7390	3829	3888	3925	5466	5805	5546	3906	4216	1991	5246	5857	5730	3614	3844	3792	8048	9847	9494	4967	5317	5251	5087	5066	5225	8419	9237	8962	2431	2428	2582	2319	2464	2409	4288	4086	3365	5390	5392	5572	4232	4148	4017	16193	16092	15466	21272	22139	21902	4250	4022	4075	6082	5653	6035	4476	4310	3307	8665	9310	7730	16389	15225	8283	35981	32736	32244	10823	10326	10677	7725	7653	7291	9471	12262	10763	1749	1219	1287	1289	1338	1436
8:39:17	3946	4081	3925	3666	3928	3910	3709	3815	3845	4925	4948	4981	5846	7972	7685	3881	3874	3847	5774	5883	5556	3976	3992	2121	5315	5676	5725	3547	3763	3758	8048	9853	9613	5304	5471	5402	5054	5133	5368	8744	9098	9292	2497	2386	2432	2594	2466	2380	4089	4355	3382	5492	5472	5682	4184	4130	4241	15782	15805	15988	22138	22065	22035	4088	3984	4118	6094	5685	6199	4523	4422	3372	8950	9522	7777	17344	16086	8392	36785	33550	32453	9430	10899	11004	7703	7687	7683	9848	12036	10579	1774	1316	1334	1282	1369	1340
8:49:17	3990	4021	4193	3892	3993	3845	3846	3922	3897	4777	4885	4877	6114	7880	7924	3946	3913	3973	5862	5686	5853	3901	4275	1993	5440	5771	5880	3752	3873	3785	8088	9869	10065	5277	5323	5462	5374	5238	5554	9069	9172	9528	2490	2447	2483	2304	2442	2377	4328	4266	3309	5759	5558	5374	4442	4222	4266	16110	16264	15897	22473	22967	22622	4185	4306	4085	6249	5851	6167	4598	4538	3402	9236	9680	7713	18248	16956	8604	37252	34169	34286	10730	10687	11491	7753	7918	7669	9737	12715	10924	1796	1306	1358	1335	1319	1365
8:59:17	3993	4015	4139	3929	3911	3983	3955	4153	3908	4853	4967	4846	6095	7947	8031	4037	3954	4030	5743	5653	5784	4068	4254	2068	5482	5977	6021	3785	4023	3974	8257	10592	9775	5416	5764	5661	5319	5271	5577	9088	9574	9695	2443	2512	2357	2337	2390	2494	4366	4232	3382	5830	5797	5727	4306	4305	4215	16344	16803	16080	22312	23148	23015	4274	4234	4294	6459	5757	6118	4516	4567	3350	9209	9714	7849	18168	17402	8425	38191	35912	34523	10138	11096	11677	7968	8222	7784	9929	13260	11038	1715	1412	1331	1290	1327	1259
9:09:17	4079	4023	4107	3814	4078	3941	4010	4011	4045	4957	4972	5081	6277	7862	8011	4051	4056	4196	5751	5959	5887	4264	4313	2003	5613	6019	6072	3863	3883	4003	8401	10538	9958	5687	5950	5644	5449	5452	5566	9349	9673	9887	2542	2445	2403	2381	2381	2426	4266	4214	3584	5813	5581	5696	4502	4432	4390	16745	16517	16886	22134	23403	23198	4308	4264	4274	6491	5815	6630	4500	4557	3389	9327	9767	8177	19198	17779	8577	38723	37162	36034	11370	10846	11995	8169	8110	8254	9835	12773	10563	1774	1286	1315	1417	1323	1347
9:19:17	4015	4065	4199	3800	3918	4112	3980	4040	4127	4978	5112	5050	6289	8205	8241	4125	4132	3891	6007	6081	5892	4295	4236	2011	5501	6119	6089	3882	3917	4004	8551	10710	9907	5560	5909	5591	5566	5446	5720	9297	9372	10069	2406	2561	2446	2386	2403	2406	4363	4342	3473	6030	5797	5748	4354	4468	4475	16498	16959	16685	22991	23827	23516	4286	4342	4291	6450	5767	6381	4837	4640	3474	9746	9807	7938	19492	18267	8532	39652	37796	37227	9965	11117	11833	8090	8254	8158	9996	13102	10784	1760	1196	1443	1433	1302	1245
9:29:17	4058	4106	4283	4085	4115	4129	4169	4117	3867	5234	4966	5170	6066	8052	8642	4114	4085	4022	6026	5820	5841	4218	4348	1995	5540	5841	6035	3871	3979	4127	8632	10664	10438	5538	5885	6095	5487	5334	5637	9357	9848	9972	2428	2440	2362	2527	2366	2392	4351	4483	3569	5892	6136	5690	4469	4455	4467	17187	17431	17226	23131	23472	23291	4263	4470	4378	6653	6012	6408	4721	4639	3545	9791	9741	8112	19732	18275	8540	39998	37956	38594	11403	11656	12123	8183	8445	8199	10128	13235	10892	1704	1266	1344	1373	1434	1327
9:39:17	4022	4110	4340	3888	4140	4030	3948	4337	4059	5125	4999	4960	6215	8180	8213	4180	4219	4049	6202	5835	5819	4091	4385	2030	5700	6020	6205	3832	4155	4092	8831	10642	10409	5672	6037	5714	5447	5731	5709	9293	9839	10082	2475	2664	2530	2401	2332	2434	4452	4366	3673	5973	5879	5904	4615	4380	4403	17592	17145	17338	23185	24783	23582	4401	4400	4134	6650	5810	6633	4883	4790	3752	9752	9827	8156	20575	18694	8604	39672	38464	37825	10170	11495	12242	8199	8205	8499	9881	13802	10894	1741	1355	1329	1325	1290	1303
9:49:17	3966	4135	4275	3945	3896	4111	4200	4274	4130	5221	5206	5098	6195	8156	8381	4156	4278	4136	6130	6092	6048	4334	4296	2009	5726	6056	6125	3995	4125	4079	8858	10688	10482	5886	6027	5784	5469	5544	5808	9537	9891	10516	2591	2420	2361	2417	2354	2387	4495	4348	3662	6054	5987	6017	4725	4480	4616	17304	17476	17158	23257	24665	23654	4434	4494	4457	6738	5848	6693	4827	4865	3745	10123	9705	8061	20812	19413	8422	40359	39469	38138	11170	11772	11850	8136	8691	8489	9855	14289	11372	1794	1305	1353	1329	1347	1320
9:59:17	4205	4198	4378	4133	4138	4159	4094	4206	4034	5171	5325	5223	6271	8381	8292	4200	4053	4357	6121	6130	6070	4233	4499	1965	5805	6107	6102	3962	4388	4099	9214	10988	10564	5966	6027	6145	5891	5552	5757	9645	10223	10381	2331	2403	2342	2488	2399	2473	4560	4513	3649	6091	5874	6088	4685	4481	4603	18078	17280	16811	23440	23966	23708	4500	4435	4356	6738	6111	6739	4840	4811	3902	10123	10362	8237	21222	19693	8354	40617	38536	38288	10178	11521	12349	8409	8306	8260	9963	14399	10867	1693	1289	1352	1330	1377	1283
10:09:17	4138	4326	4347	4176	4277	4193	4164	4142	4150	5162	5229	5199	6553	8286	8348	4366	4241	4259	6272	6320	6237	4400	4546	2005	5897	6152	6138	4152	4152	4384	9146	10934	10949	5927	5949	6069	5697	5546	5903	9652	10194	10501	2420	2463	2448	2366	2365	2342	4640	4401	3786	6139	6239	5928	4659	4667	4642	17990	17044	17496	23827	24839	23887	4410	4568	4542	6653	6069	6751	4722	5075	3732	9862	10331	8346	21584	19629	8677	41101	38812	39088	10975	11368	12605	8436	8365	8696	9936	13989	11217	1757	1302	1385	1300	1316	1260
10:19:17	4204	4248	4251	4206	4355	4280	4086	4179	4278	5318	5477	5293	6465	8343	8419	4342	4233	4149	6273	6065	6084	4303	4357	2034	5895	6243	6051	4388	4243	4217	9174	10891	10683	5902	5964	6011	5698	5618	5850	9860	10096	10405	2627	2371	2384	2407	2458	2292	4621	4432	3870	6361	6172	6038	4718	4623	4606	17761	17177	17243	23590	25237	23560	4565	4554	4529	6995	6166	6715	4769	4709	3901	9942	10376	8040	21384	19961	8697	41382	39060	38027	11353	10969	12161	8368	8353	8411	10186	13319	11304	1780	1258	1352	1306	1341	1302
10:29:17	4162	4183	4297	4139	4163	4024	4008	4346	4167	5516	5398	5282	6464	8274	8255	4166	4279	4360	6285	6343	5987	4376	4379	2042	5792	6308	6249	4229	4146	4232	9323	10698	10617	5947	6007	5897	5758	5862	5947	10055	10459	10844	2491	2601	2402	2454	2466	2434	4608	4525	3868	6183	6127	6254	4712	4756	4686	18062	17311	17068	23776	24770	24478	4545	4458	4468	6860	5965	6881	5212	4743	3827	10207	10279	8422	21895	20272	8911	41354	39201	37983	11011	11343	12352	8346	8708	8782	10049	13364	11274	1626	1293	1349	1268	1411	1285
10:39:17	4270	4376	4350	4232	4399	4243	4209	4267	4314	5273	5203	5185	6453	8553	8384	4334	4362	4361	6434	6146	6228	4330	4426	2085	6084	6369	6116	4203	4345	4375	8753	10979	11023	5919	6077	6313	5793	5800	5790	9963	10248	10720	2410	2566	2364	2429	2418	2376	4611	4716	3991	6304	6000	6381	4906	4710	4608	18105	17669	17458	23704	25111	24724	4426	4630	4557	6901	5649	6763	4888	4746	3928	10311	10501	8680	22445	20268	8569	41493	39063	38802	11671	11471	12653	8510	8839	8806	10295	13694	11280	1676	1340	1334	1396	1245	1346
10:49:17	4267	4181	4398	4278	4283	4310	4463	4459	4287	5323	5214	5243	6557	8677	8578	4232	4422	4395	6372	6218	6162	4353	4423	1950	5942	6223	6274	4272	4366	4420	8998	11151	11283	6160	6347	5977	6126	5878	5952	9755	10358	10817	2464	2439	2443	2371	2403	2455	4546	4550	3932	6283	6328	6357	5085	4616	4885	18276	18226	17556	23701	24853	24027	4783	4716	4613	7197	6265	6726	5000	4945	3967	10345	10458	8586	22677	20967	8716	42343	40969	38394	11254	11745	12530	8461	8534	8664	10092	13833	11382	1767	1259	1385	1287	1320	1302
10:59:17	4250	4237	4323	4091	4327	4261	4349	4414	4454	5722	5416	5343	6428	8500	8957	4284	4440	4381	6285	6325	6382	4425	4463	2015	6136	6219	6435	4178	4365	4611	9235	11401	11481	6190	6171	6199	6161	5801	5960	10294	10854	11341	2523	2465	2415	2406	2414	2453	4664	4694	3969	6289	6205	6078	4888	4749	4893	18567	17930	18196	23940	25432	25232	4469	4424	4693	6946	6019	7024	4912	4859	3907	10101	10387	8466	23053	21792	8762	43519	41634	40035	11140	12043	12366	8575	8695	8829	10219	14413	11354	1685	1328	1376	1421	1319	1353
11:09:17	4222	4281	4400	4267	4374	4316	4536	4438	4423	5582	5482	5543	6584	8872	8806	4209	4432	4478	6445	6555	6667	4419	4725	1968	6067	6503	6191	4344	4503	4407	9325	11327	11343	6170	6373	6384	6118	6007	6357	10132	10803	11048	2552	2440	2338	2258	2435	2327	4527	4665	3972	6251	6353	6205	4944	4644	4903	18555	18558	18033	24900	25843	25650	4668	4595	4702	7230	5761	6866	5005	5029	3999	10537	10878	8732	23125	21547	8582	42599	42105	39429	12179	11749	12960	8877	9032	8965	10359	15231	11341	1732	1352	1251	1326	1386	1365
11:19:17	4149	4218	4472	4300	4246	4320	4192	4352	4333	5600	5345	5301	6703	8477	8806	4455	4494	4460	6401	6477	6616	4545	4472	2047	6211	6595	6422	4215	4507	4542	9466	11355	11774	6369	6310	6300	6205	6016	6156	10318	10688	11175	2477	2469	2443	2312	2353	2421	4873	4795	4007	6594	6258	6383	4963	4761	4964	18653	18252	17570	24461	25399	25581	4738	4655	4701	6956	6124	7036	5068	5084	4238	10401	10552	8593	22981	21526	8810	42951	41271	39416	11698	12081	12910	8673	9128	9244	10422	14419	11460	1771	1332	1402	1358	1305	1317
11:29:17	4307	4486	4508	4406	4448	4305	4475	4459	4523	5728	5358	5453	6701	8849	9035	4317	4552	4403	6445	6615	6257	4493	4464	2063	6215	6333	6275	4477	4476	4631	9071	11148	11285	6217	6232	6263	6072	5933	6338	10418	10939	11048	2458	2533	2508	2385	2380	2500	4776	4668	3976	6490	6428	6359	4963	4783	4734	18488	18147	17843	24930	26064	25621	4517	4554	4829	7109	6419	7074	5043	4975	4129	10340	10748	8622	23630	22019	8533	42777	41577	39789	10589	12018	12559	8616	8961	9260	10416	15022	11346	1717	1264	1388	1318	1290	1277
11:39:17	4245	4366	4555	4252	4397	4415	4455	4531	4424	5836	5563	5534	6562	9097	8800	4432	4662	4449	6563	6544	6347	4589	4459	2105	6411	6373	6412	4440	4590	4649	9508	11343	11347	6280	6401	6324	6285	6089	6055	10532	10901	11072	2453	2517	2343	2280	2383	2458	4683	4630	4102	6708	6675	6218	4977	4769	4693	18825	18837	18556	25006	26453	25272	4663	4907	4642	7305	6471	6829	5127	4976	4363	10755	11209	8911	24365	21746	8751	42681	42140	39895	11804	12362	12889	8760	9054	9200	10085	15328	11417	1729	1321	1335	1231	1326	1261
11:49:17	4155	4385	4431	4229	4392	4616	4494	4580	4377	5933	5477	5494	6636	9258	9167	4382	4395	4706	6690	6488	6421	4509	4705	2143	6202	6611	6517	4520	4564	4439	9596	11825	11666	6504	6411	6332	6264	6277	6184	10669	11493	11084	2568	2451	2384	2446	2277	2388	4724	4723	4079	6782	6696	6493	5014	4801	4968	18893	18893	18878	25492	26231	26468	4924	4863	4667	7374	6017	7089	5167	5107	4391	10512	10962	9048	24270	21801	8859	43482	42887	39638	12631	12799	13287	8960	9388	9546	10169	14980	11346	1637	1258	1340	1342	1281	1367
11:59:17	4373	4468	4611	4372	4381	4444	4543	4469	4467	5929	5505	5393	6783	9000	9327	4294	4620	4456	6737	6439	6737	4555	4605	2045	6428	6410	6629	4490	4669	4599	9817	11676	11689	6496	6567	6545	6404	6083	6496	11289	11142	11630	2369	2546	2450	2324	2342	2314	4814	4935	4132	6507	6693	6771	5109	5115	5244	19510	18808	19168	25688	26799	25965	4808	4947	4968	7333	6387	7036	5344	4950	4189	10989	11082	8733	24422	22292	8771	43553	41926	40127	12831	12558	13148	9002	9338	9622	10631	15855	11371	1721	1349	1291	1361	1271	1331
12:09:17	4383	4368	4432	4408	4451	4467	4426	4534	4406	6140	5623	5520	6800	9160	9290	4505	4349	4367	6567	6551	6659	4497	4712	2063	6507	6657	6534	4836	4669	4709	9556	11923	11667	6344	6575	6364	6335	6217	6420	11252	11429	11540	2490	2586	2355	2396	2454	2359	4760	4816	4158	6871	6911	6361	5177	5176	5100	19151	19423	18806	26500	26829	26420	4906	4901	4922	7371	6403	7220	5156	5052	4363	10924	11062	8901	24902	22384	8727	43624	42747	40381	11669	12423	13312	9294	9343	9464	10530	14786	11658	1751	1320	1437	1331	1291	1342
12:19:17	4338	4608	4540	4342	4489	4603	4501	4621	4672	6117	5586	5590	6722	9073	9257	4524	4718	4605	6753	6574	6533	4566	4686	1981	6576	6551	6634	4533	4577	4807	9711	12144	11781	6555	6587	6458	6462	6303	6340	11152	11136	11394	2380	2459	2353	2371	2381	2395	4736	4807	4244	6851	6672	6631	5104	4987	5072	18921	18677	18596	25819	26164	26234	4638	4799	4777	7309	6420	6941	5194	5139	4419	11021	10784	8621	24514	22432	8697	43054	42919	40429	13008	12248	12858	9267	9134	9702	10516	15409	11755	1659	1302	1323	1327	1318	1294
12:29:17	4261	4416	4490	4329	4485	4504	4411	4522	4713	6409	5591	5634	6794	8836	9345	4582	4258	4574	6542	6608	6329	4763	4588	2080	6287	6591	6722	4499	4781	4755	9559	11987	11519	6522	6593	6412	6657	6251	6432	11169	11313	11518	2348	2323	2397	2362	2534	2401	4721	5058	4316	6978	6706	6718	5125	5123	4932	19422	18980	18472	25751	26700	26317	4801	4869	4983	7419	6093	7084	5090	4964	4458	10933	11251	8803	24662	23071	8805	43169	42855	39548	11940	12622	13007	9265	9295	10036	10556	15088	11646	1765	1231	1326	1397	1346	1274
12:39:17	4283	4604	4666	4608	4476	4561	4551	4531	4552	6336	5655	5551	6651	9443	9237	4536	4550	4677	6757	6621	6684	4510	4758	2069	6613	6540	6778	4706	4604	4761	9906	12388	11867	6584	6560	6824	6752	6396	6400	11458	11402	11876	2398	2534	2306	2366	2443	2390	4773	5071	4140	6991	6873	6881	5202	4918	5148	19620	19502	19109	26481	27104	27030	4751	4991	5008	7553	6510	7361	5267	5166	4499	11198	11158	9070	25545	23488	8859	44599	43781	40352	10908	12417	13183	9325	9272	9674	10519	15405	11883	1638	1340	1374	1327	1354	1331
12:49:17	4338	4605	4535	4511	4467	4521	4596	4618	4596	6331	5811	5613	6681	9251	9361	4731	4664	4706	6896	7022	6770	4475	4751	2046	6680	6604	6817	4601	4647	4708	10258	12271	11811	6720	6620	6524	6466	6369	6424	11670	11677	12080	2408	2506	2436	2381	2384	2323	5108	4837	4233	6947	6956	6853	5075	5025	5018	20072	19993	19200	26600	27493	26878	4838	4857	5002	7634	6200	7269	5264	5282	4260	11403	11340	9235	26063	23216	8944	44470	44500	41841	12985	12773	13835	9471	9633	9676	10617	15802	11729	1684	1302	1320	1324	1385	1225
12:59:17	4458	4538	4591	4597	4424	4530	4539	4552	4462	6402	5830	5866	6817	9623	9477	4492	4670	4695	6746	6905	6869	4584	4865	2148	6783	6559	6933	4731	4839	4826	10382	12369	12048	6892	7035	6538	6808	6488	6584	11713	12203	12020	2378	2412	2340	2417	2468	2255	5007	4912	4397	7065	6855	6935	5336	5227	5018	20179	19888	19715	27285	27767	27719	4823	4925	4970	7675	6590	7374	5322	5198	4375	11067	11651	9077	26160	24313	8925	46402	45750	41642	11956	12942	14013	9504	9610	10080	10466	16230	12058	1713	1365	1347	1379	1409	1246
13:09:17	4245	4568	4577	4513	4803	4447	4667	4709	4571	6306	5885	5500	6788	9411	9494	4561	4726	4477	6963	7031	7028	4667	4730	2105	6787	6884	6860	4796	4712	4879	10157	12368	12000	6727	6728	6813	6751	6617	6596	11920	12158	12463	2400	2460	2437	2423	2393	2329	4860	5080	4494	7313	6931	6911	5396	5056	5078	20134	19702	19762	27163	28154	27957	5027	4994	5181	7578	6204	7594	5606	5259	4346	11492	11770	8914	26650	24214	8785	47419	46014	41047	13170	13151	13744	9677	9796	10193	10746	15991	11683	1681	1304	1437	1379	1366	1250
13:19:17	4374	4520	4613	4660	4512	4673	4673	4632	4643	6412	5890	5806	7068	9930	9851	4482	4687	4534	6958	7051	7139	4719	4792	2079	7008	6959	6879	4837	4764	4978	10409	12525	12316	6735	6979	6713	6715	6463	6622	12047	12360	12296	2505	2384	2474	2425	2315	2396	5124	4969	4321	7115	7097	6901	5234	5130	5190	20890	19857	20470	28141	27971	28057	5003	5020	5173	7874	6769	7919	5367	5178	4476	11276	12021	9106	26802	24559	8945	47968	47000	41700	11734	13331	14240	9672	10076	10129	10377	15957	11929	1653	1371	1272	1329	1324	1329
13:29:17	4308	4702	4551	4581	4484	4419	4656	4597	4626	6300	5806	5785	7065	9838	10107	4791	4761	4567	7205	6981	6770	4844	4659	2135	6846	7019	7138	4692	4814	5202	10725	12592	12283	6955	7025	6725	6846	6605	6671	11986	12340	12317	2456	2465	2471	2487	2432	2357	4898	4846	4380	7399	7113	6973	5478	5330	5289	20584	19458	19373	28115	28190	28022	5166	5093	4892	7907	6349	7537	5254	5461	4508	11471	11887	9161	27168	24566	8917	48438	46718	41753	13233	13262	14377	9561	9640	10020	10688	15655	12247	1642	1319	1249	1354	1353	1306
13:39:17	4414	4663	4728	4588	4666	4613	4787	4775	4738	6569	5713	5988	7086	9796	9582	4693	4520	4653	7058	7171	7012	4829	4556	2032	6855	7084	7087	4806	4742	4859	10257	12603	12318	6998	6678	6824	6605	6629	6726	12260	12220	12519	2408	2437	2410	2313	2361	2364	5144	4995	4335	7153	6972	6841	5249	5292	5204	20773	19738	20844	27906	28554	28125	5049	5198	5173	7824	6422	7494	5500	5285	4669	11821	11805	9324	27673	24561	8863	48849	46846	43324	13392	13079	14200	9838	9844	10035	10776	15442	11946	1651	1223	1337	1314	1350	1302
13:49:17	4511	4605	4724	4588	4598	4609	4654	4715	4684	6372	5955	5855	6844	9684	10075	4701	4841	4656	7158	7167	7116	4674	4752	2183	6980	6998	7105	4869	4811	4877	10779	12923	12144	7111	6895	6994	6825	6521	6785	12136	12311	12557	2393	2509	2374	2421	2362	2373	5052	5019	4464	7111	7100	7216	5439	5271	5318	20728	20102	19966	28497	28495	27984	5137	5222	5021	8008	6353	7873	5366	5237	4459	11855	11801	9431	27828	25208	8785	48590	47455	44119	13520	13074	14213	9899	10158	10286	10910	16100	11850	1664	1364	1374	1326	1267	1378
13:59:17	4450	4689	4474	4622	4713	4699	4780	4754	4633	6481	5898	6006	6960	9913	9652	4577	4885	4636	7265	7132	7333	4676	4781	2139	6783	7138	7232	4960	5034	5096	10742	13379	12480	7068	6983	6722	6891	6800	7034	12261	12609	12451	2392	2324	2386	2330	2437	2425	5123	4847	4521	7429	7291	7039	5374	5313	5283	21060	20034	19915	28842	28541	28963	5062	5150	5110	7784	6578	7828	5565	5235	4615	11646	12113	9404	28621	24917	8662	49397	47644	44345	12408	13366	14322	9869	10069	10381	10747	16464	11863	1775	1263	1314	1307	1247	1403
14:09:17	4385	4531	4760	4708	4729	4721	4793	4678	4713	6410	5854	5845	6809	9734	10024	4717	4700	4644	7277	7158	7105	4765	4701	2046	6987	7025	7343	4965	4794	4959	10929	13537	12688	7153	6825	6956	6935	6830	6802	12169	12306	12738	2317	2512	2423	2420	2487	2353	5167	4995	4558	7448	7500	7229	5466	5222	5198	21150	20324	20267	29103	28548	29027	5091	5059	5043	7990	6542	8008	5652	5457	4467	11870	12229	9315	28107	24580	9005	49604	46774	44517	13134	13619	14354	10107	10356	10732	10843	16533	11922	1658	1381	1283	1301	1321	1382
14:19:17	4339	4511	4671	4719	4659	4766	4875	4780	4629	6540	5761	5857	7116	10088	10043	4716	4754	4753	6852	7231	7292	4760	4793	2138	7022	7158	7237	4816	5012	5039	10719	13188	12483	7068	7192	7016	6677	6702	6946	12065	12684	12809	2388	2515	2498	2337	2298	2354	5074	5102	4419	7384	7474	7088	5462	5463	5375	21311	20594	20664	29081	29094	29327	5025	5133	4832	8119	6659	7834	5398	5397	4601	11980	11984	9330	28095	25206	8961	50198	46981	44946	13548	13754	13922	10195	10164	10499	10744	16898	12109	1689	1277	1329	1372	1335	1275
14:29:17	4487	4662	4768	4521	4565	4665	4789	4890	4689	6369	6073	5845	7201	10045	9993	4894	4675	4783	7147	7340	7385	4867	4925	2214	6894	7159	7215	4988	5041	5085	11064	13300	12822	7096	7146	7116	6839	6839	6846	12326	12372	12695	2485	2385	2263	2314	2365	2370	5045	5280	4522	7287	7148	6902	5730	5268	5332	21169	20331	20413	29481	29721	29457	5026	5090	5155	8105	6525	7985	5442	5458	4773	12219	12114	9484	28574	26115	8941	50313	47376	44398	12891	13366	14003	10122	10203	10470	10635	16588	12267	1711	1327	1292	1329	1346	1329
14:39:17	4774	4675	4934	4526	4766	4658	4841	4788	4736	6687	5938	5863	7056	10235	10082	4612	4716	4719	7192	7385	7340	4943	4783	2179	7001	7161	7158	5090	4945	5170	11021	13278	13022	7031	7219	6890	6818	7005	6885	12524	12100	13153	2373	2455	2418	2412	2448	2192	5073	5191	4504	7264	7176	7238	5661	5461	5382	21151	20778	20234	29267	29319	28897	5251	5096	5225	8179	6839	8105	5615	5243	4605	11902	11713	9510	28827	25695	8862	51283	47933	44924	13998	13176	14571	10316	10259	10567	10616	16295	12244	1761	1349	1330	1292	1327	1412
14:49:17	4655	4787	4838	4744	4790	4753	4690	4768	4644	6574	5751	5774	7264	9965	10103	4733	4710	4910	7123	7187	7416	4775	5087	2141	6828	7153	7182	4911	4938	4920	10928	13486	12634	7187	7264	7070	6943	6929	6779	12042	12457	12532	2478	2375	2417	2329	2377	2471	4984	5063	4549	7479	7350	7229	5672	5329	5380	21377	20812	20551	29883	29338	29667	5126	5166	5319	8148	6633	8040	5532	5516	4690	11665	12576	9247	29228	25839	9047	51180	46728	44471	12601	13260	14144	10562	10084	10536	10693	16446	11973	1757	1372	1353	1359	1407	1383
14:59:17	4546	4709	4872	4605	4589	4801	4799	4715	4588	6586	5996	6059	6986	10064	10198	4679	4795	4739	7308	7225	7216	4815	5075	2101	6965	7420	7359	5081	5038	5051	11219	13396	12544	7135	7145	6908	7174	6889	7083	12219	12743	12814	2379	2456	2401	2319	2276	2392	4878	5262	4597	7487	7558	7416	5727	5574	5295	21255	21130	21086	30149	29867	29758	5037	5093	5271	7925	6897	8010	5476	5346	4746	11949	12216	9148	29453	26022	9118	52010	49150	44207	14022	13890	14699	10636	10378	10593	10830	15962	12091	1639	1313	1400	1289	1290	1316
15:09:17	4533	4706	4967	4639	4804	4808	4745	4819	4767	6800	5793	6062	7182	10170	10336	4605	4814	4765	7225	7234	6949	4773	4968	2183	7034	6988	7406	5013	4978	4924	11295	13153	12938	7400	7347	7354	6988	7081	6835	12657	12852	13069	2344	2428	2345	2516	2370	2342	5195	5225	4585	7553	7462	7277	5765	5348	5471	21707	21149	21035	29740	29333	29604	5195	5339	5018	7981	6711	8013	5624	5428	4631	11894	12422	9293	28997	26900	9195	53036	49229	46227	12772	13885	14523	10459	10434	10617	10751	16378	11780	1662	1282	1393	1338	1385	1330
15:19:17	4609	4656	4790	4651	4797	4710	4929	4817	4738	6444	5974	5927	6905	10004	10265	4742	4845	4864	7081	7279	7162	4874	5009	2188	7097	7126	7548	5005	4981	5281	11198	13537	12599	7027	7259	7029	7197	6805	7037	12500	12538	12680	2436	2395	2265	2351	2375	2393	5060	5108	4569	7407	7527	7190	5553	5565	5425	20843	20507	19765	29867	29705	29525	5244	5195	5257	8289	6922	7666	5387	5487	4668	11975	12471	9111	29329	26508	8975	52119	47956	43749	12953	13244	14633	10337	10692	10549	10892	16107	12109	1564	1334	1361	1417	1322	1287
15:29:17	4630	4728	4730	4735	4928	4807	4855	4980	4905	6525	6097	6017	7270	10460	10327	4770	4829	4778	7515	7321	7411	4816	4964	2077	6988	7319	7263	5046	5097	5270	11437	13675	12974	7271	7321	7257	7140	6884	7282	12495	12725	12880	2392	2459	2385	2332	2404	2327	5118	5014	4643	7311	7418	7339	5708	5512	5578	21176	21684	20699	30319	29961	30131	5181	5224	5354	8162	6417	8007	5721	5435	4622	12017	12551	8919	29590	26776	8798	51651	49014	45781	14247	13783	14851	10377	10615	10445	10699	15784	12197	1777	1276	1398	1277	1319	1342
15:39:17	4509	4866	4703	4763	4625	4813	4955	4748	4808	6505	6243	6075	7370	10315	10572	4875	4938	4989	7316	7517	7446	4894	4899	2034	7063	7251	7347	5158	5053	5166	11792	13647	13275	7178	7309	7031	7143	7040	7092	12551	12830	13005	2446	2484	2398	2448	2423	2430	5175	5234	4528	7834	7554	7331	5468	5371	5444	22547	21917	20991	30804	30392	29536	5354	5210	5216	8115	6841	8287	5688	5564	4779	12076	12480	8987	31453	27246	9065	53233	49288	45934	13699	14407	15017	10605	10634	10864	10733	16664	12187	1747	1247	1283	1366	1421	1452
15:49:17	4478	4811	4742	4635	4771	4828	4718	5069	4671	6686	6080	6052	7140	10378	10592	4787	4790	4792	7228	7451	7328	4941	4927	2049	7432	7362	7627	5029	5221	5386	11949	13586	13444	7252	7712	7044	7191	7201	7150	12701	12967	13133	2356	2300	2279	2338	2366	2436	5227	5142	4617	7757	7707	7555	5756	5506	5486	22433	21898	21109	30970	30465	29999	5337	5073	5383	8315	6522	8104	5552	5407	4660	12233	12674	8983	29994	26998	8827	53634	49061	45141	13813	14256	14986	11053	10709	10553	10860	16487	12358	1747	1296	1328	1413	1319	1382
15:59:17	4588	4822	5066	4789	4908	4741	4842	4884	4917	6673	6194	6019	7306	10214	10398	4939	4982	4819	7411	7301	7316	4671	4888	2072	7002	7322	7336	5024	5235	5037	11474	13700	13204	7180	7464	7045	7133	7017	7109	12593	13066	12977	2478	2538	2414	2355	2385	2319	5265	5091	4761	7638	7521	7426	5798	5485	5471	22251	21152	20390	30975	30358	31176	5330	5136	5212	8340	6701	8222	5616	5411	4866	12357	12516	9158	30176	27704	8799	52618	49008	45793	13726	13998	15500	10796	10859	10823	10839	17167	12251	1751	1354	1420	1257	1377	1314
16:09:17	4649	4687	4832	4754	4845	4752	4897	4907	4932	6621	6232	6270	7085	10284	10346	4931	4815	4922	7295	7223	7506	4994	5035	2119	7136	7377	7627	5165	5323	5222	11678	13922	13098	7287	7320	7384	7266	7204	7052	12973	13099	12761	2348	2501	2457	2495	2305	2321	5343	5095	4859	7551	7688	7276	5793	5402	5530	22046	21653	21044	30984	30314	30581	5361	5344	5337	8097	6712	8288	5642	5480	4941	12060	12930	9173	30462	27332	8769	54151	49247	46008	14080	14088	15295	10869	11063	10990	10923	17565	12350	1647	1309	1376	1273	1366	1275
16:19:17	4587	4550	4866	4765	4835	4963	4873	4986	4861	6651	6200	6120	7160	10458	10378	4812	4989	4741	7214	7313	7601	4890	4757	2088	7226	7406	7534	5184	5231	5262	11962	13765	13114	7440	7139	7116	7243	7028	7053	12487	12922	13122	2452	2307	2325	2350	2403	2237	5223	5081	4718	7830	7569	7200	5761	5470	5767	21517	21513	20932	30703	31053	30745	5301	5361	5314	8163	6917	8065	5722	5482	4995	12032	13027	8892	31078	27603	9243	53742	49843	46532	12592	14168	15008	10669	10920	11067	10807	17302	11916	1674	1379	1325	1349	1310	1399
16:29:17	4635	4724	4694	4910	4859	4866	4904	4956	4831	6672	6398	6045	7401	10480	10801	5041	4895	4889	7167	7480	7301	4921	4779	2005	7153	7417	7243	5184	5117	5221	11657	13492	13308	7355	7365	7248	7286	7053	7013	13063	12623	12905	2452	2486	2358	2358	2362	2200	5088	5272	4712	7715	7683	7380	5660	5486	5591	21395	21113	21081	30748	30784	30457	5436	5328	5371	8224	6562	8309	5722	5684	4849	12528	12992	8997	30845	27922	8816	53955	50559	46730	12824	14079	15254	10580	10943	10892	10626	17190	12575	1739	1271	1415	1312	1356	1381
16:39:17	4651	4758	4787	4829	4905	4872	4990	4950	5026	6861	6155	5900	7320	10286	10544	4809	4779	4890	7191	7422	7373	4990	4968	2109	6939	7401	7450	5272	5202	5309	11925	13734	13355	7274	7353	6986	7292	7141	7025	12811	12966	13043	2409	2431	2387	2290	2429	2353	5324	5306	4845	7728	7403	7352	5719	5558	5562	21514	21536	20843	30232	30337	30334	5219	5326	5391	8497	7042	8277	5598	5474	4854	12229	12840	9155	30470	28546	8867	53732	50261	46335	12623	14201	15004	11058	11134	10847	10872	18216	12335	1733	1375	1335	1292	1438	1349
16:49:17	4638	4627	4902	4821	4846	4714	4894	4791	5070	6677	6327	5966	7203	10140	10422	4865	4960	4907	7402	7565	7293	5029	4939	2094	7337	7573	7563	5037	5340	5527	11840	13210	13257	7341	7454	7157	7280	7055	7146	12883	12996	12957	2356	2387	2455	2301	2298	2355	5324	5010	4679	7660	7765	7571	5783	5552	5613	20903	21495	20388	30245	30276	29730	5381	5461	5335	8296	6652	8194	5489	5550	4873	12483	12871	9060	31028	28560	8737	52071	50799	46393	12931	14054	14765	10819	11275	11023	10612	17156	12402	1663	1262	1433	1223	1344	1304
16:59:17	4798	4934	4984	4936	4805	4843	5082	5051	4905	6954	6096	5989	7141	10340	10450	4813	5161	4780	7004	7643	7555	4994	4814	2126	6826	7275	7289	5208	5358	5329	12029	13238	13358	7490	7618	7102	7408	7245	7157	12992	12825	13113	2394	2468	2473	2301	2384	2321	5211	5117	4932	7593	7617	7397	5602	5566	5588	21846	21840	20390	30088	29795	29609	5430	5379	5370	8547	6833	8202	5719	5666	4846	12513	13015	8790	31211	28205	9054	51870	51039	45427	11863	13992	14791	10920	10708	11183	11006	18262	12514	1588	1200	1460	1367	1396	1268
17:09:17	4485	4767	4910	4813	4876	4864	5018	5293	4882	6826	6247	6045	7356	10434	10225	4899	4949	5001	7439	7922	7382	4901	4888	2091	7122	7407	7345	5270	5324	5218	12234	13498	13243	7544	7664	7138	7453	7350	7162	13079	12733	13057	2454	2428	2351	2370	2314	2349	5298	5216	4762	7709	7534	7390	5784	5530	5578	21709	22130	20096	29314	30327	30256	5288	5387	5422	8327	6509	8099	5797	5615	4632	12418	12950	9312	31272	28469	8940	52810	51448	47155	13546	14225	15007	11172	11372	11292	10609	18316	12315	1639	1285	1331	1343	1395	1308
17:19:17	4703	4828	4844	4972	4779	5049	4946	5041	4825	6782	6203	6163	7207	10567	10420	4975	4805	4849	7642	7533	7542	4998	4827	2079	7191	7287	7318	5210	5368	5174	12289	13884	13312	7522	7386	7109	7424	7149	7335	12918	13131	13369	2394	2426	2436	2291	2361	2300	5236	5202	4949	7717	7670	7356	5766	5482	5658	21580	21999	20577	30426	30410	30398	5297	5327	5338	8416	7095	8353	5649	5633	4929	12451	12695	9218	30898	27693	9032	52905	51673	46275	11723	14200	15195	11272	11110	11232	11177	18376	12766	1676	1288	1305	1321	1249	1303
17:29:17	4662	4706	4987	4723	4676	4744	4803	4926	4887	7051	6235	6305	7179	10508	10208	4898	4831	4886	7501	7507	7230	4978	4979	2251	7111	7660	7537	5324	5499	5394	12189	13804	13444	7338	7380	7360	7417	7048	7198	12896	13077	13461	2424	2404	2374	2310	2422	2413	5425	5100	4691	7732	7424	7379	5903	5794	5678	21992	21998	20027	30144	30134	29815	5283	5368	5325	8558	6880	8130	5638	5565	4762	12741	12744	9322	31824	28023	8920	53409	51350	45917	13422	14777	15066	11119	11050	11107	10662	17559	12289	1560	1297	1286	1314	1317	1273
17:39:17	4735	4752	4837	4851	5016	4942	5024	4925	5254	6887	6268	6204	7324	10525	10375	5067	5073	5124	7546	7590	7579	4979	4907	2096	7259	7486	7411	5254	5520	5307	12243	14128	13594	7451	7457	7020	7703	7096	7261	13270	13275	12988	2429	2332	2461	2452	2327	2287	5246	5061	4875	7485	7603	7510	5698	5880	5726	22390	22624	20012	29378	30391	29824	5358	5240	5451	8614	6888	8267	5544	5552	4758	12568	13136	8976	31582	28122	8676	53498	52897	46468	13280	14348	15157	11189	11149	10958	11013	17602	12384	1614	1255	1291	1345	1337	1275
17:49:17	4724	4888	5137	4804	4748	4826	5021	5001	5108	6926	6487	5983	7419	10434	10320	5000	5060	4890	7429	7893	7683	4940	4991	2111	7252	7285	7664	5307	5473	5217	12168	13662	13419	7541	7314	7300	7659	7174	7395	13058	13335	13242	2453	2351	2433	2424	2334	2281	5356	5123	4950	7830	7693	7520	5670	5625	5531	21919	22335	19821	30428	30881	30223	5513	5243	5404	8679	6952	8197	5783	5474	4787	12467	12878	8763	31243	28804	8628	53935	51718	45780	12676	14592	14757	11394	11101	11013	10981	18169	12581	1705	1285	1183	1364	1327	1261
17:59:17	4720	4667	4791	4887	4747	4810	5045	4945	4852	6757	6163	6282	7239	10661	10574	5008	5140	4944	7257	7755	7437	5028	5004	2061	7241	7724	7490	5285	5415	5394	12162	13853	13586	7476	7368	7389	7211	7331	7199	12953	12938	13018	2351	2464	2343	2318	2310	2303	5322	5234	4940	7816	7579	7590	5783	5660	5587	21749	21909	20227	30228	30680	30341	5468	5362	5503	8349	6695	8394	5709	5479	5019	12532	13006	9132	31659	29331	8700	52910	52565	45673	13538	14341	15234	11264	11161	11234	11182	17621	12639	1713	1219	1380	1283	1291	1332
18:09:17	4646	4744	4922	4733	4789	4920	4952	5048	4958	6923	6543	6268	7508	10697	10473	4899	4911	5028	7568	7478	7535	4864	4921	2120	7302	7551	7490	5221	5457	5439	12549	13861	13393	7374	7268	7336	7770	7532	7339	12880	12647	13222	2334	2431	2289	2350	2283	2288	5196	5472	4957	7638	7713	7548	5609	5895	5749	20936	21976	19597	29884	30087	30308	5419	5271	5495	8454	7297	8157	5662	5648	5109	12259	13072	9451	32194	28437	8893	52860	51744	45119	13559	13823	15022	11006	10656	11117	10657	17936	12345	1672	1292	1339	1233	1385	1367
18:19:17	4497	4753	4860	4878	4966	4864	5131	5032	5112	6977	6280	6178	7517	10585	10564	5100	4923	5122	7278	7361	7408	5225	5145	2037	7308	7482	7675	5226	5467	5549	12364	13743	13225	7500	7579	7629	7588	7446	7358	13023	13163	13169	2479	2462	2336	2337	2323	2347	5343	5371	4908	7743	7613	7405	6022	5736	5732	21145	21723	19871	30909	30899	29706	5411	5343	5275	8636	6823	8555	5557	5545	4893	12708	12746	8959	32272	28859	8573	54350	52952	47091	14423	14055	15715	11439	11265	11548	11024	18023	12282	1602	1294	1285	1382	1266	1442
18:29:17	4672	4751	4922	5005	4918	5108	5013	5187	5007	6933	6325	6300	7390	10210	10566	4936	4985	5063	7414	7695	7606	4976	5034	2136	7441	7496	7622	5166	5519	5332	12300	13706	13225	7240	7347	7522	7635	7412	7280	12842	13254	13578	2449	2507	2303	2373	2391	2243	5284	5198	5161	8094	7843	7453	6022	5635	5867	21168	22364	20031	30090	30489	29579	5492	5297	5385	8653	6928	8512	5662	5640	4942	12494	13057	9244	31993	28642	8983	54209	51643	47229	13661	13764	15481	11195	11233	11441	10733	17496	12653	1759	1311	1322	1352	1375	1326
18:39:17	4762	4743	4787	4785	4871	5005	5146	5089	5023	6953	6511	6158	7672	10502	10632	5042	4990	5030	7345	7827	7563	5059	4910	2045	7392	7752	7694	5279	5667	5013	12450	13515	13487	7566	7470	7486	7600	7229	7557	12881	13282	13453	2357	2316	2403	2277	2297	2471	5297	5365	5024	7981	7579	7604	5854	5838	5680	21198	22540	20455	29780	31215	29968	5519	5487	5564	8532	6836	8333	5632	5397	4948	12826	13090	9400	32130	29072	8829	54692	52814	46762	12763	13558	15570	11231	11161	11375	10790	18442	12748	1633	1255	1349	1404	1311	1281
18:49:17	4496	4828	4923	4914	5059	5161	5146	5064	5080	6804	6407	6210	7471	10318	10484	5139	4898	4982	7413	7340	7648	5081	4988	2064	7260	7760	7685	5377	5468	5367	12316	13561	13298	7542	7397	7452	7687	7158	7352	13079	12869	13350	2298	2382	2437	2460	2445	2380	5065	5161	5003	7776	7538	7562	6034	5705	5549	20896	21833	20261	30340	30662	29833	5419	5428	5585	8511	6968	8261	5527	5579	5108	12678	12792	8954	31546	29470	8798	54756	52523	45893	13723	14168	15143	10915	11071	11717	10886	17749	12637	1662	1389	1454	1257	1395	1376
18:59:17	4609	4692	5061	4988	4945	4938	5014	5104	4990	7015	6518	5983	7573	10210	10539	4903	4992	4979	7641	7387	7623	4848	4852	2043	7110	7636	7480	5329	5527	5455	12543	13799	13097	7329	7639	7472	7813	7362	7493	13264	13474	13211	2340	2382	2377	2292	2397	2421	5063	5244	4976	7758	7652	7520	5937	5761	5558	20910	21715	19701	30413	30707	30129	5395	5408	5477	8209	6868	8313	5492	5408	5102	12947	12825	8915	32259	29581	8893	54130	53410	46519	13545	13932	15205	10866	11236	11543	10731	18166	12689	1706	1245	1334	1338	1424	1315
19:09:17	4619	4743	4783	4807	5036	4987	5030	5150	4891	6922	6423	6101	7540	10384	10930	4891	5068	4958	7710	7599	7359	4752	5091	2177	7214	7453	7629	5512	5465	5497	12251	13606	13270	7600	7386	7275	7730	7203	7423	13082	13157	13414	2548	2378	2242	2406	2373	2383	5202	5282	5005	7700	7557	7300	6081	5774	5954	21455	21961	19502	30303	30718	30014	5266	5323	5554	8610	7256	8547	5596	5681	4889	12816	12973	9089	32234	29471	8622	54324	53372	45513	13279	13970	15205	11103	10882	11835	10774	17301	12798	1622	1377	1315	1421	1391	1233
19:19:17	4577	4789	4793	4938	4931	4992	5264	5159	4978	6837	6441	6171	7431	10155	10654	4930	4938	5035	7372	7562	7464	5053	4828	2086	7447	7476	7759	5325	5729	5431	12526	13873	13215	7630	7437	7522	7722	7142	7175	13055	13214	13548	2492	2462	2350	2279	2327	2409	5219	5269	4928	7622	7518	7472	5876	5600	5608	20366	21772	19377	29937	30078	30156	5297	5335	5366	8550	6788	8447	5298	5496	5018	12566	13172	8847	32893	28903	8750	55173	54423	46269	13350	13660	15663	10871	10995	11362	11166	17588	12288	1690	1399	1357	1326	1357	1343
19:29:17	4599	4668	4880	5071	4911	4902	5077	5072	4951	6854	6520	6384	7401	10592	10440	5049	4917	5027	7665	7421	7458	5018	4867	2118	7246	7565	7621	5253	5544	5560	12537	13487	13472	7259	7472	7375	7575	7163	7398	13256	13304	13438	2266	2452	2319	2249	2435	2247	4982	5149	4958	7725	7545	7485	6055	5795	5766	19603	22104	18900	30107	30208	29855	5270	5300	5315	8637	6933	8488	5343	5300	4998	12461	13134	9203	32164	29264	8710	55149	52516	44434	13895	13525	15601	10983	10897	11496	11005	17829	12543	1592	1334	1344	1368	1350	1344
19:39:17	4755	4597	4744	4912	4878	4989	5149	4862	5083	6939	6444	6348	7535	10284	10612	5071	4989	5124	7556	7623	7515	4970	4955	2093	7166	7717	7463	5394	5741	5587	12596	13577	13515	7345	7524	7339	7868	7236	7343	13056	12662	13569	2380	2442	2420	2457	2367	2253	5265	5290	4821	7844	7749	7376	5791	5545	5920	19949	21754	19152	29527	30379	29407	5449	5501	5469	8593	6687	8405	5207	5293	4982	12603	12831	9034	32862	29715	8629	54805	52547	45499	13462	13842	15524	10999	11015	11696	10978	18455	12493	1695	1271	1271	1337	1268	1364
19:49:17	4594	4776	4864	4989	4866	5074	4983	5208	4823	6779	6545	6148	7401	10418	10543	4850	4942	5222	7494	7369	7402	4918	4793	2175	7258	7636	7737	5448	5547	5399	12473	13752	13495	7403	7596	7302	7713	7335	7535	12819	13212	13410	2264	2434	2429	2395	2450	2419	5049	5005	5150	7458	7670	7484	5923	5936	5948	19378	21034	18278	30163	29682	29214	5361	5422	5644	8441	7349	8360	5237	5474	4893	12320	12807	9019	32634	29563	8793	55453	52464	43977	13833	13489	14715	10988	10728	11581	10633	19016	12239	1590	1252	1343	1357	1298	1428
19:59:17	4640	4636	4778	5024	4842	5011	5174	5035	5034	6933	6355	6165	7235	10521	10475	4938	5118	5036	7441	7504	7690	4762	4888	2181	7176	7693	7503	5450	5630	5385	12466	13680	13166	7421	7281	7243	7538	7160	7569	13095	13401	13183	2397	2346	2358	2482	2235	2340	4856	5027	5152	7577	7785	7384	6027	5855	5760	19567	20835	18397	29258	30344	28737	5520	5437	5344	8368	6862	8224	5191	5321	5052	12017	12692	8655	32276	29233	8841	54579	51909	43728	11532	13508	14855	11248	10866	11226	10861	19365	12269	1685	1304	1281	1359	1345	1390
20:09:17	4475	4798	4831	4947	4888	4966	5035	5057	4976	6945	6654	6187	7237	10442	9962	4965	5108	5089	7491	7598	7287	4796	4936	2072	7356	7486	7424	5506	5773	5509	12861	13544	13533	7328	7560	7226	7565	7122	7379	13039	12811	13106	2334	2562	2391	2323	2353	2323	5038	5154	4992	7501	7574	7272	6101	5556	5855	19260	20957	18159	29176	29624	27810	5530	5368	5400	8375	7098	8193	5167	5392	5036	12131	12547	8882	32678	29568	8631	53311	51573	45192	12679	13526	14505	11221	11150	11263	11044	18463	12447	1584	1228	1355	1433	1312	1324
20:19:17	4728	4857	5004	4913	4879	5135	5144	5072	5054	6786	6157	6111	7114	10203	10000	5164	4947	5160	7393	7310	7410	4960	4752	2091	7159	7495	7317	5469	5727	5464	12307	13401	13013	7374	7201	7286	7670	7124	7421	12987	13181	13030	2338	2462	2304	2297	2355	2288	5050	4867	5075	7619	7611	7352	5935	5942	5759	18799	20393	16766	28468	29041	27314	5392	5244	5313	8166	6462	8192	5103	5076	5068	12036	12308	8718	32247	29534	8794	53813	49294	43803	12466	13460	14785	10825	10905	11457	10672	16114	12131	1698	1332	1364	1266	1436	1349
20:29:17	4501	4645	4871	4860	4874	4927	5070	4926	5117	6881	6259	5907	7200	9941	10236	5037	4917	5145	7280	7256	7430	4803	4877	2121	7058	7316	7563	5394	5663	5475	12684	13534	13176	7349	7157	7185	7650	7113	7299	12776	12920	12578	2275	2387	2463	2293	2414	2341	4799	5060	5149	7373	7541	7249	5783	5692	5594	19056	19795	16555	27641	28696	26168	5172	5280	5367	8161	6895	7997	5238	5227	5114	12100	12391	8790	32341	29142	8874	53770	48967	41417	12292	13187	13947	11008	10628	11626	10855	14844	12123	1666	1301	1312	1375	1344	1279
20:39:17	4663	4723	4777	4938	4982	4995	5101	5273	4924	6685	6136	6042	7010	9634	9746	5179	5097	4946	7503	7324	7012	4737	4955	2134	7306	7262	7413	5499	5678	5365	12292	13163	13091	7382	7262	7159	7372	7120	7103	12532	12682	12654	2440	2371	2364	2397	2383	2344	4894	4997	5097	7270	7306	7015	5729	5841	5571	18652	19152	14943	27022	28134	26232	5371	5191	5284	7797	6558	7872	5171	4977	5108	11743	12283	8553	31867	29337	8503	53583	48357	40691	12362	12991	14199	10761	10468	10852	10780	14680	12275	1727	1274	1333	1360	1350	1304
20:49:17	4606	4752	4641	5077	4990	5032	5229	5105	5112	6587	6296	5914	7125	9523	9839	5009	5073	4858	7280	7294	7241	5038	4931	2081	6849	7348	7135	5465	5525	5474	12438	12893	12591	7222	7240	7067	7442	6897	7100	12824	12468	12338	2378	2382	2427	2282	2353	2323	4886	5115	5035	7328	7383	7028	5959	5741	5604	17380	18641	15565	25525	27806	25029	5512	5369	5340	7762	6962	7585	5091	5146	5160	11541	12224	8625	31992	29247	8478	52502	47434	40750	11034	12505	13631	10815	10485	10942	10221	14412	11887	1695	1245	1339	1310	1374	1384
20:59:17	4625	4803	4879	4830	4768	5094	5074	4987	5016	6359	6084	5689	7111	9341	9929	5047	4861	4964	6938	6971	6857	4842	4890	2195	6820	7157	7272	5461	5672	5620	12106	12801	12421	7115	6919	7122	7342	6756	7311	12288	12048	12140	2294	2454	2364	2408	2330	2306	4849	4867	5209	7077	6971	7059	6011	5661	5551	16062	17166	14701	25181	26337	24410	5276	5150	5270	7633	6492	7642	5237	5109	5169	11323	11999	8209	31221	28531	8439	50647	45023	39070	10950	11488	13387	10569	10163	11019	10289	14666	11980	1635	1233	1361	1322	1322	1416
21:09:17	4830	4863	4996	4849	4925	4989	4965	4956	4934	6355	6079	5830	7025	9224	9308	4902	4842	4828	7031	6900	7000	4967	5041	1994	6772	6952	7029	5531	5585	5515	11937	12693	12165	7052	6917	6841	7474	6899	7077	11977	11669	11844	2352	2350	2373	2425	2348	2454	4958	4768	4909	7145	6878	6822	5620	5612	5659	15221	16350	14250	23977	26362	23550	5116	5343	5314	7457	6578	7448	4985	5006	5022	11130	11868	8520	31559	29195	8292	49493	44503	38332	11064	11156	12974	10552	9933	10533	10086	14224	11784	1594	1293	1357	1302	1368	1302
21:19:17	4520	4787	5013	4976	4798	4858	5075	4955	4911	5979	6148	5781	6940	9087	9022	4951	4762	4982	6928	6857	6865	5075	4999	2047	6782	6822	6811	5401	5656	5401	11903	12498	11829	7012	6824	6735	7168	6721	6842	11888	11296	11778	2424	2328	2429	2263	2311	2298	4955	5010	5137	7050	6779	6545	5706	5434	5449	14378	14358	13908	22643	25278	22459	5186	5139	5214	7349	6345	7255	4993	4944	5239	10818	11529	8376	31583	27806	8297	48372	42630	35595	10310	10603	12723	10078	9849	10212	10054	13366	11482	1590	1284	1298	1249	1322	1356
21:29:17	4744	4969	5002	5053	4843	4870	4979	4943	4852	6206	5867	5929	7086	8586	9033	5027	5057	4817	6882	6768	6690	4967	4949	2096	6592	6801	6934	5523	5483	5419	11736	12304	11221	6929	6704	6390	6934	6604	6911	11501	10821	11004	2242	2398	2324	2356	2313	2417	4894	4731	5063	6758	6561	6480	5577	5509	5223	13748	13766	13389	21483	24475	21297	5202	5174	5111	7249	6726	7239	5173	5323	5123	10754	11292	8052	31910	27610	8042	46859	41067	32371	10714	10397	12056	10224	9435	10289	9878	13532	11124	1676	1370	1227	1263	1384	1409
21:39:17	4620	5006	4959	4730	4819	4743	5034	5153	4942	5939	6024	5854	6606	8592	8702	4850	4912	5008	6772	6555	6279	4852	4870	2148	6789	6827	6714	5295	5573	5424	11380	12078	11405	6629	6655	6410	6898	6500	6861	11558	10799	11339	2391	2476	2349	2384	2438	2355	4694	4869	5141	6804	6715	6512	5471	5426	5445	13676	13469	13305	20893	23802	19345	5184	5138	5063	7386	6116	6851	5343	4997	5160	10184	10723	8065	31513	27368	7741	45012	41423	30308	10173	10332	11576	9684	9280	10268	9675	11691	11339	1586	1329	1332	1290	1361	1375
0:00:00																																																																																																
0:00:00																																																																																																
0:00:00																																																																																																
0:00:00																																																																																																
0:00:00																																																																																																
0:00:00																																																																																																
0:00:00																																																																																																
0:00:00																																																																																																
0:00:00																																																																																																
0:00:00																																																																																																
0:00:00																																																																																																
0:00:00																																																																																																
0:00:00																																																																																																
0:00:00																																																																																																
0:00:00																																																																																																
0:00:00																																																																																																
0:00:00																																																																																																
0:00:00																																																																																																
0:00:00																																																																																																
0:00:00																																																																																																
0:00:00																																																																																																
0:00:00																																																																																																
0:00:00																																																																																																
0:00:00																																																																																																

