mScarlet-i:570,593

Kinetic read	A1	A2	A3	A4	A5	A6	A7	A8	A9	A10	A11	A12	B1	B2	B3	B4	B5	B6	B7	B8	B9	B10	B11	B12	C1	C2	C3	C4	C5	C6	C7	C8	C9	C10	C11	C12	D1	D2	D3	D4	D5	D6	D7	D8	D9	D10	D11	D12	E1	E2	E3	E4	E5	E6	E7	E8	E9	E10	E11	E12	F1	F2	F3	F4	F5	F6	F7	F8	F9	F10	F11	F12	G1	G2	G3	G4	G5	G6	G7	G8	G9	G10	G11	G12	H1	H2	H3	H4	H5	H6	H7	H8	H9	H10	H11	H12
0:07:15	30	0	8	5	15	0	10	13	4	0	0	14	0	12	19	36	7	0	0	14	22	19	12	6	0	0	24	1	0	0	16	11	0	0	13	0	0	6	0	0	6	0	17	0	0	42	28	0	26	0	29	7	0	12	0	33	0	0	8	0	21	1	21	5	20	7	0	12	18	0	12	6	4	7	18	12	34	19	0	21	0	2	19	0	1	0	0	0	0	3	11	6	25	28	20	0
0:17:15	12	0	24	9	1	6	11	10	0	4	13	0	0	3	0	2	13	4	22	18	0	16	2	17	21	0	20	0	0	15	22	0	0	0	8	14	8	0	0	26	9	6	0	26	18	0	0	13	2	0	1	0	30	15	38	6	0	0	17	38	0	11	22	0	0	0	29	0	4	20	0	14	6	7	23	0	21	11	0	13	23	0	3	30	0	0	7	0	17	10	28	0	13	10	23	20
0:27:15	4	13	17	20	24	15	14	19	27	18	0	0	0	0	5	29	0	0	27	2	7	0	13	0	38	5	20	8	2	13	18	5	16	0	15	30	15	0	0	24	6	14	9	18	0	0	19	14	25	24	28	15	0	0	0	15	10	11	0	1	0	6	27	25	15	23	18	34	26	11	13	0	8	0	19	0	16	0	14	17	0	10	10	0	0	18	0	25	7	0	9	10	6	0	18	17
0:37:15	0	3	12	36	0	2	13	8	0	6	8	37	13	0	10	16	14	10	0	2	35	7	0	23	0	17	6	14	0	0	12	17	0	10	9	0	22	0	6	0	8	0	8	25	16	25	14	18	0	13	19	0	13	6	4	23	9	0	0	0	0	0	0	1	27	4	10	0	0	0	8	1	0	0	19	4	0	8	0	0	11	0	0	18	6	1	0	8	0	0	8	5	11	0	0	18
0:47:15	0	0	0	5	15	9	1	3	20	18	16	0	8	0	6	0	23	4	19	8	11	0	0	0	20	0	0	9	0	0	8	28	27	5	20	0	9	23	26	6	0	24	11	16	24	0	11	20	0	26	0	0	2	13	13	15	18	5	8	4	6	5	24	0	0	0	4	20	1	0	7	0	11	17	0	17	0	24	5	2	0	25	17	0	3	10	0	21	22	0	19	12	0	0	0	0
0:57:15	11	17	0	1	21	20	0	0	0	2	20	0	44	17	0	0	0	17	0	0	0	2	13	3	0	12	20	6	25	4	15	0	8	13	5	0	0	0	10	0	23	0	15	18	6	0	4	0	45	13	18	30	18	12	18	0	0	0	2	0	0	6	34	7	16	24	0	5	33	7	0	6	9	15	14	0	18	1	0	0	28	0	0	0	22	13	3	0	14	0	15	0	18	11	0	6
1:07:15	5	29	9	23	0	0	3	0	2	0	1	0	0	0	0	22	0	14	15	0	0	21	11	18	6	0	10	14	23	37	0	9	10	0	19	24	39	0	36	28	0	0	36	6	21	50	13	8	15	3	8	23	15	8	0	3	0	0	7	1	18	21	8	12	30	14	3	18	15	0	0	39	16	19	6	17	11	0	12	0	22	13	0	8	0	0	17	20	0	9	8	0	2	14	0	0
1:17:15	0	15	0	0	4	12	0	0	0	21	7	2	14	35	4	6	32	9	7	0	1	18	15	20	4	0	3	1	26	0	18	36	0	1	16	13	20	0	0	0	18	0	0	1	6	2	0	13	8	21	8	12	0	18	10	0	23	16	17	44	0	24	16	7	0	6	4	20	28	17	7	19	24	0	20	26	8	0	0	15	0	18	19	0	15	24	12	1	29	31	26	20	6	5	37	7
1:27:15	29	2	32	36	0	0	0	8	2	0	0	1	6	27	15	38	0	0	19	25	49	45	25	17	0	8	4	0	3	0	11	16	16	0	6	30	7	8	13	9	17	0	49	2	16	2	15	25	1	29	0	29	0	10	0	23	15	4	40	12	14	8	4	10	1	10	18	26	33	4	13	0	9	17	0	27	0	24	0	23	0	7	2	5	11	13	1	0	0	3	25	0	22	0	3	0
1:37:15	0	0	13	15	8	10	36	3	1	26	23	0	13	0	0	0	0	0	0	0	23	19	9	0	0	0	11	0	6	6	23	0	18	20	15	0	0	0	3	10	0	17	14	0	29	27	0	39	51	14	10	21	11	13	0	14	0	20	13	3	12	1	33	13	21	26	12	7	0	6	30	1	37	8	46	15	3	0	31	5	18	8	10	3	5	10	17	0	6	2	21	7	10	12	12	0
1:47:15	16	25	6	39	10	1	0	6	0	0	0	14	20	0	1	1	16	8	23	0	0	1	0	7	6	0	0	0	8	16	1	0	0	9	25	8	0	21	7	11	16	1	12	33	0	0	16	8	0	13	13	5	0	10	3	0	15	23	14	0	27	17	16	0	33	30	22	0	43	25	34	0	5	3	0	12	23	15	15	3	7	5	15	17	24	36	23	21	0	26	0	6	29	17	0	3
1:57:15	0	5	15	0	0	9	0	0	16	28	37	18	15	27	37	1	9	1	7	25	0	7	21	15	0	9	4	22	32	10	0	7	5	0	18	8	0	1	7	4	0	0	0	0	2	0	7	0	0	21	17	48	27	4	0	0	24	35	19	45	0	4	13	25	0	49	18	0	23	0	19	28	10	5	27	7	22	0	48	1	20	23	8	0	18	35	12	18	13	15	25	7	25	0	0	0
2:07:15	11	7	7	0	10	36	15	23	0	13	6	0	21	9	0	23	29	0	13	11	19	9	10	12	28	34	0	30	3	0	20	0	16	7	0	17	5	19	0	28	21	12	15	24	5	20	53	14	0	16	51	47	48	20	1	31	37	28	3	19	13	23	26	13	32	2	0	34	27	7	25	38	0	26	6	20	25	21	11	10	11	27	0	9	27	0	19	28	17	51	21	0	5	0	0	0
2:17:15	1	35	5	5	18	2	12	6	15	16	26	17	24	0	32	41	0	14	4	0	38	0	0	0	0	0	18	0	27	0	0	8	15	2	20	15	0	10	8	1	39	1	18	43	11	25	12	12	19	28	4	42	27	33	31	43	22	8	39	29	23	22	20	32	22	0	30	17	7	36	15	25	1	37	38	44	10	24	28	13	23	23	11	17	40	19	16	0	0	19	15	0	7	0	16	0
2:27:15	17	2	9	2	5	0	20	1	14	33	17	18	0	19	7	8	8	16	0	19	1	2	3	24	0	21	0	16	0	0	0	16	35	0	18	2	0	28	0	20	0	0	0	12	0	26	4	0	32	46	9	37	0	24	22	0	27	26	37	58	29	22	42	39	50	25	25	30	12	18	64	0	5	6	25	16	0	29	24	33	33	25	27	0	39	21	35	6	12	21	14	3	0	9	4	0
2:37:15	0	25	22	14	0	16	7	17	31	28	8	21	21	22	33	0	0	0	9	9	24	9	7	10	0	31	37	18	10	0	18	24	8	15	0	3	0	17	23	21	0	7	8	16	10	28	24	0	13	44	0	25	41	15	15	51	24	55	75	19	32	36	23	18	23	41	27	15	28	25	70	0	12	39	52	28	14	41	24	9	47	0	58	40	31	22	44	6	18	26	0	3	12	6	5	22
2:47:15	7	35	0	4	1	0	11	6	0	0	0	0	11	14	12	1	14	28	5	0	0	2	2	14	0	23	0	25	22	10	9	4	11	19	35	9	20	7	28	20	9	17	42	2	0	0	0	11	57	59	7	37	0	28	41	33	40	31	62	19	27	65	22	33	63	30	27	42	30	69	45	32	38	54	46	24	24	27	32	37	29	37	21	53	0	56	39	25	37	13	21	25	24	0	6	0
2:57:15	0	9	10	0	0	11	0	0	12	0	28	12	0	21	0	0	6	15	3	0	0	25	9	0	0	15	43	0	0	0	25	10	6	0	29	21	6	27	14	13	16	0	9	14	14	4	31	21	42	42	0	38	61	65	55	38	44	49	41	53	56	51	33	51	27	55	42	32	35	63	58	33	42	39	40	24	34	19	49	56	39	25	43	17	34	31	23	23	18	60	35	0	0	2	0	0
3:07:15	11	4	0	1	15	0	0	0	0	22	28	25	1	0	8	0	0	0	27	0	0	0	0	22	22	14	10	0	0	14	0	41	0	31	26	26	2	28	29	0	35	0	37	0	0	29	39	0	89	64	25	78	86	70	51	84	62	33	48	43	38	49	71	26	55	60	30	84	43	67	79	20	58	49	79	47	18	37	47	67	52	46	34	26	55	43	43	9	36	53	0	3	0	5	12	1
3:17:15	0	25	16	0	18	0	0	42	11	8	0	0	0	29	39	6	0	2	13	0	30	21	0	22	18	0	8	0	28	26	0	0	0	12	0	0	0	0	5	4	26	0	12	22	6	1	0	0	69	74	58	77	45	64	24	32	88	59	43	45	83	72	60	59	62	89	53	56	72	69	61	37	67	30	70	20	37	49	45	58	49	62	74	28	52	79	67	64	88	85	0	12	0	11	0	23
3:27:15	16	37	15	18	0	0	36	8	10	18	13	13	0	4	9	0	31	17	9	47	4	35	0	37	4	4	6	6	32	45	0	0	15	9	9	22	25	26	36	14	18	0	0	0	13	13	0	26	103	102	16	70	55	52	41	75	50	91	58	43	72	69	50	79	85	75	65	79	79	89	88	6	65	42	34	40	22	24	52	37	38	59	62	83	36	65	53	53	39	64	0	0	17	0	0	17
3:37:15	0	22	23	34	0	11	18	0	4	19	18	18	0	7	26	3	0	16	3	0	12	11	0	9	22	31	0	17	13	0	19	0	12	0	16	48	0	7	15	0	8	0	0	3	21	24	12	0	92	97	20	54	74	81	65	69	30	63	87	62	18	50	63	87	85	75	80	87	65	102	110	60	58	98	78	47	64	34	46	72	58	60	47	87	67	74	71	79	91	67	0	28	4	0	9	0
3:47:15	55	13	10	0	26	10	0	0	7	12	5	5	6	22	0	10	10	8	17	0	0	23	4	20	0	25	7	0	7	16	20	20	0	0	7	24	1	25	28	0	7	17	10	0	20	33	0	0	103	86	20	80	86	86	31	68	64	87	107	77	34	61	76	85	76	90	59	86	78	85	94	22	53	84	74	57	43	48	75	39	59	98	18	84	67	66	82	73	84	68	9	40	1	0	0	9
3:57:15	11	37	0	12	11	24	16	20	10	0	0	31	9	16	21	0	5	19	0	0	0	0	4	40	0	0	5	0	0	36	0	19	1	0	5	0	14	0	12	14	0	1	42	0	15	27	19	17	108	117	41	108	91	83	81	99	97	87	79	87	65	69	84	79	94	103	91	99	99	93	133	32	89	67	91	57	61	52	62	61	89	76	60	64	76	60	69	60	106	102	26	22	0	0	19	15
4:07:15	0	0	10	7	20	0	0	0	3	7	0	18	7	26	3	54	4	1	14	23	15	0	11	0	24	0	7	0	10	0	0	28	12	6	0	0	16	12	1	17	0	0	4	22	0	10	7	5	141	131	38	99	65	84	82	87	69	95	101	76	83	88	85	119	102	115	88	102	83	120	100	61	65	87	79	65	90	45	76	111	110	89	94	72	78	76	79	83	83	71	0	0	2	1	16	23
4:17:15	16	17	10	0	0	22	0	45	13	18	9	0	25	30	11	30	22	0	0	27	0	0	0	16	3	7	0	6	13	0	0	23	0	35	9	4	15	0	15	4	7	0	0	5	0	0	7	21	163	113	78	103	92	103	98	105	84	116	111	95	100	80	80	98	118	83	118	94	96	140	128	45	132	108	81	63	73	69	105	105	89	82	105	113	109	65	89	71	91	87	30	0	20	16	0	0
4:27:15	0	19	25	10	29	0	3	27	6	0	14	2	15	17	8	0	34	34	0	0	28	20	0	13	10	0	24	8	7	4	31	36	17	0	2	13	0	7	9	27	10	0	4	27	7	19	36	0	158	165	91	138	87	120	118	93	92	107	117	117	111	119	109	126	99	111	103	120	119	124	158	58	94	123	119	63	65	46	87	103	90	83	91	102	113	112	91	88	131	105	19	0	27	0	29	1
4:37:15	2	39	0	19	35	2	20	11	16	2	6	34	14	5	0	13	22	12	13	8	26	13	25	35	0	7	10	18	2	18	8	0	17	11	42	0	15	3	0	4	55	0	0	4	16	5	9	0	165	164	69	103	140	147	115	106	119	118	134	104	110	161	106	100	108	116	116	115	111	129	173	82	130	65	126	92	96	52	95	124	125	129	128	119	123	98	94	132	115	119	27	16	0	0	0	1
4:47:15	7	23	9	19	0	0	0	13	0	0	4	14	9	20	12	12	27	11	4	4	39	7	4	2	13	4	0	19	0	0	5	28	0	18	10	8	16	17	17	26	0	16	0	5	0	11	27	1	182	187	93	132	135	134	124	136	118	157	121	133	126	117	133	150	128	96	134	129	109	161	150	106	128	103	116	106	87	51	137	91	94	122	132	101	113	113	138	134	125	126	0	0	1	13	11	0
4:57:15	27	14	11	23	47	2	15	0	13	34	0	15	17	0	27	0	19	21	7	10	37	0	0	0	18	0	1	14	0	0	9	0	5	0	1	24	14	25	8	1	0	7	0	11	5	0	0	0	175	171	85	146	157	170	145	166	119	159	143	141	144	158	139	121	141	144	136	156	152	227	198	85	137	165	141	90	111	90	109	142	105	120	144	122	136	114	117	140	111	93	7	6	0	46	26	16
5:07:15	0	0	28	20	0	0	7	6	7	0	54	7	6	0	0	25	9	0	15	1	34	7	13	11	0	0	13	9	18	0	0	6	0	12	0	29	7	7	0	21	4	0	3	0	16	26	16	4	195	200	76	157	177	142	127	126	149	151	175	163	172	131	127	157	132	150	152	181	144	176	166	77	160	146	143	107	100	89	123	115	134	134	121	142	126	149	147	121	131	155	39	14	0	0	0	0
5:17:15	7	0	10	10	8	21	23	3	0	17	30	4	46	0	15	0	5	0	0	6	22	0	19	0	21	0	19	21	25	0	8	0	4	12	25	11	11	2	28	13	8	12	16	0	7	6	15	23	235	209	92	175	167	183	148	142	157	171	173	172	145	154	146	170	166	130	198	148	189	194	234	33	175	191	180	97	97	105	153	113	128	151	150	167	145	162	155	145	165	175	9	0	4	0	0	32
5:27:15	0	26	0	25	0	0	0	0	17	7	8	2	32	19	0	11	27	20	33	0	21	30	0	0	0	0	21	32	0	12	0	31	16	0	0	0	0	11	7	0	12	7	8	34	7	1	0	0	239	293	101	194	174	189	168	174	162	181	180	183	190	180	183	150	188	170	166	180	148	231	223	70	188	170	189	123	115	76	141	135	171	157	151	128	179	164	131	153	166	179	0	0	0	24	0	10
5:37:15	39	0	0	0	0	10	27	0	3	35	16	4	0	19	0	0	0	9	14	12	31	13	18	15	20	0	0	17	20	0	5	0	0	0	23	0	9	29	15	28	0	22	6	0	18	0	50	12	246	280	95	173	169	224	183	173	192	197	219	194	173	144	206	229	186	186	175	214	167	231	271	98	193	205	196	138	138	94	169	167	179	173	174	145	175	186	151	125	167	173	16	0	20	0	0	0
5:47:15	0	0	0	0	0	1	24	0	22	0	14	12	23	0	29	24	38	10	0	24	23	12	0	0	38	0	19	14	6	12	0	19	14	0	11	15	0	7	18	10	9	8	13	0	0	0	0	0	268	316	117	221	209	225	206	185	172	214	198	211	191	216	206	219	187	200	155	206	217	282	260	67	231	228	211	124	104	104	175	184	190	186	182	184	198	191	212	186	178	195	0	25	17	16	0	23
5:57:15	0	14	0	0	0	5	0	13	10	7	0	0	16	21	0	29	0	5	0	19	0	7	19	18	12	0	0	34	26	21	18	5	0	24	25	0	19	0	0	0	0	0	0	7	16	9	24	0	297	313	130	232	227	219	243	215	183	216	217	204	217	215	209	250	243	235	199	216	214	324	307	103	218	207	228	165	169	90	198	193	147	184	190	206	191	204	187	184	197	220	11	5	0	18	0	24
6:07:15	18	7	1	11	25	0	16	8	10	12	0	0	1	14	1	0	0	23	32	5	0	8	3	0	0	4	0	9	6	4	0	0	30	28	39	18	22	47	14	0	0	4	0	0	11	1	0	0	341	365	163	246	267	238	229	218	191	217	219	215	221	255	229	238	235	245	226	204	240	344	294	98	237	262	244	145	177	125	162	185	208	223	190	199	231	202	233	198	225	216	0	8	0	0	25	0
6:17:15	2	0	0	14	0	0	10	14	0	13	0	11	13	6	35	0	7	19	0	9	39	0	6	18	0	28	0	8	0	0	0	0	0	4	6	23	15	35	16	7	8	0	18	0	28	5	0	8	397	360	154	255	297	279	247	211	232	247	231	253	259	277	275	285	248	234	254	239	234	362	339	135	231	264	271	187	158	130	208	237	222	214	239	228	239	234	222	186	225	236	0	0	24	14	0	10
6:27:15	0	14	0	0	22	0	0	28	30	0	26	23	0	15	16	35	0	31	0	6	28	13	14	32	15	0	32	1	0	16	17	12	52	23	0	27	14	0	27	13	0	30	12	0	0	0	0	3	389	409	137	306	262	293	248	243	228	252	273	257	271	273	264	306	265	268	250	286	277	387	405	128	289	254	271	198	183	133	241	215	225	227	179	246	272	240	294	219	249	230	0	0	0	13	14	6
6:37:15	9	17	0	29	0	0	0	24	0	24	9	10	1	16	28	35	24	0	16	0	0	17	20	21	26	31	33	24	0	42	0	8	0	26	2	32	0	20	16	28	5	25	0	1	7	0	3	14	431	453	183	301	311	293	234	284	267	306	284	286	260	316	299	316	306	279	267	268	304	431	419	136	306	290	273	201	173	147	242	252	244	255	248	255	285	272	255	229	271	237	1	5	5	26	0	9
6:47:15	0	20	34	28	18	25	35	29	15	0	15	7	0	24	0	0	23	3	0	19	28	34	16	11	7	4	25	4	38	8	14	21	0	16	12	20	1	16	19	10	21	21	0	12	32	14	0	9	434	415	153	336	323	328	300	314	289	291	296	277	324	312	303	305	309	307	326	305	343	449	431	158	305	350	319	202	204	141	243	216	296	265	257	266	288	331	307	288	278	267	0	17	4	0	8	6
6:57:15	28	0	7	0	0	0	31	13	8	19	24	11	23	6	30	0	21	0	0	6	0	8	0	0	20	5	7	0	0	18	8	18	32	35	0	0	9	0	19	17	0	10	10	10	0	21	0	8	485	464	162	348	352	364	323	277	277	305	331	284	300	339	312	357	346	372	333	296	349	477	467	145	383	354	331	246	199	170	261	272	267	316	316	301	316	337	314	237	333	308	0	0	0	0	20	0
7:07:15	0	0	0	4	13	18	6	18	0	0	0	0	0	4	0	8	26	0	10	0	0	0	2	8	10	0	9	0	25	0	0	15	1	41	0	31	0	4	0	6	5	27	39	10	15	14	16	8	519	513	172	398	391	373	359	351	333	396	341	307	379	371	347	394	382	398	386	363	352	502	515	169	382	421	318	234	243	164	309	267	285	311	306	273	337	365	304	295	328	296	0	17	9	6	0	21
7:17:15	23	35	0	23	13	0	25	31	2	10	4	0	18	0	29	17	5	0	2	5	7	0	20	0	19	0	13	0	6	10	7	25	7	21	20	1	10	0	3	38	16	21	30	0	0	5	20	2	567	501	185	401	426	425	398	362	353	416	381	361	372	394	355	420	405	404	402	396	397	577	471	172	431	429	357	243	277	150	300	320	331	326	321	315	378	412	379	297	360	318	0	0	4	0	10	0
7:27:15	0	30	0	3	12	0	8	10	2	20	15	5	14	13	25	0	0	0	0	20	15	5	9	10	3	0	6	0	0	14	14	32	21	20	5	14	30	8	0	20	0	0	21	0	0	31	10	0	561	546	225	426	430	445	414	368	376	398	384	401	406	400	400	444	427	449	447	416	423	573	545	203	424	450	354	282	263	177	325	347	319	373	352	349	379	389	389	306	389	357	18	1	0	17	0	16
7:37:15	13	10	6	6	12	18	0	0	22	16	43	0	0	19	0	28	16	12	21	0	9	4	20	26	20	25	16	0	0	35	8	11	3	15	20	0	19	1	24	0	10	7	0	0	31	0	27	4	624	571	220	475	459	487	459	422	384	404	415	394	448	427	403	483	498	433	456	443	435	582	550	213	468	481	410	284	260	195	388	379	335	365	371	407	394	438	414	333	437	385	4	0	42	26	5	0
7:47:15	1	28	0	0	6	18	0	0	20	0	18	0	0	0	20	9	7	22	0	25	8	18	39	7	0	8	3	25	48	0	12	14	3	0	9	27	0	14	0	8	0	0	7	0	6	0	14	30	583	576	243	513	479	508	440	454	406	469	423	433	459	479	444	495	462	450	478	446	473	609	574	199	448	511	429	341	314	200	403	353	367	396	377	445	435	478	405	326	486	353	7	29	22	0	0	0
7:57:15	30	14	0	20	7	10	27	40	18	22	0	11	17	7	12	8	3	12	16	6	0	11	10	23	20	0	0	15	6	39	46	32	37	10	0	0	7	9	0	0	0	0	3	7	0	6	9	20	606	592	289	505	510	530	514	466	438	491	459	466	465	507	510	545	491	524	496	429	488	601	553	211	522	541	424	298	323	202	459	448	426	394	406	447	468	486	435	387	427	365	7	0	4	15	5	14
8:07:15	12	28	0	0	10	21	0	0	33	0	6	0	0	0	32	20	0	26	25	7	9	0	0	15	16	5	19	0	26	11	6	21	4	0	0	0	8	0	17	0	30	8	7	3	24	8	2	11	639	639	261	549	551	541	504	477	435	507	456	503	487	506	497	559	537	555	485	491	524	612	619	240	515	549	452	395	344	211	518	445	445	381	453	508	513	517	441	366	480	398	0	0	0	0	17	0
8:17:15	0	0	8	7	18	38	0	19	15	0	0	0	10	0	10	24	11	0	2	0	7	14	40	10	0	2	19	10	4	19	0	11	20	4	20	19	9	16	31	0	17	12	0	26	3	2	0	21	613	624	291	527	555	548	526	494	475	528	511	519	530	529	495	563	546	591	528	468	537	596	600	262	562	583	478	373	354	212	524	426	456	447	455	515	519	570	511	366	508	385	10	0	6	18	29	24
8:27:15	0	6	11	8	12	27	5	34	0	30	12	1	19	7	3	20	0	0	6	5	0	28	0	2	14	9	0	20	13	25	13	41	27	10	0	13	8	30	0	9	0	15	5	16	13	26	20	0	630	639	338	553	605	578	566	486	527	559	506	512	536	534	537	625	595	581	553	505	604	600	616	279	572	625	506	438	381	243	540	488	488	493	479	534	549	554	532	400	556	408	13	0	18	12	6	46
8:37:15	0	0	0	15	18	27	0	6	0	0	0	15	0	16	18	13	5	17	9	0	5	15	32	2	17	0	0	0	7	14	16	27	0	4	5	20	27	4	0	0	16	17	14	11	20	0	9	21	625	636	363	607	585	560	602	523	518	555	507	512	573	552	588	585	594	602	569	491	596	632	575	287	635	602	534	458	415	207	561	512	500	469	530	553	556	559	564	400	520	455	24	8	14	0	0	6
8:47:15	0	0	1	24	27	17	0	10	31	20	18	3	0	5	18	5	6	0	0	1	11	5	0	14	18	28	0	17	0	0	0	9	0	10	15	0	0	17	8	0	0	20	30	0	5	26	4	17	676	647	352	590	597	597	613	557	528	533	521	551	561	585	601	589	600	576	611	558	621	638	637	283	607	624	467	491	446	219	576	565	511	534	510	544	584	554	561	389	550	467	19	3	15	0	12	0
8:57:15	0	0	26	16	6	17	40	6	16	0	0	7	6	0	21	6	0	29	0	0	0	9	24	11	25	0	32	23	39	23	11	36	26	0	7	28	12	4	3	0	11	0	18	3	1	31	0	1	680	634	394	616	628	586	599	565	507	570	566	538	587	595	626	624	629	614	644	538	630	653	623	323	637	683	515	490	468	245	574	558	557	536	542	575	588	565	598	389	537	456	27	19	17	0	0	0
9:07:15	24	12	17	14	4	0	0	14	7	3	0	15	3	35	6	5	11	28	0	21	8	7	0	4	0	6	0	26	6	19	35	31	20	1	9	22	18	0	24	24	5	0	20	26	0	0	35	20	687	652	402	672	655	608	655	585	516	592	572	565	605	641	618	656	638	557	619	500	639	612	627	316	670	666	516	532	486	220	600	562	580	553	556	569	616	599	582	384	604	468	12	15	36	5	0	0
9:17:15	0	0	22	0	0	3	0	28	16	0	0	21	0	0	15	0	28	0	3	0	12	4	24	0	4	0	0	31	36	19	20	0	5	19	6	7	26	15	3	12	4	11	45	8	0	4	0	21	676	667	406	669	641	640	649	587	569	564	572	567	605	617	594	651	640	642	604	542	650	634	621	339	658	664	500	533	529	207	612	604	603	525	542	620	626	620	607	387	601	436	10	0	8	0	17	11
9:27:15	1	0	0	0	18	27	36	2	16	0	14	4	0	18	15	0	0	0	10	0	8	24	4	23	21	3	0	30	0	10	0	6	25	0	16	23	23	9	2	20	8	11	17	4	0	23	0	0	659	688	438	644	670	628	659	583	588	605	569	600	615	610	637	677	644	641	652	517	688	635	610	348	650	696	520	568	513	234	616	594	608	569	589	637	623	636	598	421	571	435	21	17	25	4	8	2
9:37:15	19	9	0	9	13	0	0	0	9	41	0	25	0	7	0	6	6	24	38	3	7	37	0	0	0	8	8	0	0	16	20	0	13	9	37	17	25	9	24	18	10	0	0	0	4	21	32	0	729	648	428	640	663	648	636	577	574	565	584	593	634	642	588	681	652	655	655	532	651	642	652	383	646	681	547	597	538	215	606	602	611	527	607	640	600	610	633	409	619	457	21	10	0	34	14	24
9:47:15	17	15	0	44	0	16	0	15	5	20	22	8	0	0	25	23	0	33	24	0	9	14	3	19	5	41	31	0	17	0	7	23	19	30	13	0	11	16	0	1	13	0	18	14	2	0	0	8	705	686	457	643	669	659	628	634	607	602	569	581	624	643	625	692	632	645	662	533	648	649	613	386	687	661	541	616	563	234	622	630	580	570	583	584	644	619	629	406	661	460	1	26	11	23	5	10
9:57:15	19	16	25	5	15	36	18	0	9	6	8	14	10	28	5	14	20	7	19	6	0	12	14	5	0	2	0	6	22	0	0	0	38	23	0	8	0	15	33	37	10	0	33	26	43	46	0	3	688	691	459	632	647	634	642	594	607	625	582	604	638	636	609	670	640	638	664	566	603	616	636	398	680	690	563	611	567	250	637	601	632	555	564	652	612	615	649	415	668	445	8	31	0	0	25	30
10:07:15	0	12	0	0	2	19	12	0	11	9	22	11	0	3	28	26	12	16	0	0	0	0	11	20	8	6	0	15	0	12	0	0	29	16	6	0	10	0	26	4	5	40	19	0	0	11	0	0	692	720	482	666	658	654	666	646	610	630	584	583	620	643	618	653	660	656	672	551	670	632	644	412	674	658	510	612	570	236	662	619	619	555	591	659	614	636	669	454	644	469	12	7	0	0	0	2
10:17:15	5	12	29	0	0	0	33	0	17	0	0	0	0	0	0	0	7	13	15	6	19	23	13	0	22	18	0	0	17	0	10	10	15	26	41	36	24	16	8	16	16	9	14	0	14	18	2	16	699	699	499	645	644	641	626	561	582	624	574	597	649	666	671	680	659	606	662	540	601	647	622	394	650	717	543	603	602	231	628	573	637	573	557	641	606	597	675	402	608	461	0	0	9	18	5	24
10:27:15	12	7	19	0	14	0	2	2	12	0	11	30	9	27	5	11	0	0	6	14	1	7	6	0	3	0	0	0	30	7	15	17	9	15	0	0	5	9	0	0	2	0	14	13	0	0	0	0	691	739	520	669	653	643	645	596	572	636	594	593	586	646	635	663	670	628	691	528	640	619	633	445	680	682	538	605	602	210	647	621	594	591	613	601	592	608	648	414	593	444	1	9	14	0	0	5
10:37:15	18	18	26	0	10	41	9	21	0	19	0	6	35	32	39	0	1	5	27	21	31	4	0	0	4	5	3	0	29	25	13	4	19	6	16	0	17	0	34	12	14	4	6	13	15	10	45	5	659	678	508	662	642	640	674	609	606	644	604	584	600	632	654	670	658	630	696	532	630	645	621	459	656	702	545	635	614	244	642	642	603	565	570	614	604	617	699	401	609	475	28	10	0	35	3	0
10:47:15	1	0	4	8	0	5	1	0	0	29	0	18	19	0	10	26	0	25	0	8	13	8	9	0	16	0	33	3	12	27	27	7	0	0	0	6	15	0	0	0	20	39	15	17	8	5	0	0	693	685	550	676	633	679	678	609	612	588	562	589	621	629	639	678	640	628	696	534	658	674	637	471	691	676	538	657	634	231	671	636	644	550	566	600	620	634	659	401	644	459	0	9	26	0	0	0
10:57:15	28	19	0	16	35	4	0	20	0	23	0	0	0	14	6	12	0	6	8	10	7	0	26	28	0	5	0	9	18	0	0	22	18	35	27	8	21	24	5	11	0	10	8	24	10	0	19	6	701	700	559	644	708	623	659	613	612	638	616	594	630	664	656	657	686	668	703	603	622	684	611	439	653	701	566	666	619	227	683	656	659	559	591	645	610	652	690	401	652	452	19	14	21	22	0	15
11:07:15	17	0	7	5	13	4	37	8	5	0	20	1	20	13	36	0	18	0	0	14	0	5	0	25	1	15	6	6	5	10	10	37	0	14	38	25	0	17	0	0	11	9	0	12	14	17	8	0	747	724	570	709	675	659	707	637	596	634	553	601	650	638	662	664	693	655	669	467	688	693	631	452	686	725	560	669	646	214	672	661	603	628	604	633	631	637	651	406	694	469	9	20	0	6	0	8
11:17:15	0	0	28	2	15	0	50	0	0	0	19	0	7	0	27	9	3	0	0	0	7	0	30	13	32	0	18	7	2	3	0	14	26	10	6	0	28	0	15	13	26	0	8	31	29	6	8	0	703	705	584	713	667	649	716	639	624	604	594	604	618	631	667	691	707	700	716	542	647	677	646	464	697	741	544	682	686	224	630	652	623	571	602	637	635	657	670	421	648	458	0	0	21	13	9	23
11:27:15	17	0	50	5	24	12	0	0	21	0	1	5	21	3	0	20	37	21	17	16	0	1	13	17	13	21	0	22	6	0	0	0	8	28	6	9	20	1	32	6	0	0	23	0	0	25	0	2	727	739	562	725	666	671	696	627	617	610	607	614	629	659	675	699	685	652	738	546	655	669	619	438	711	729	555	647	629	224	664	686	656	595	597	653	640	676	690	405	672	440	0	6	4	30	0	0
11:37:15	36	34	25	0	27	6	0	0	0	0	0	10	0	0	12	7	17	0	8	5	0	1	19	0	17	7	0	9	0	0	21	19	0	0	30	3	0	28	13	13	13	30	0	12	6	0	6	0	762	727	608	734	680	665	693	646	642	632	621	639	651	674	666	674	700	683	716	569	664	709	671	459	715	737	572	663	604	266	685	680	654	597	570	637	619	651	726	409	665	426	1	28	1	0	21	0
11:47:15	5	19	16	0	6	0	0	31	25	11	27	10	0	30	20	0	2	1	32	0	0	8	11	13	0	0	16	12	0	33	0	37	16	3	12	16	21	19	11	9	2	1	11	0	0	0	22	10	759	744	574	717	709	676	694	685	641	645	625	615	650	672	683	693	730	697	728	573	644	699	660	484	748	728	556	703	644	218	670	696	629	623	619	642	646	664	722	395	662	437	6	0	14	0	0	26
11:57:15	0	24	14	33	0	8	0	6	11	0	4	19	25	0	17	28	5	15	18	18	11	0	0	21	29	10	6	5	18	20	0	26	0	0	0	12	33	2	12	0	20	27	22	0	27	14	4	29	798	788	571	732	707	724	757	647	633	635	639	632	673	666	665	698	701	712	768	540	666	682	688	479	726	767	532	675	668	250	690	680	656	662	588	652	685	672	706	408	686	420	0	0	34	13	0	0
12:07:15	0	11	16	0	0	17	16	10	0	0	0	0	2	8	0	38	13	32	11	0	2	26	2	28	10	34	0	18	9	0	0	16	14	24	7	11	0	27	12	11	0	5	0	0	2	0	0	0	789	766	593	731	708	739	714	646	665	642	629	605	689	682	704	698	692	704	736	563	718	700	651	505	701	715	552	697	640	231	686	691	668	570	600	629	648	654	711	454	642	429	14	16	0	5	9	19
12:17:15	33	27	0	17	11	19	9	0	24	18	3	4	15	42	16	0	20	4	3	21	0	8	0	23	0	23	0	19	0	9	0	2	0	11	2	27	11	15	44	0	8	25	0	28	3	4	4	6	770	763	581	748	745	697	717	657	623	660	605	625	701	689	636	674	707	700	723	531	677	662	674	458	746	724	547	691	664	251	684	675	632	630	592	629	649	653	718	399	678	464	0	0	19	0	31	0
12:27:15	34	22	11	8	9	0	0	0	0	0	0	0	36	1	6	0	0	21	11	4	41	0	0	34	0	16	0	23	0	22	18	0	0	0	24	16	7	7	0	8	27	0	14	3	24	37	6	10	763	729	572	732	681	720	736	656	627	634	625	609	675	644	712	723	698	716	710	560	712	657	649	487	749	709	553	689	657	240	667	703	619	587	600	628	693	661	716	412	627	473	16	0	0	0	0	9
12:37:15	8	28	12	26	0	0	7	0	0	13	13	9	0	0	0	2	0	1	0	14	38	0	0	0	40	12	26	12	17	27	0	0	27	14	5	0	20	0	27	0	19	0	18	4	16	0	36	6	776	785	559	719	708	719	728	674	625	684	643	611	674	708	665	741	728	717	757	522	690	692	681	493	713	755	592	738	688	220	691	673	641	530	595	670	648	665	732	405	689	438	33	13	0	0	5	3
12:47:15	12	1	3	5	10	8	19	34	0	3	11	11	4	14	22	0	6	16	6	13	15	16	0	0	34	24	12	0	7	7	9	33	24	0	13	0	24	24	25	28	12	23	18	33	13	25	0	4	766	792	574	767	754	743	736	700	646	663	659	645	725	688	671	734	730	732	731	557	705	740	678	488	731	791	559	762	696	232	695	717	660	608	609	688	674	702	730	405	650	445	8	6	16	3	8	16
12:57:15	13	4	1	14	0	15	5	28	15	0	27	35	0	37	19	0	0	1	6	8	0	25	6	29	25	0	9	0	2	31	17	11	0	25	0	33	0	12	15	34	0	13	0	12	2	38	0	0	788	794	564	746	749	735	744	697	673	654	669	655	666	686	707	741	723	756	757	576	727	737	687	491	760	751	581	745	689	239	692	731	645	574	616	660	669	733	716	405	737	437	12	8	17	4	0	0
13:07:15	22	6	0	0	24	13	6	0	4	7	0	21	11	37	7	3	8	42	0	17	17	35	8	0	33	2	7	4	0	0	12	17	12	17	2	13	30	0	0	15	9	17	12	7	9	20	34	29	792	801	593	790	750	747	780	679	636	648	631	693	680	701	726	741	749	756	778	535	715	748	672	478	780	799	585	695	671	241	715	721	659	622	597	694	694	729	735	419	716	459	0	0	0	36	0	50
13:17:15	6	1	0	7	0	11	0	0	12	5	0	27	6	3	3	37	8	0	0	0	4	4	30	3	37	12	0	6	7	1	13	0	15	0	3	0	5	27	5	6	0	25	4	5	32	5	32	14	773	781	571	751	753	747	777	680	690	673	640	649	727	721	716	737	778	745	766	550	702	725	680	458	770	793	592	710	705	263	752	748	631	607	643	700	681	724	734	432	679	448	6	21	3	0	1	13
13:27:15	0	15	11	10	10	12	6	18	5	7	27	1	11	0	17	0	0	0	0	4	2	26	0	0	19	0	0	0	20	0	9	6	18	0	26	16	10	4	4	0	0	8	0	17	0	3	0	6	781	806	589	784	735	807	796	707	716	662	608	649	661	719	656	764	762	810	802	535	726	730	680	460	761	777	558	695	697	219	741	677	658	621	594	733	686	729	772	431	692	478	21	0	0	6	14	2
13:37:15	0	0	0	35	13	0	0	3	15	6	0	0	7	20	0	22	22	16	3	8	18	0	31	9	19	15	0	0	8	0	0	0	18	0	35	31	9	10	16	0	22	17	20	16	27	22	12	6	804	776	598	790	746	769	796	700	670	664	648	668	684	723	675	765	773	787	768	561	771	717	660	500	773	814	573	785	692	239	751	704	712	629	620	686	685	713	734	415	702	456	8	3	26	20	0	0
13:47:15	0	0	10	7	44	0	22	7	25	11	0	15	19	27	7	0	4	8	45	21	0	9	0	2	17	0	0	22	18	16	20	35	11	0	4	0	0	16	0	16	0	25	12	0	2	33	0	15	782	834	623	828	758	766	802	693	701	652	631	650	743	702	745	760	725	766	799	577	752	705	668	479	772	806	579	779	708	250	718	760	660	657	645	705	692	716	735	442	678	478	16	35	24	0	15	20
13:57:15	0	39	0	19	18	0	10	16	26	0	30	7	1	8	8	18	0	14	14	26	31	8	2	15	28	15	10	0	9	27	22	12	25	0	17	0	6	0	6	21	0	0	24	35	3	0	30	17	805	795	623	806	774	768	815	693	672	671	650	654	721	719	748	771	760	757	815	571	754	710	691	495	796	814	579	806	722	234	743	722	701	580	622	711	741	709	736	443	704	480	8	5	0	0	28	0
14:07:15	0	20	20	0	7	18	9	36	0	0	3	0	16	15	9	21	10	31	3	4	6	0	15	16	20	11	0	11	21	14	21	11	0	22	0	23	0	0	17	6	17	12	15	0	15	7	16	6	806	787	617	837	775	767	763	682	691	691	624	616	743	724	750	756	792	761	797	597	770	727	702	503	773	820	566	785	725	242	771	746	687	643	615	699	735	716	777	418	686	464	5	13	27	12	0	13
14:17:15	8	0	43	23	0	23	15	0	9	40	0	18	4	25	2	0	32	15	8	10	0	6	16	7	0	23	27	0	0	22	8	0	0	8	0	0	0	17	14	21	2	0	11	0	0	0	7	0	772	798	615	787	764	789	813	690	709	682	676	660	742	732	704	787	791	813	805	544	782	727	674	479	846	808	581	818	715	256	776	734	718	651	637	663	735	768	751	448	717	438	0	0	0	36	0	14
14:27:15	15	5	42	0	0	13	21	31	0	0	0	0	0	0	10	10	17	0	0	2	16	7	28	23	16	21	24	1	15	6	0	0	9	0	4	0	23	0	8	0	17	29	7	0	15	0	20	17	811	779	666	842	820	763	829	704	716	682	629	669	741	746	727	745	774	768	805	558	780	749	686	488	759	824	609	807	751	237	765	736	706	643	656	723	743	732	766	422	724	466	20	0	0	14	10	26
14:37:15	0	40	28	12	24	37	17	0	29	0	7	0	10	0	10	27	0	26	0	0	31	0	13	0	0	14	1	6	35	22	1	14	16	0	4	0	2	4	23	0	6	0	8	8	21	13	19	15	796	796	659	809	762	809	814	751	728	687	653	646	726	755	702	789	791	783	810	565	772	748	678	478	772	811	561	798	701	235	823	726	678	652	652	676	763	744	787	463	708	463	1	1	0	4	1	0
14:47:15	35	1	20	18	0	0	11	35	8	0	11	11	5	0	18	4	12	7	0	6	2	0	1	9	8	24	27	22	52	12	11	11	0	0	12	17	4	19	0	7	21	14	15	6	14	0	40	15	777	792	681	819	771	777	803	686	697	676	656	669	717	739	707	762	765	763	824	567	793	729	680	499	788	839	567	842	728	239	801	728	707	606	613	699	758	736	761	427	708	466	20	0	19	22	22	0
14:57:15	2	2	0	0	22	17	0	3	10	8	0	26	0	0	4	2	3	0	0	34	54	3	5	0	19	0	23	7	12	15	10	8	0	21	0	0	13	28	0	19	11	16	20	0	20	0	2	0	795	801	671	821	794	799	824	707	710	687	663	647	755	744	736	817	807	790	804	589	778	751	668	520	797	816	554	823	734	226	759	741	710	688	629	702	763	735	786	435	709	444	13	5	0	7	10	9
15:07:15	12	8	14	16	1	6	3	4	8	14	19	0	0	1	0	14	22	17	23	18	0	14	13	0	22	0	0	16	2	14	3	17	26	11	16	27	0	8	0	0	0	44	16	1	14	5	0	17	807	812	718	801	834	828	799	722	733	732	678	656	740	720	774	766	797	785	808	562	798	774	698	499	826	847	596	843	773	230	796	746	672	616	653	714	739	785	746	402	734	458	3	28	16	0	7	6
15:17:15	0	8	0	0	4	5	24	24	13	0	21	0	6	10	0	0	32	27	2	10	31	31	0	0	27	27	24	20	17	8	0	0	15	24	0	9	5	17	3	1	0	22	30	2	0	42	21	1	792	818	669	816	802	772	790	720	717	672	674	617	749	717	715	780	758	798	812	561	744	712	681	466	806	833	564	860	741	240	776	710	703	669	616	656	757	739	740	432	698	474	35	0	0	22	18	0
15:27:15	23	17	44	8	20	4	0	17	2	5	6	0	0	5	0	22	0	7	0	5	38	0	12	0	0	0	16	0	3	0	11	13	18	0	3	19	17	0	7	1	0	0	10	21	19	0	17	12	841	788	678	847	808	811	824	733	742	656	680	662	758	741	783	780	804	801	826	553	783	746	656	489	811	838	526	831	769	259	765	775	709	667	637	694	771	739	777	432	699	474	0	0	10	7	22	5
15:37:15	27	0	22	2	36	6	11	9	0	29	0	0	0	4	13	28	19	0	0	15	27	4	9	0	6	11	16	0	9	0	17	13	0	14	7	0	0	29	10	56	39	0	24	5	0	20	17	15	815	788	689	853	808	787	827	698	735	701	711	650	757	752	742	814	803	784	842	599	808	736	693	496	796	856	564	843	763	242	775	783	709	662	684	724	721	749	796	416	736	471	21	16	4	0	0	20
15:47:15	0	33	0	25	0	0	34	11	33	44	0	2	0	0	11	0	0	12	5	20	0	0	0	0	0	26	31	0	0	19	9	28	26	8	7	13	4	0	0	20	5	4	0	15	0	0	15	12	778	805	684	826	838	802	864	705	735	745	712	660	764	749	728	774	814	777	840	579	777	732	709	494	790	872	546	846	781	235	801	750	699	645	646	728	778	769	768	429	706	464	20	2	0	8	2	24
15:57:15	3	13	0	0	9	0	12	0	22	6	0	10	0	11	23	0	10	0	6	0	0	0	11	14	6	20	0	0	0	0	11	12	19	16	2	9	19	8	7	19	0	6	8	0	0	7	0	0	800	828	670	812	847	772	835	702	742	684	665	655	764	789	770	786	792	795	782	582	769	777	645	513	810	856	568	840	790	258	803	751	687	671	642	701	741	761	810	438	752	459	0	1	0	8	16	10
16:07:15	10	0	23	2	6	11	4	9	43	23	11	0	35	0	23	10	6	0	27	2	0	20	12	1	23	12	19	27	17	2	13	8	15	24	28	3	11	1	0	16	0	30	25	22	0	0	11	0	786	791	679	795	803	772	833	706	726	702	687	647	738	770	761	802	818	778	842	565	807	765	678	524	843	839	570	890	757	256	838	772	675	688	650	694	734	759	784	449	772	444	0	27	17	43	0	0
16:17:15	19	28	25	1	13	13	0	24	18	23	18	26	5	2	29	0	25	10	0	0	50	3	9	0	0	1	50	8	15	0	0	7	21	0	0	10	7	8	17	19	0	11	9	0	7	0	14	8	802	827	674	837	837	820	863	735	766	702	680	669	776	784	752	809	840	784	828	550	792	783	660	502	831	890	541	854	801	236	782	773	744	628	648	722	784	745	777	418	764	464	0	0	0	11	0	0
16:27:15	0	0	0	3	20	7	0	0	46	8	15	7	25	0	16	26	15	15	1	20	20	6	0	0	21	12	7	0	0	8	7	16	0	11	1	2	13	0	8	10	27	3	19	0	25	0	17	12	799	822	710	839	820	761	838	727	771	673	693	667	781	757	749	764	809	795	775	556	775	776	695	501	814	879	558	871	793	244	815	773	690	637	681	700	752	784	782	438	751	482	16	0	7	67	23	20
16:37:15	12	16	0	0	12	25	10	7	0	0	11	0	8	0	19	5	0	17	1	38	16	9	10	0	47	0	0	7	0	0	0	0	20	18	17	17	0	8	23	0	9	1	2	0	16	2	0	0	837	806	703	847	812	807	847	742	757	667	707	661	742	757	752	830	817	765	825	561	776	713	677	495	848	856	542	839	813	239	800	775	686	568	645	726	764	760	783	451	789	452	7	0	10	27	8	0
16:47:15	0	7	25	1	3	0	24	8	25	28	0	0	0	5	36	24	10	11	30	0	0	1	0	5	12	6	16	6	0	0	0	35	0	17	27	0	18	41	0	0	14	0	8	0	16	13	19	27	808	823	706	846	806	767	821	683	766	713	689	685	719	738	734	801	792	783	802	558	802	722	656	475	815	819	587	837	824	263	755	754	719	620	640	712	782	804	776	439	770	456	9	0	0	3	4	0
16:57:15	3	7	6	6	7	33	0	19	0	9	20	20	0	17	0	8	0	10	26	3	11	0	51	25	26	40	1	1	0	0	23	0	0	18	0	19	18	2	4	6	6	41	4	1	17	13	14	0	823	826	730	832	812	786	831	741	733	685	678	652	773	748	730	771	768	823	822	595	755	745	662	491	800	864	561	864	795	232	767	754	679	581	627	681	791	794	781	459	745	471	10	26	17	9	13	0
17:07:15	22	17	13	12	33	7	5	10	15	17	21	0	22	10	0	0	0	0	25	3	23	13	11	14	4	0	0	8	0	18	0	32	9	0	2	0	7	37	12	32	13	43	26	5	0	0	0	7	796	819	730	834	800	754	846	755	751	678	699	651	740	748	754	800	796	772	835	575	787	771	675	502	801	838	544	871	783	197	783	776	719	657	651	677	784	788	807	417	820	457	17	17	21	7	0	0
17:17:15	0	0	0	4	9	7	8	17	7	10	12	0	3	0	13	32	1	27	0	0	0	0	26	20	11	9	0	12	22	0	0	0	15	1	24	0	26	35	5	15	0	0	0	1	10	22	24	26	785	826	736	802	793	792	838	755	734	677	683	667	754	752	733	754	806	793	828	571	777	769	649	508	787	865	553	859	826	234	783	782	695	584	674	698	793	774	814	437	792	465	27	4	26	0	2	0
17:27:15	41	37	33	13	0	0	2	14	23	20	1	0	23	0	10	11	13	0	7	13	55	17	1	0	2	1	0	30	39	0	43	6	8	7	20	6	12	0	21	0	3	6	20	12	6	10	35	0	792	856	733	832	767	787	821	773	727	690	646	650	748	735	697	778	784	779	825	573	829	732	704	464	793	836	558	881	789	233	808	752	702	580	679	705	774	761	793	451	762	484	1	42	10	15	9	12
17:37:15	0	20	7	0	26	6	23	20	1	26	0	9	12	24	0	0	32	0	0	11	0	23	17	0	0	25	34	20	10	24	7	26	18	4	16	0	6	0	0	0	0	19	11	10	45	37	27	0	819	830	731	848	842	760	908	789	776	729	710	640	741	729	731	779	822	773	855	592	808	726	678	509	854	850	561	888	795	221	844	763	712	619	693	706	778	772	771	413	738	446	0	3	0	19	15	27
17:47:15	0	6	7	3	9	18	17	15	14	0	21	23	24	0	38	16	10	14	7	7	10	30	30	0	0	11	0	0	1	16	10	24	2	0	0	29	13	8	0	32	0	3	9	39	0	0	16	0	825	817	719	816	814	762	855	745	754	668	702	651	727	743	745	794	800	779	827	601	829	712	679	476	816	858	536	919	823	220	850	770	712	588	665	689	798	787	794	420	748	502	19	22	0	0	6	0
17:57:15	0	22	0	11	0	0	11	1	13	32	0	0	0	0	0	25	0	0	1	26	34	0	0	27	0	10	0	0	29	0	27	17	0	9	27	12	2	6	10	4	0	20	19	9	16	0	18	0	814	805	744	848	816	772	873	751	763	681	687	636	760	769	759	825	759	802	847	566	808	721	635	475	824	855	532	899	833	249	821	822	712	623	654	672	804	754	797	417	754	473	20	16	0	0	8	4
18:07:15	0	25	8	0	19	15	15	0	0	7	26	8	0	19	27	0	2	16	7	20	32	19	31	0	7	9	0	3	0	0	3	21	9	20	26	8	14	10	0	0	5	33	0	15	21	33	12	21	786	819	737	846	778	788	834	729	736	688	684	637	724	709	709	798	797	772	857	614	807	714	622	450	812	881	579	890	798	210	787	788	685	635	625	715	805	750	799	437	730	469	0	11	9	5	0	0
18:17:15	7	19	0	0	6	9	9	3	18	8	17	3	3	0	20	0	0	9	0	24	6	11	0	7	19	0	0	36	12	7	0	9	33	0	30	8	0	17	11	7	2	30	24	9	21	14	3	12	809	836	722	859	800	796	850	755	735	699	712	657	748	782	721	787	768	794	855	576	828	711	641	499	858	845	564	891	821	230	851	824	733	677	649	710	811	816	796	440	767	453	0	26	1	41	0	14
18:27:15	18	12	26	7	20	10	0	0	26	20	0	24	0	0	0	0	3	12	0	19	13	0	0	22	6	26	0	40	0	0	10	0	13	0	0	6	4	12	40	25	11	14	5	24	0	59	4	8	804	799	719	818	792	826	872	728	739	672	687	634	728	768	715	806	805	771	831	576	799	729	650	461	839	869	591	854	794	229	833	793	730	647	668	744	779	770	803	410	754	486	4	0	15	0	2	21
18:37:15	23	11	15	0	0	0	0	0	8	26	18	8	0	18	0	0	33	12	8	21	25	18	6	0	12	13	0	0	10	5	24	14	0	0	5	7	25	0	7	0	0	11	32	24	0	23	0	8	799	817	750	871	826	785	825	754	772	699	709	638	725	768	752	815	809	812	831	601	818	701	642	491	808	865	572	868	830	225	820	795	711	572	653	758	783	792	831	449	797	529	0	0	6	46	0	15
18:47:15	0	0	2	0	0	35	10	0	15	0	45	16	24	0	14	19	18	6	34	0	0	30	33	0	16	10	14	38	7	7	14	0	0	0	20	31	14	25	0	5	13	0	18	0	0	25	6	8	817	800	728	829	812	763	857	742	726	665	673	656	731	736	740	819	792	806	818	577	816	702	672	473	790	833	566	887	781	218	806	811	678	619	637	731	773	768	801	467	782	497	30	0	2	10	0	6
18:57:15	12	17	17	9	0	8	8	20	17	27	6	0	11	0	17	13	10	5	12	0	9	0	0	29	8	22	3	12	11	32	3	6	0	4	11	27	1	0	8	14	17	8	0	3	0	15	0	37	785	803	752	815	793	790	855	753	760	697	713	613	747	778	756	774	788	782	830	572	814	686	609	474	827	915	541	881	849	219	842	810	711	670	618	731	792	804	849	464	768	480	33	4	6	13	0	6
19:07:15	16	7	9	19	24	10	0	1	21	16	37	17	8	0	0	2	5	0	26	0	19	17	0	26	10	0	0	0	25	0	5	15	0	23	3	0	46	2	0	22	15	5	0	20	0	13	6	0	787	790	771	829	825	804	865	769	741	680	710	659	725	737	744	817	785	750	829	604	811	696	681	505	846	873	574	896	803	228	796	789	682	647	632	720	784	780	833	455	743	467	0	11	17	45	0	0
19:17:15	16	3	6	24	1	0	9	3	27	6	20	5	25	16	9	32	0	31	13	3	10	13	0	32	2	29	19	34	18	4	6	3	4	16	19	27	9	23	11	7	0	31	0	0	23	0	0	0	798	802	756	824	808	782	883	754	731	649	694	608	743	725	722	771	813	787	854	584	815	677	621	477	812	868	516	924	815	235	823	825	707	637	636	721	790	784	818	434	717	460	8	0	7	23	34	0
19:27:15	9	28	0	0	35	5	19	11	0	2	24	12	24	11	4	17	12	4	8	0	17	0	2	0	17	25	13	2	18	0	19	15	0	0	10	0	10	40	11	12	1	0	5	0	7	3	0	0	780	806	730	845	792	777	873	748	761	631	685	615	753	777	720	793	809	796	870	624	785	668	651	488	836	900	574	911	793	231	820	798	690	659	630	708	801	758	852	413	754	473	14	0	17	45	2	0
19:37:15	22	27	0	2	12	0	20	21	1	15	32	3	14	0	0	0	0	38	5	0	11	5	0	0	0	25	0	0	2	0	18	6	12	1	0	0	7	0	9	15	24	13	6	4	0	17	0	33	767	780	764	842	833	774	890	766	756	631	694	616	733	749	686	832	809	831	821	616	812	673	638	505	811	885	526	923	814	207	786	815	722	605	650	728	776	752	827	428	780	455	26	4	0	29	0	0
19:47:15	0	3	14	25	3	0	15	0	0	16	14	19	23	12	0	0	15	15	10	27	17	11	0	33	31	8	7	16	8	16	0	13	26	17	20	10	22	14	0	12	0	9	0	0	17	0	24	12	756	735	770	815	802	797	835	747	757	612	679	573	721	761	695	795	775	775	859	579	806	659	602	496	844	840	544	882	815	246	817	785	698	652	625	698	784	753	790	432	791	459	0	6	14	28	14	4
19:57:15	25	12	24	18	0	0	38	20	8	29	25	23	37	13	36	30	0	3	0	0	25	8	17	31	0	0	11	27	2	2	0	25	0	21	27	0	0	33	0	0	7	36	14	0	16	0	0	9	720	772	790	804	810	782	849	734	768	639	680	576	711	743	727	781	812	766	821	583	791	616	622	473	795	857	512	858	815	257	809	809	705	519	632	672	779	730	794	394	778	489	22	34	21	17	0	12
20:07:15	22	18	11	0	1	18	0	34	0	14	0	5	15	8	12	7	0	13	6	0	11	23	5	0	0	15	33	30	27	1	8	0	10	34	0	6	0	0	31	0	0	0	27	0	0	11	0	0	726	737	744	832	790	776	849	733	754	663	672	564	698	749	722	769	798	770	849	590	835	620	583	486	807	833	535	895	807	220	848	758	703	617	633	681	772	800	856	425	783	504	0	1	24	6	14	0
20:17:15	0	0	0	13	32	8	14	0	22	6	0	0	0	9	12	8	21	0	0	0	11	21	0	28	2	0	0	0	14	11	23	5	0	3	3	18	5	3	16	28	8	5	21	11	21	0	10	39	702	739	733	806	796	764	858	757	725	633	649	554	707	759	720	762	789	760	811	572	784	595	530	468	799	868	492	905	802	238	818	739	664	631	602	676	761	737	768	430	726	476	16	6	8	6	0	0
20:27:15	8	3	29	12	4	6	0	9	20	0	19	2	32	0	0	0	8	0	0	13	16	8	6	4	2	9	0	7	18	0	0	13	12	1	9	0	6	0	0	19	15	14	0	18	12	7	0	8	692	724	741	785	777	714	841	735	683	610	651	562	710	701	678	786	760	751	791	609	764	563	522	487	810	847	527	912	826	248	796	732	676	603	628	658	764	755	793	421	657	492	0	7	17	18	5	0
20:37:15	26	9	0	0	52	1	20	4	0	0	18	4	18	0	17	19	0	26	0	0	8	0	0	4	8	2	9	32	26	11	0	25	0	32	7	11	11	4	7	0	0	2	0	23	37	0	37	1	621	716	765	819	776	776	870	716	701	616	641	542	703	683	681	772	736	750	792	547	755	538	558	475	777	855	500	887	835	226	785	731	653	555	609	673	764	753	776	457	647	464	3	1	21	15	5	0
20:47:15	27	11	15	3	1	15	17	42	0	0	0	25	0	37	15	27	0	0	0	35	8	10	22	18	16	1	16	17	0	29	17	0	0	8	20	0	9	0	24	0	4	6	33	0	15	20	20	13	649	691	753	765	762	723	837	703	698	606	607	527	683	757	668	763	752	761	769	577	751	563	472	449	772	837	494	906	753	254	791	723	641	485	571	667	762	730	801	438	632	468	29	13	8	4	0	5
20:57:15	0	38	0	21	0	0	0	10	0	40	29	3	1	0	0	18	18	14	27	0	0	0	2	18	0	0	20	12	0	0	0	10	1	13	19	0	34	17	23	4	0	13	0	37	1	16	0	5	652	640	751	777	714	688	815	707	676	554	585	501	652	684	642	736	717	738	772	511	699	475	475	458	779	844	449	891	798	261	772	702	624	536	527	673	772	683	784	409	660	468	6	11	0	0	14	3
21:07:15	16	27	2	4	0	25	0	1	0	30	15	19	8	0	20	15	0	0	0	31	25	5	27	16	10	0	2	25	4	6	5	18	36	25	26	0	37	28	0	19	33	0	0	0	23	8	0	7	603	649	740	759	708	726	767	661	637	504	557	517	620	671	650	735	730	688	727	556	701	457	472	463	750	811	500	877	831	250	785	691	587	528	487	617	761	708	761	391	608	466	21	5	23	10	3	9
21:17:15	0	10	30	0	11	0	9	8	0	35	3	0	41	27	2	15	41	5	4	8	12	30	5	0	28	0	8	15	0	0	1	22	3	7	29	13	29	0	37	27	18	7	1	15	14	0	16	0	612	655	745	727	735	655	811	649	660	482	483	464	655	676	619	728	668	678	701	554	655	424	449	465	738	788	473	874	813	232	798	737	590	487	509	615	730	719	715	408	578	464	0	0	35	17	9	0
21:27:15	0	0	32	11	13	17	0	0	36	24	9	0	0	0	0	25	0	27	0	21	15	6	0	27	4	0	1	6	0	0	7	0	27	17	20	23	3	0	13	0	0	7	0	32	27	21	0	12	566	637	757	719	685	665	745	604	636	481	468	427	610	665	574	648	694	668	704	548	669	413	414	457	758	752	453	861	772	251	728	701	523	501	454	541	712	661	727	432	570	481	6	23	24	28	0	18
21:37:15	27	27	0	0	0	0	0	32	18	0	0	0	26	0	20	24	0	13	40	3	16	23	21	12	0	12	18	9	34	0	10	0	14	0	14	6	13	28	0	7	2	0	1	18	7	9	0	8	580	634	745	707	644	654	725	624	644	484	511	471	555	690	554	657	657	671	688	444	640	447	409	479	736	782	439	879	768	219	724	675	528	489	451	536	691	692	739	414	565	439	0	5	12	24	0	5
0:00:00																																																																																																
0:00:00																																																																																																
0:00:00																																																																																																
0:00:00																																																																																																
0:00:00																																																																																																
0:00:00																																																																																																
0:00:00																																																																																																
0:00:00																																																																																																
0:00:00																																																																																																
0:00:00																																																																																																
0:00:00																																																																																																
0:00:00																																																																																																
0:00:00																																																																																																
0:00:00																																																																																																
0:00:00																																																																																																
0:00:00																																																																																																
0:00:00																																																																																																
0:00:00																																																																																																
0:00:00																																																																																																
0:00:00																																																																																																
0:00:00																																																																																																
0:00:00																																																																																																
0:00:00																																																																																																
0:00:00																																																																																																

