600

Kinetic read	A1	A2	A3	A4	A5	A6	A7	A8	A9	A10	A11	A12	B1	B2	B3	B4	B5	B6	B7	B8	B9	B10	B11	B12	C1	C2	C3	C4	C5	C6	C7	C8	C9	C10	C11	C12	D1	D2	D3	D4	D5	D6	D7	D8	D9	D10	D11	D12	E1	E2	E3	E4	E5	E6	E7	E8	E9	E10	E11	E12	F1	F2	F3	F4	F5	F6	F7	F8	F9	F10	F11	F12	G1	G2	G3	G4	G5	G6	G7	G8	G9	G10	G11	G12	H1	H2	H3	H4	H5	H6	H7	H8	H9	H10	H11	H12
0:06:43	0.127	0.142	0.146	0.122	0.124	0.122	0.115	0.120	0.128	0.155	0.181	0.152	0.129	0.129	0.132	0.122	0.121	0.127	0.116	0.126	0.130	0.140	0.148	0.102	0.118	0.121	0.128	0.116	0.115	0.112	0.129	0.125	0.128	0.123	0.126	0.125	0.116	0.127	0.121	0.121	0.123	0.133	0.096	0.093	0.100	0.101	0.098	0.102	0.140	0.135	0.113	0.125	0.128	0.125	0.118	0.125	0.121	0.136	0.130	0.130	0.134	0.129	0.136	0.125	0.127	0.127	0.127	0.127	0.130	0.146	0.146	0.111	0.123	0.122	0.125	0.114	0.111	0.115	0.123	0.124	0.119	0.128	0.127	0.125	0.122	0.124	0.123	0.126	0.125	0.122	0.093	0.087	0.093	0.103	0.086	0.102
0:16:43	0.128	0.143	0.147	0.122	0.125	0.122	0.115	0.123	0.127	0.147	0.152	0.143	0.127	0.125	0.133	0.123	0.123	0.123	0.117	0.128	0.129	0.138	0.147	0.102	0.120	0.120	0.127	0.116	0.116	0.113	0.129	0.125	0.129	0.124	0.127	0.126	0.118	0.128	0.122	0.123	0.122	0.131	0.096	0.093	0.101	0.102	0.098	0.102	0.141	0.135	0.114	0.125	0.128	0.127	0.119	0.126	0.122	0.137	0.134	0.134	0.133	0.130	0.138	0.127	0.128	0.131	0.127	0.129	0.133	0.150	0.148	0.112	0.123	0.124	0.129	0.114	0.111	0.116	0.125	0.125	0.122	0.129	0.128	0.126	0.122	0.125	0.126	0.130	0.125	0.123	0.092	0.088	0.093	0.107	0.087	0.102
0:26:43	0.131	0.143	0.147	0.123	0.125	0.123	0.115	0.124	0.128	0.143	0.149	0.143	0.130	0.128	0.133	0.123	0.123	0.124	0.128	0.133	0.130	0.139	0.150	0.102	0.121	0.121	0.132	0.117	0.117	0.110	0.132	0.124	0.130	0.124	0.129	0.128	0.118	0.129	0.123	0.123	0.122	0.129	0.096	0.093	0.100	0.101	0.098	0.102	0.143	0.138	0.113	0.126	0.131	0.128	0.120	0.128	0.123	0.140	0.134	0.138	0.134	0.131	0.142	0.128	0.129	0.134	0.130	0.144	0.132	0.153	0.150	0.111	0.125	0.124	0.137	0.114	0.111	0.118	0.129	0.128	0.123	0.132	0.130	0.128	0.124	0.126	0.126	0.138	0.128	0.126	0.092	0.088	0.093	0.107	0.090	0.102
0:36:43	0.153	0.151	0.149	0.124	0.126	0.124	0.115	0.126	0.127	0.142	0.147	0.137	0.163	0.133	0.134	0.124	0.124	0.125	0.126	0.132	0.129	0.150	0.157	0.102	0.127	0.122	0.137	0.116	0.117	0.111	0.128	0.125	0.131	0.127	0.128	0.129	0.120	0.133	0.123	0.126	0.124	0.131	0.096	0.093	0.100	0.101	0.098	0.101	0.146	0.142	0.114	0.127	0.131	0.130	0.121	0.130	0.124	0.139	0.137	0.137	0.137	0.131	0.139	0.130	0.131	0.138	0.131	0.130	0.136	0.155	0.153	0.112	0.127	0.125	0.127	0.114	0.112	0.119	0.126	0.128	0.125	0.134	0.132	0.129	0.126	0.126	0.128	0.140	0.128	0.128	0.092	0.087	0.093	0.107	0.092	0.102
0:46:43	0.154	0.165	0.154	0.124	0.127	0.126	0.117	0.128	0.128	0.141	0.148	0.137	0.155	0.156	0.137	0.126	0.134	0.126	0.122	0.135	0.133	0.150	0.181	0.103	0.124	0.134	0.148	0.115	0.117	0.114	0.129	0.135	0.131	0.127	0.129	0.132	0.127	0.135	0.126	0.127	0.126	0.138	0.096	0.093	0.100	0.101	0.098	0.101	0.150	0.148	0.116	0.128	0.134	0.132	0.122	0.131	0.126	0.142	0.139	0.138	0.139	0.132	0.143	0.133	0.133	0.139	0.133	0.132	0.137	0.157	0.156	0.112	0.129	0.128	0.129	0.116	0.116	0.120	0.128	0.130	0.127	0.136	0.134	0.131	0.128	0.128	0.132	0.135	0.128	0.130	0.092	0.087	0.093	0.107	0.094	0.102
0:56:43	0.166	0.192	0.194	0.126	0.129	0.126	0.126	0.141	0.130	0.140	0.148	0.139	0.142	0.141	0.156	0.127	0.140	0.131	0.124	0.136	0.167	0.173	0.177	0.103	0.127	0.138	0.152	0.114	0.119	0.115	0.132	0.131	0.132	0.128	0.131	0.133	0.126	0.136	0.137	0.129	0.129	0.139	0.096	0.093	0.100	0.101	0.098	0.101	0.154	0.153	0.118	0.133	0.138	0.137	0.125	0.133	0.129	0.144	0.140	0.138	0.142	0.141	0.146	0.136	0.136	0.140	0.136	0.137	0.138	0.158	0.160	0.114	0.132	0.131	0.134	0.117	0.116	0.120	0.131	0.132	0.128	0.138	0.135	0.132	0.129	0.129	0.134	0.131	0.131	0.131	0.092	0.088	0.094	0.107	0.095	0.102
1:06:43	0.158	0.188	0.203	0.126	0.147	0.139	0.125	0.132	0.134	0.140	0.151	0.140	0.158	0.154	0.175	0.136	0.145	0.132	0.131	0.133	0.162	0.155	0.173	0.103	0.132	0.148	0.150	0.115	0.121	0.119	0.136	0.139	0.143	0.133	0.135	0.134	0.129	0.138	0.136	0.136	0.149	0.146	0.096	0.093	0.100	0.101	0.098	0.101	0.161	0.158	0.116	0.139	0.147	0.140	0.128	0.137	0.132	0.147	0.143	0.142	0.142	0.142	0.149	0.139	0.139	0.143	0.139	0.139	0.141	0.164	0.163	0.114	0.146	0.135	0.136	0.119	0.116	0.119	0.132	0.135	0.130	0.139	0.138	0.135	0.133	0.131	0.138	0.136	0.136	0.134	0.092	0.087	0.094	0.107	0.096	0.101
1:16:43	0.172	0.191	0.193	0.136	0.183	0.169	0.133	0.145	0.167	0.140	0.153	0.144	0.138	0.152	0.178	0.156	0.146	0.142	0.129	0.139	0.164	0.159	0.188	0.104	0.136	0.137	0.154	0.117	0.123	0.121	0.142	0.142	0.141	0.149	0.136	0.138	0.131	0.143	0.162	0.137	0.144	0.150	0.096	0.093	0.100	0.101	0.098	0.101	0.163	0.160	0.119	0.144	0.149	0.143	0.132	0.138	0.135	0.150	0.149	0.144	0.149	0.149	0.149	0.142	0.144	0.146	0.144	0.143	0.143	0.172	0.170	0.115	0.144	0.138	0.151	0.120	0.117	0.122	0.137	0.138	0.133	0.142	0.141	0.137	0.136	0.135	0.140	0.136	0.139	0.138	0.092	0.088	0.093	0.107	0.096	0.101
1:26:43	0.159	0.194	0.196	0.175	0.183	0.179	0.141	0.161	0.163	0.141	0.153	0.144	0.148	0.155	0.173	0.163	0.145	0.155	0.131	0.143	0.160	0.163	0.179	0.104	0.134	0.140	0.154	0.127	0.121	0.124	0.136	0.138	0.141	0.142	0.139	0.140	0.135	0.153	0.175	0.149	0.148	0.152	0.095	0.093	0.099	0.100	0.097	0.100	0.168	0.159	0.118	0.147	0.147	0.146	0.133	0.141	0.139	0.154	0.151	0.149	0.153	0.145	0.149	0.147	0.146	0.149	0.146	0.144	0.146	0.176	0.172	0.117	0.147	0.141	0.154	0.123	0.118	0.127	0.138	0.140	0.133	0.143	0.144	0.139	0.140	0.138	0.140	0.139	0.150	0.142	0.092	0.087	0.095	0.107	0.096	0.101
1:36:43	0.171	0.191	0.206	0.179	0.178	0.178	0.132	0.155	0.152	0.144	0.158	0.149	0.140	0.153	0.171	0.174	0.163	0.161	0.137	0.147	0.162	0.170	0.182	0.104	0.136	0.150	0.156	0.129	0.123	0.124	0.141	0.149	0.145	0.142	0.141	0.141	0.143	0.160	0.180	0.153	0.161	0.163	0.096	0.093	0.099	0.101	0.098	0.101	0.177	0.166	0.123	0.154	0.153	0.153	0.138	0.146	0.142	0.160	0.155	0.154	0.152	0.148	0.154	0.151	0.152	0.153	0.150	0.147	0.151	0.181	0.184	0.118	0.145	0.145	0.145	0.125	0.120	0.134	0.141	0.144	0.136	0.146	0.146	0.143	0.143	0.141	0.147	0.142	0.144	0.146	0.092	0.088	0.098	0.107	0.097	0.101
1:46:43	0.174	0.199	0.207	0.175	0.156	0.181	0.140	0.166	0.148	0.146	0.160	0.152	0.144	0.156	0.171	0.173	0.155	0.166	0.141	0.152	0.163	0.176	0.186	0.105	0.146	0.150	0.155	0.131	0.127	0.129	0.140	0.146	0.149	0.142	0.148	0.145	0.149	0.169	0.182	0.161	0.167	0.174	0.096	0.093	0.100	0.101	0.098	0.101	0.182	0.171	0.121	0.155	0.158	0.156	0.142	0.149	0.146	0.165	0.160	0.158	0.158	0.153	0.159	0.156	0.156	0.159	0.153	0.153	0.155	0.188	0.184	0.118	0.151	0.154	0.155	0.127	0.124	0.150	0.145	0.151	0.140	0.151	0.151	0.148	0.149	0.144	0.145	0.147	0.150	0.150	0.092	0.087	0.100	0.107	0.097	0.101
1:56:43	0.190	0.215	0.228	0.172	0.174	0.186	0.139	0.158	0.152	0.150	0.167	0.158	0.149	0.158	0.178	0.167	0.161	0.168	0.146	0.156	0.167	0.184	0.193	0.105	0.159	0.156	0.157	0.138	0.140	0.134	0.145	0.157	0.153	0.144	0.155	0.151	0.160	0.168	0.182	0.162	0.173	0.177	0.096	0.093	0.099	0.101	0.098	0.101	0.191	0.179	0.128	0.161	0.162	0.161	0.145	0.155	0.149	0.168	0.165	0.159	0.172	0.157	0.162	0.162	0.162	0.163	0.159	0.156	0.160	0.196	0.191	0.120	0.155	0.158	0.152	0.131	0.128	0.169	0.150	0.154	0.144	0.156	0.154	0.151	0.152	0.149	0.149	0.151	0.153	0.155	0.092	0.087	0.100	0.107	0.097	0.101
2:06:43	0.200	0.216	0.231	0.180	0.183	0.188	0.142	0.162	0.158	0.152	0.171	0.163	0.154	0.165	0.180	0.172	0.165	0.169	0.157	0.163	0.173	0.191	0.202	0.105	0.165	0.160	0.171	0.141	0.133	0.137	0.147	0.157	0.157	0.148	0.155	0.155	0.157	0.165	0.156	0.161	0.166	0.180	0.096	0.093	0.100	0.101	0.098	0.101	0.201	0.187	0.125	0.162	0.167	0.171	0.152	0.160	0.156	0.176	0.171	0.167	0.171	0.162	0.168	0.168	0.168	0.169	0.165	0.161	0.164	0.203	0.199	0.121	0.159	0.158	0.164	0.135	0.132	0.129	0.153	0.158	0.149	0.159	0.157	0.155	0.157	0.153	0.154	0.156	0.159	0.160	0.091	0.088	0.100	0.107	0.097	0.101
2:16:43	0.219	0.214	0.218	0.187	0.199	0.193	0.147	0.162	0.163	0.158	0.175	0.167	0.158	0.171	0.180	0.172	0.172	0.173	0.159	0.167	0.180	0.200	0.210	0.105	0.173	0.165	0.168	0.137	0.141	0.142	0.150	0.161	0.164	0.153	0.160	0.160	0.157	0.169	0.161	0.162	0.169	0.181	0.095	0.093	0.099	0.100	0.098	0.100	0.209	0.196	0.127	0.169	0.172	0.175	0.156	0.164	0.160	0.182	0.174	0.172	0.173	0.168	0.173	0.173	0.173	0.174	0.169	0.166	0.170	0.214	0.205	0.122	0.165	0.166	0.168	0.138	0.136	0.130	0.159	0.161	0.154	0.165	0.162	0.161	0.161	0.158	0.159	0.159	0.163	0.166	0.092	0.087	0.100	0.107	0.097	0.101
2:26:43	0.223	0.224	0.225	0.194	0.205	0.194	0.152	0.166	0.168	0.163	0.180	0.173	0.176	0.177	0.185	0.177	0.179	0.178	0.163	0.173	0.173	0.212	0.222	0.106	0.179	0.171	0.178	0.142	0.142	0.145	0.154	0.165	0.170	0.159	0.164	0.165	0.158	0.175	0.168	0.165	0.175	0.183	0.096	0.093	0.099	0.100	0.098	0.100	0.264	0.205	0.130	0.177	0.180	0.181	0.163	0.171	0.165	0.189	0.180	0.176	0.179	0.174	0.179	0.179	0.180	0.180	0.174	0.172	0.176	0.224	0.217	0.125	0.172	0.170	0.190	0.142	0.144	0.136	0.165	0.166	0.158	0.170	0.168	0.166	0.166	0.163	0.179	0.164	0.167	0.169	0.092	0.087	0.101	0.107	0.098	0.101
2:36:43	0.215	0.235	0.236	0.201	0.201	0.191	0.161	0.187	0.174	0.168	0.187	0.180	0.207	0.184	0.191	0.181	0.188	0.185	0.167	0.179	0.183	0.221	0.234	0.106	0.182	0.176	0.180	0.139	0.142	0.146	0.157	0.176	0.174	0.163	0.170	0.170	0.163	0.180	0.174	0.170	0.184	0.185	0.096	0.092	0.099	0.100	0.097	0.100	0.235	0.215	0.133	0.184	0.187	0.187	0.169	0.178	0.170	0.194	0.187	0.184	0.186	0.182	0.187	0.188	0.188	0.188	0.184	0.181	0.183	0.234	0.229	0.127	0.179	0.180	0.194	0.145	0.144	0.137	0.170	0.172	0.165	0.177	0.174	0.173	0.172	0.171	0.168	0.169	0.174	0.175	0.091	0.087	0.100	0.107	0.098	0.101
2:46:43	0.211	0.249	0.249	0.196	0.192	0.188	0.169	0.180	0.180	0.177	0.196	0.189	0.198	0.193	0.199	0.188	0.195	0.195	0.177	0.188	0.191	0.228	0.246	0.106	0.191	0.186	0.189	0.142	0.147	0.147	0.163	0.179	0.179	0.170	0.176	0.177	0.170	0.186	0.181	0.177	0.188	0.191	0.096	0.093	0.099	0.100	0.098	0.100	0.245	0.228	0.135	0.193	0.195	0.196	0.176	0.185	0.177	0.201	0.197	0.191	0.193	0.189	0.193	0.194	0.196	0.196	0.191	0.188	0.191	0.243	0.241	0.130	0.187	0.184	0.192	0.149	0.148	0.140	0.175	0.179	0.171	0.183	0.181	0.179	0.179	0.175	0.174	0.176	0.181	0.183	0.092	0.088	0.100	0.107	0.098	0.101
2:56:43	0.222	0.260	0.261	0.191	0.195	0.199	0.177	0.185	0.187	0.185	0.203	0.197	0.206	0.199	0.204	0.193	0.204	0.204	0.185	0.198	0.199	0.241	0.261	0.107	0.185	0.193	0.199	0.146	0.150	0.153	0.170	0.182	0.188	0.176	0.182	0.184	0.176	0.195	0.203	0.185	0.196	0.198	0.096	0.093	0.099	0.100	0.097	0.100	0.254	0.240	0.137	0.203	0.204	0.204	0.183	0.192	0.186	0.208	0.204	0.201	0.199	0.196	0.200	0.203	0.202	0.204	0.199	0.196	0.197	0.260	0.252	0.133	0.194	0.193	0.195	0.153	0.152	0.143	0.183	0.185	0.178	0.191	0.188	0.188	0.186	0.184	0.186	0.182	0.190	0.191	0.092	0.087	0.101	0.107	0.098	0.101
3:06:43	0.234	0.273	0.276	0.194	0.205	0.210	0.190	0.194	0.196	0.193	0.211	0.205	0.213	0.209	0.211	0.202	0.213	0.212	0.194	0.207	0.207	0.254	0.277	0.109	0.191	0.203	0.207	0.151	0.155	0.159	0.176	0.189	0.195	0.184	0.191	0.192	0.184	0.203	0.199	0.193	0.202	0.208	0.096	0.092	0.099	0.100	0.097	0.100	0.266	0.252	0.142	0.214	0.212	0.215	0.192	0.197	0.193	0.218	0.211	0.208	0.207	0.206	0.209	0.215	0.213	0.212	0.208	0.205	0.206	0.269	0.265	0.136	0.201	0.201	0.203	0.158	0.159	0.147	0.188	0.191	0.185	0.200	0.196	0.195	0.195	0.190	0.191	0.188	0.196	0.199	0.091	0.087	0.101	0.107	0.098	0.101
3:16:43	0.247	0.288	0.289	0.202	0.215	0.217	0.190	0.204	0.203	0.202	0.223	0.213	0.202	0.219	0.221	0.211	0.222	0.223	0.203	0.216	0.218	0.265	0.289	0.118	0.200	0.213	0.215	0.154	0.161	0.163	0.183	0.197	0.203	0.192	0.200	0.200	0.193	0.211	0.209	0.201	0.212	0.217	0.095	0.093	0.099	0.100	0.097	0.100	0.278	0.263	0.145	0.221	0.223	0.226	0.200	0.206	0.201	0.228	0.223	0.217	0.215	0.215	0.217	0.225	0.224	0.223	0.217	0.212	0.215	0.284	0.277	0.139	0.211	0.212	0.212	0.163	0.161	0.151	0.196	0.198	0.193	0.209	0.205	0.204	0.202	0.198	0.198	0.197	0.206	0.207	0.091	0.088	0.101	0.107	0.098	0.101
3:26:43	0.260	0.305	0.307	0.212	0.225	0.228	0.194	0.212	0.212	0.212	0.232	0.223	0.209	0.231	0.230	0.221	0.233	0.236	0.212	0.226	0.228	0.278	0.303	0.129	0.209	0.222	0.226	0.162	0.167	0.170	0.191	0.204	0.213	0.201	0.210	0.207	0.201	0.221	0.217	0.210	0.224	0.227	0.095	0.092	0.099	0.100	0.097	0.100	0.292	0.275	0.149	0.233	0.235	0.237	0.208	0.217	0.209	0.238	0.234	0.225	0.223	0.221	0.225	0.237	0.232	0.233	0.227	0.222	0.225	0.298	0.288	0.143	0.220	0.221	0.221	0.170	0.167	0.157	0.206	0.208	0.200	0.216	0.214	0.214	0.210	0.207	0.207	0.205	0.216	0.218	0.092	0.088	0.101	0.107	0.098	0.101
3:36:43	0.276	0.326	0.325	0.222	0.237	0.238	0.202	0.223	0.222	0.221	0.244	0.235	0.218	0.240	0.240	0.232	0.244	0.249	0.222	0.237	0.239	0.296	0.315	0.144	0.218	0.234	0.237	0.166	0.174	0.176	0.199	0.214	0.223	0.209	0.219	0.217	0.209	0.232	0.227	0.219	0.233	0.237	0.095	0.092	0.099	0.100	0.097	0.100	0.310	0.290	0.153	0.243	0.243	0.245	0.217	0.227	0.219	0.249	0.245	0.235	0.233	0.230	0.234	0.248	0.245	0.244	0.239	0.236	0.237	0.313	0.305	0.146	0.232	0.229	0.232	0.178	0.173	0.160	0.214	0.217	0.206	0.224	0.225	0.223	0.220	0.216	0.216	0.214	0.226	0.228	0.092	0.086	0.100	0.107	0.098	0.101
3:46:43	0.294	0.345	0.349	0.234	0.249	0.251	0.212	0.235	0.231	0.233	0.258	0.248	0.229	0.252	0.252	0.245	0.256	0.259	0.235	0.249	0.254	0.313	0.337	0.146	0.227	0.247	0.249	0.171	0.182	0.184	0.208	0.223	0.232	0.220	0.229	0.228	0.220	0.243	0.238	0.229	0.244	0.248	0.096	0.092	0.099	0.100	0.097	0.100	0.330	0.306	0.159	0.253	0.256	0.255	0.228	0.239	0.232	0.263	0.255	0.248	0.245	0.240	0.243	0.259	0.255	0.254	0.249	0.251	0.248	0.328	0.325	0.150	0.240	0.240	0.243	0.183	0.181	0.166	0.224	0.224	0.218	0.235	0.236	0.234	0.231	0.228	0.224	0.226	0.236	0.240	0.091	0.087	0.100	0.107	0.098	0.101
3:56:43	0.309	0.366	0.368	0.243	0.265	0.265	0.222	0.245	0.241	0.244	0.269	0.261	0.239	0.263	0.266	0.257	0.272	0.275	0.248	0.264	0.271	0.334	0.356	0.146	0.239	0.260	0.260	0.179	0.189	0.192	0.218	0.234	0.240	0.230	0.241	0.241	0.231	0.256	0.248	0.238	0.257	0.262	0.095	0.092	0.099	0.100	0.097	0.100	0.352	0.321	0.164	0.265	0.266	0.269	0.240	0.249	0.243	0.271	0.267	0.259	0.257	0.254	0.256	0.269	0.267	0.264	0.260	0.256	0.259	0.347	0.345	0.155	0.257	0.252	0.255	0.192	0.186	0.172	0.235	0.236	0.227	0.246	0.246	0.246	0.244	0.238	0.238	0.236	0.246	0.252	0.091	0.089	0.100	0.107	0.098	0.101
4:06:43	0.325	0.384	0.389	0.260	0.281	0.281	0.231	0.257	0.256	0.256	0.284	0.275	0.251	0.279	0.280	0.274	0.290	0.290	0.260	0.276	0.282	0.354	0.377	0.146	0.252	0.279	0.274	0.187	0.198	0.202	0.229	0.247	0.253	0.244	0.254	0.252	0.241	0.268	0.261	0.253	0.270	0.274	0.095	0.092	0.099	0.100	0.097	0.100	0.374	0.343	0.170	0.279	0.280	0.281	0.253	0.262	0.257	0.284	0.282	0.274	0.274	0.266	0.265	0.281	0.278	0.278	0.271	0.271	0.272	0.369	0.364	0.160	0.265	0.265	0.266	0.199	0.194	0.178	0.245	0.246	0.239	0.265	0.258	0.257	0.255	0.249	0.251	0.247	0.263	0.262	0.092	0.088	0.101	0.107	0.098	0.101
4:16:43	0.342	0.406	0.408	0.273	0.298	0.297	0.242	0.272	0.271	0.268	0.298	0.291	0.265	0.292	0.295	0.288	0.305	0.307	0.277	0.290	0.298	0.373	0.398	0.147	0.266	0.291	0.291	0.194	0.207	0.212	0.241	0.260	0.267	0.255	0.264	0.264	0.252	0.279	0.272	0.266	0.282	0.286	0.096	0.093	0.099	0.100	0.097	0.100	0.394	0.359	0.176	0.293	0.291	0.294	0.267	0.271	0.268	0.303	0.292	0.288	0.290	0.279	0.280	0.294	0.292	0.290	0.283	0.299	0.288	0.387	0.381	0.165	0.281	0.280	0.280	0.208	0.204	0.184	0.254	0.259	0.251	0.269	0.269	0.271	0.263	0.263	0.262	0.258	0.275	0.273	0.092	0.085	0.101	0.107	0.099	0.101
4:26:43	0.365	0.426	0.428	0.290	0.316	0.311	0.257	0.287	0.288	0.280	0.314	0.311	0.281	0.309	0.312	0.304	0.325	0.326	0.290	0.307	0.315	0.396	0.425	0.147	0.283	0.302	0.308	0.202	0.217	0.220	0.254	0.276	0.278	0.266	0.278	0.277	0.266	0.293	0.289	0.279	0.293	0.298	0.096	0.092	0.099	0.100	0.097	0.100	0.417	0.381	0.183	0.307	0.308	0.309	0.280	0.284	0.279	0.317	0.311	0.303	0.301	0.295	0.293	0.310	0.306	0.306	0.298	0.302	0.300	0.408	0.402	0.172	0.293	0.295	0.297	0.220	0.214	0.191	0.267	0.266	0.261	0.284	0.285	0.284	0.277	0.277	0.273	0.269	0.284	0.287	0.092	0.089	0.101	0.107	0.099	0.101
4:36:43	0.391	0.445	0.449	0.304	0.333	0.330	0.271	0.302	0.304	0.283	0.326	0.330	0.297	0.327	0.331	0.319	0.341	0.342	0.307	0.323	0.331	0.417	0.450	0.147	0.297	0.322	0.325	0.210	0.227	0.232	0.264	0.286	0.291	0.277	0.293	0.292	0.280	0.310	0.306	0.293	0.310	0.315	0.095	0.092	0.099	0.100	0.097	0.100	0.438	0.399	0.190	0.323	0.323	0.327	0.294	0.297	0.293	0.338	0.330	0.322	0.318	0.314	0.309	0.325	0.322	0.321	0.312	0.321	0.318	0.427	0.419	0.178	0.313	0.315	0.310	0.230	0.223	0.200	0.278	0.281	0.275	0.300	0.300	0.300	0.293	0.292	0.289	0.284	0.301	0.303	0.091	0.091	0.100	0.107	0.099	0.101
4:46:43	0.415	0.469	0.467	0.324	0.348	0.345	0.288	0.319	0.323	0.294	0.344	0.348	0.313	0.345	0.347	0.336	0.362	0.361	0.327	0.342	0.349	0.442	0.474	0.147	0.317	0.340	0.344	0.221	0.240	0.244	0.280	0.303	0.303	0.291	0.310	0.310	0.293	0.327	0.327	0.311	0.326	0.333	0.095	0.093	0.099	0.100	0.097	0.100	0.462	0.418	0.199	0.341	0.341	0.345	0.311	0.315	0.312	0.356	0.348	0.340	0.338	0.332	0.325	0.342	0.340	0.338	0.328	0.336	0.332	0.451	0.435	0.185	0.330	0.327	0.326	0.238	0.236	0.207	0.293	0.296	0.289	0.319	0.318	0.315	0.310	0.311	0.308	0.304	0.316	0.320	0.091	0.083	0.100	0.107	0.098	0.101
4:56:43	0.436	0.500	0.494	0.339	0.366	0.363	0.308	0.338	0.346	0.307	0.364	0.366	0.327	0.362	0.368	0.352	0.377	0.378	0.343	0.361	0.367	0.468	0.499	0.147	0.334	0.352	0.364	0.229	0.250	0.255	0.294	0.317	0.322	0.307	0.329	0.330	0.311	0.345	0.347	0.324	0.340	0.351	0.095	0.092	0.099	0.100	0.097	0.100	0.489	0.437	0.207	0.356	0.358	0.365	0.329	0.332	0.330	0.373	0.365	0.358	0.358	0.351	0.341	0.361	0.359	0.356	0.346	0.357	0.350	0.479	0.457	0.194	0.345	0.345	0.341	0.250	0.245	0.216	0.312	0.316	0.306	0.334	0.337	0.334	0.329	0.331	0.327	0.320	0.332	0.337	0.092	0.086	0.101	0.107	0.098	0.101
5:06:43	0.455	0.520	0.519	0.358	0.389	0.384	0.326	0.355	0.363	0.325	0.382	0.386	0.345	0.379	0.388	0.374	0.398	0.398	0.357	0.378	0.389	0.489	0.521	0.147	0.349	0.374	0.383	0.241	0.263	0.269	0.313	0.334	0.338	0.326	0.347	0.347	0.328	0.363	0.366	0.343	0.356	0.367	0.095	0.092	0.099	0.100	0.097	0.100	0.507	0.461	0.217	0.376	0.376	0.382	0.345	0.347	0.347	0.390	0.384	0.376	0.376	0.366	0.358	0.378	0.374	0.375	0.361	0.374	0.370	0.504	0.479	0.202	0.366	0.364	0.363	0.261	0.255	0.224	0.327	0.335	0.323	0.357	0.356	0.349	0.347	0.344	0.342	0.337	0.350	0.358	0.091	0.094	0.101	0.107	0.099	0.101
5:16:43	0.487	0.547	0.547	0.379	0.411	0.413	0.343	0.374	0.383	0.343	0.407	0.408	0.363	0.400	0.406	0.395	0.415	0.422	0.382	0.400	0.416	0.513	0.548	0.147	0.371	0.394	0.408	0.254	0.278	0.282	0.331	0.352	0.354	0.343	0.363	0.364	0.347	0.381	0.386	0.361	0.377	0.386	0.096	0.092	0.099	0.100	0.097	0.100	0.530	0.484	0.226	0.396	0.398	0.406	0.362	0.364	0.361	0.405	0.402	0.394	0.393	0.385	0.377	0.400	0.399	0.396	0.382	0.393	0.383	0.527	0.512	0.211	0.383	0.386	0.382	0.272	0.267	0.234	0.343	0.350	0.340	0.372	0.372	0.366	0.364	0.365	0.361	0.354	0.367	0.374	0.091	0.091	0.101	0.107	0.098	0.101
5:26:43	0.507	0.571	0.570	0.399	0.436	0.436	0.363	0.395	0.402	0.367	0.430	0.431	0.382	0.422	0.421	0.413	0.435	0.444	0.403	0.424	0.440	0.532	0.572	0.147	0.391	0.417	0.427	0.268	0.291	0.298	0.347	0.368	0.374	0.362	0.383	0.383	0.360	0.396	0.406	0.378	0.398	0.409	0.095	0.092	0.099	0.100	0.097	0.100	0.559	0.509	0.234	0.416	0.420	0.427	0.380	0.383	0.380	0.422	0.419	0.413	0.415	0.402	0.398	0.422	0.417	0.419	0.403	0.410	0.405	0.553	0.535	0.222	0.400	0.407	0.405	0.287	0.282	0.244	0.362	0.367	0.361	0.397	0.391	0.383	0.381	0.381	0.380	0.367	0.384	0.394	0.091	0.086	0.101	0.107	0.099	0.101
5:36:43	0.521	0.601	0.598	0.422	0.458	0.459	0.382	0.414	0.425	0.384	0.452	0.457	0.403	0.441	0.439	0.439	0.457	0.469	0.426	0.448	0.466	0.562	0.599	0.147	0.408	0.441	0.445	0.281	0.309	0.314	0.368	0.387	0.395	0.380	0.404	0.402	0.379	0.415	0.429	0.396	0.421	0.430	0.096	0.092	0.099	0.100	0.097	0.100	0.584	0.539	0.248	0.438	0.443	0.449	0.400	0.400	0.395	0.438	0.440	0.433	0.437	0.423	0.418	0.444	0.444	0.442	0.425	0.429	0.425	0.584	0.565	0.227	0.424	0.427	0.426	0.303	0.292	0.256	0.377	0.381	0.378	0.408	0.406	0.405	0.398	0.399	0.399	0.383	0.403	0.414	0.092	0.087	0.101	0.107	0.099	0.101
5:46:43	0.553	0.623	0.623	0.444	0.481	0.476	0.402	0.436	0.451	0.411	0.476	0.479	0.425	0.461	0.463	0.460	0.481	0.488	0.449	0.470	0.492	0.586	0.620	0.147	0.433	0.466	0.460	0.297	0.325	0.333	0.387	0.411	0.416	0.403	0.425	0.426	0.397	0.436	0.451	0.414	0.440	0.453	0.096	0.092	0.099	0.100	0.097	0.100	0.611	0.568	0.260	0.465	0.468	0.470	0.416	0.422	0.411	0.460	0.463	0.458	0.461	0.444	0.438	0.468	0.464	0.461	0.445	0.448	0.447	0.642	0.608	0.237	0.449	0.448	0.454	0.317	0.309	0.266	0.396	0.394	0.396	0.426	0.424	0.425	0.418	0.418	0.421	0.397	0.422	0.427	0.092	0.088	0.100	0.107	0.099	0.101
5:56:43	0.577	0.645	0.645	0.466	0.509	0.497	0.418	0.459	0.472	0.452	0.499	0.498	0.446	0.484	0.482	0.485	0.504	0.511	0.469	0.494	0.510	0.610	0.643	0.147	0.452	0.488	0.484	0.311	0.342	0.349	0.405	0.435	0.439	0.427	0.450	0.450	0.419	0.457	0.473	0.434	0.466	0.476	0.095	0.092	0.099	0.100	0.097	0.099	0.629	0.593	0.275	0.486	0.489	0.498	0.435	0.446	0.436	0.486	0.485	0.481	0.477	0.464	0.460	0.491	0.487	0.485	0.468	0.477	0.471	0.692	0.651	0.250	0.472	0.471	0.482	0.333	0.321	0.279	0.416	0.416	0.415	0.449	0.443	0.448	0.447	0.439	0.446	0.419	0.444	0.445	0.091	0.088	0.100	0.107	0.099	0.101
6:06:43	0.601	0.665	0.667	0.491	0.532	0.522	0.441	0.483	0.499	0.480	0.526	0.524	0.469	0.509	0.506	0.508	0.530	0.538	0.489	0.515	0.534	0.635	0.666	0.147	0.471	0.509	0.510	0.328	0.362	0.368	0.428	0.459	0.465	0.456	0.476	0.477	0.444	0.482	0.499	0.454	0.487	0.500	0.095	0.092	0.099	0.100	0.097	0.100	0.656	0.622	0.287	0.512	0.516	0.523	0.462	0.473	0.464	0.513	0.510	0.505	0.499	0.490	0.485	0.522	0.513	0.513	0.494	0.493	0.498	0.717	0.684	0.262	0.496	0.497	0.504	0.347	0.339	0.292	0.438	0.438	0.436	0.475	0.466	0.472	0.477	0.463	0.468	0.447	0.471	0.474	0.092	0.088	0.100	0.107	0.099	0.101
6:16:43	0.614	0.681	0.685	0.513	0.553	0.548	0.468	0.505	0.516	0.506	0.548	0.548	0.492	0.531	0.531	0.535	0.556	0.562	0.515	0.537	0.561	0.662	0.686	0.147	0.492	0.532	0.533	0.346	0.379	0.388	0.450	0.482	0.490	0.476	0.495	0.493	0.469	0.506	0.511	0.479	0.516	0.523	0.095	0.092	0.099	0.100	0.097	0.100	0.677	0.648	0.305	0.539	0.539	0.544	0.481	0.497	0.487	0.540	0.533	0.528	0.524	0.518	0.512	0.550	0.546	0.539	0.525	0.516	0.524	0.741	0.726	0.278	0.524	0.530	0.545	0.366	0.356	0.305	0.461	0.458	0.459	0.503	0.495	0.495	0.510	0.497	0.489	0.470	0.498	0.499	0.092	0.089	0.101	0.107	0.099	0.101
6:26:43	0.630	0.697	0.703	0.538	0.578	0.573	0.491	0.532	0.544	0.532	0.577	0.575	0.515	0.557	0.556	0.556	0.582	0.584	0.540	0.563	0.582	0.684	0.705	0.147	0.516	0.559	0.559	0.363	0.398	0.407	0.473	0.502	0.507	0.498	0.516	0.520	0.493	0.535	0.531	0.502	0.539	0.550	0.095	0.092	0.099	0.100	0.097	0.099	0.694	0.677	0.317	0.568	0.562	0.568	0.507	0.522	0.512	0.563	0.558	0.556	0.549	0.551	0.538	0.579	0.564	0.574	0.548	0.548	0.547	0.768	0.769	0.292	0.554	0.560	0.577	0.385	0.373	0.316	0.484	0.484	0.485	0.532	0.523	0.522	0.550	0.525	0.520	0.496	0.533	0.527	0.092	0.089	0.100	0.107	0.099	0.101
6:36:43	0.641	0.709	0.715	0.563	0.604	0.592	0.514	0.557	0.574	0.561	0.606	0.603	0.542	0.580	0.581	0.583	0.606	0.614	0.561	0.586	0.609	0.702	0.716	0.147	0.543	0.585	0.585	0.382	0.420	0.429	0.498	0.524	0.535	0.521	0.542	0.547	0.517	0.562	0.558	0.529	0.564	0.574	0.095	0.092	0.099	0.100	0.097	0.099	0.720	0.703	0.335	0.595	0.596	0.600	0.525	0.547	0.538	0.591	0.586	0.580	0.578	0.575	0.574	0.604	0.602	0.603	0.581	0.588	0.581	0.790	0.789	0.312	0.587	0.600	0.618	0.408	0.395	0.329	0.511	0.510	0.514	0.568	0.574	0.548	0.580	0.558	0.551	0.520	0.564	0.556	0.091	0.089	0.101	0.107	0.099	0.101
6:46:43	0.654	0.710	0.724	0.586	0.622	0.616	0.537	0.585	0.593	0.584	0.625	0.627	0.568	0.607	0.603	0.609	0.632	0.635	0.585	0.611	0.631	0.717	0.730	0.147	0.565	0.609	0.609	0.401	0.442	0.449	0.522	0.549	0.558	0.548	0.565	0.568	0.543	0.587	0.584	0.555	0.591	0.601	0.095	0.092	0.099	0.099	0.097	0.099	0.735	0.716	0.352	0.623	0.620	0.630	0.561	0.572	0.565	0.621	0.615	0.613	0.605	0.596	0.598	0.632	0.629	0.636	0.621	0.628	0.634	0.812	0.831	0.323	0.628	0.634	0.637	0.430	0.416	0.343	0.550	0.536	0.544	0.590	0.605	0.597	0.607	0.605	0.593	0.545	0.592	0.580	0.091	0.088	0.100	0.107	0.099	0.101
6:56:43	0.665	0.726	0.736	0.607	0.644	0.638	0.568	0.608	0.612	0.609	0.650	0.650	0.588	0.628	0.625	0.630	0.651	0.655	0.615	0.632	0.654	0.731	0.737	0.147	0.594	0.633	0.635	0.425	0.464	0.472	0.547	0.575	0.583	0.572	0.591	0.590	0.569	0.615	0.612	0.585	0.617	0.627	0.095	0.092	0.099	0.099	0.097	0.099	0.758	0.743	0.369	0.653	0.652	0.660	0.595	0.602	0.597	0.650	0.648	0.644	0.632	0.627	0.627	0.670	0.657	0.672	0.661	0.624	0.668	0.850	0.861	0.342	0.668	0.672	0.663	0.455	0.441	0.357	0.582	0.565	0.577	0.632	0.639	0.624	0.635	0.651	0.624	0.572	0.633	0.608	0.092	0.089	0.101	0.107	0.099	0.101
7:06:43	0.672	0.733	0.743	0.629	0.655	0.655	0.590	0.631	0.637	0.634	0.671	0.669	0.607	0.648	0.648	0.655	0.667	0.669	0.632	0.651	0.673	0.741	0.747	0.147	0.617	0.654	0.651	0.444	0.487	0.498	0.571	0.598	0.606	0.597	0.614	0.617	0.594	0.635	0.637	0.604	0.641	0.649	0.095	0.092	0.099	0.100	0.097	0.099	0.777	0.768	0.393	0.676	0.678	0.680	0.629	0.635	0.624	0.677	0.672	0.663	0.656	0.650	0.656	0.696	0.684	0.705	0.684	0.647	0.693	0.878	0.880	0.356	0.700	0.696	0.688	0.480	0.464	0.370	0.627	0.599	0.617	0.678	0.674	0.658	0.662	0.681	0.663	0.590	0.668	0.630	0.092	0.089	0.100	0.107	0.098	0.101
7:16:43	0.686	0.737	0.747	0.649	0.672	0.671	0.616	0.653	0.658	0.657	0.688	0.687	0.627	0.667	0.667	0.671	0.683	0.683	0.653	0.671	0.689	0.755	0.756	0.147	0.641	0.673	0.673	0.470	0.512	0.519	0.594	0.625	0.629	0.623	0.643	0.638	0.623	0.658	0.659	0.632	0.664	0.672	0.095	0.092	0.099	0.100	0.097	0.099	0.793	0.789	0.414	0.695	0.699	0.702	0.670	0.654	0.658	0.702	0.709	0.692	0.682	0.683	0.675	0.740	0.712	0.718	0.721	0.725	0.710	0.902	0.896	0.373	0.713	0.720	0.715	0.503	0.486	0.381	0.657	0.636	0.645	0.709	0.695	0.690	0.704	0.718	0.694	0.611	0.699	0.652	0.091	0.089	0.101	0.107	0.098	0.101
7:26:43	0.697	0.741	0.757	0.663	0.681	0.683	0.636	0.672	0.679	0.678	0.702	0.704	0.640	0.680	0.683	0.688	0.696	0.696	0.667	0.685	0.703	0.762	0.764	0.147	0.661	0.689	0.688	0.491	0.538	0.541	0.617	0.648	0.655	0.644	0.663	0.660	0.646	0.679	0.679	0.653	0.685	0.695	0.095	0.092	0.099	0.100	0.097	0.099	0.810	0.802	0.435	0.725	0.724	0.727	0.694	0.690	0.688	0.728	0.720	0.727	0.701	0.706	0.702	0.766	0.751	0.744	0.747	0.766	0.752	0.919	0.916	0.392	0.741	0.738	0.740	0.528	0.516	0.393	0.688	0.677	0.672	0.745	0.719	0.735	0.723	0.743	0.711	0.626	0.733	0.672	0.092	0.089	0.101	0.107	0.099	0.101
7:36:43	0.704	0.750	0.761	0.673	0.693	0.691	0.655	0.689	0.695	0.695	0.715	0.716	0.653	0.695	0.695	0.696	0.705	0.706	0.682	0.699	0.715	0.772	0.769	0.147	0.674	0.702	0.700	0.513	0.561	0.562	0.641	0.666	0.672	0.665	0.680	0.680	0.666	0.697	0.697	0.671	0.704	0.710	0.095	0.092	0.098	0.099	0.097	0.099	0.840	0.829	0.459	0.751	0.747	0.747	0.708	0.718	0.709	0.742	0.744	0.748	0.739	0.734	0.730	0.799	0.764	0.754	0.778	0.704	0.805	0.942	0.933	0.412	0.763	0.763	0.771	0.561	0.548	0.402	0.719	0.712	0.718	0.763	0.742	0.773	0.738	0.773	0.725	0.643	0.743	0.691	0.091	0.089	0.100	0.107	0.098	0.101
7:46:43	0.715	0.755	0.768	0.685	0.703	0.701	0.671	0.700	0.706	0.707	0.728	0.731	0.662	0.705	0.707	0.709	0.715	0.715	0.690	0.708	0.728	0.777	0.776	0.147	0.687	0.711	0.713	0.535	0.584	0.592	0.660	0.682	0.692	0.688	0.699	0.692	0.684	0.711	0.725	0.691	0.712	0.731	0.095	0.092	0.099	0.100	0.097	0.099	0.859	0.850	0.474	0.775	0.754	0.779	0.728	0.716	0.725	0.763	0.753	0.759	0.756	0.764	0.748	0.811	0.787	0.777	0.797	0.718	0.820	0.945	0.936	0.438	0.771	0.810	0.795	0.589	0.571	0.409	0.741	0.732	0.742	0.780	0.768	0.828	0.769	0.792	0.754	0.652	0.785	0.704	0.091	0.089	0.101	0.107	0.099	0.101
7:56:43	0.717	0.759	0.774	0.696	0.713	0.713	0.686	0.718	0.717	0.721	0.735	0.741	0.672	0.713	0.714	0.718	0.725	0.723	0.701	0.721	0.739	0.785	0.783	0.147	0.698	0.722	0.723	0.558	0.606	0.614	0.678	0.699	0.707	0.699	0.712	0.712	0.705	0.724	0.744	0.704	0.742	0.744	0.095	0.092	0.098	0.099	0.096	0.099	0.880	0.864	0.496	0.785	0.777	0.795	0.746	0.744	0.750	0.787	0.782	0.780	0.776	0.796	0.775	0.842	0.810	0.796	0.807	0.814	0.808	0.960	0.958	0.461	0.808	0.850	0.796	0.620	0.608	0.419	0.793	0.762	0.771	0.810	0.809	0.858	0.807	0.818	0.789	0.662	0.789	0.724	0.092	0.089	0.100	0.107	0.098	0.101
8:06:43	0.729	0.764	0.782	0.707	0.724	0.720	0.695	0.726	0.725	0.735	0.746	0.748	0.679	0.722	0.726	0.728	0.733	0.730	0.714	0.729	0.746	0.792	0.788	0.147	0.709	0.733	0.735	0.582	0.627	0.636	0.695	0.712	0.717	0.712	0.724	0.722	0.722	0.740	0.749	0.718	0.753	0.748	0.095	0.092	0.099	0.100	0.097	0.099	0.876	0.873	0.524	0.807	0.793	0.794	0.756	0.762	0.762	0.792	0.783	0.812	0.791	0.816	0.801	0.866	0.825	0.833	0.837	0.847	0.837	0.962	0.973	0.485	0.822	0.865	0.820	0.656	0.639	0.426	0.828	0.786	0.814	0.818	0.849	0.867	0.809	0.843	0.803	0.673	0.817	0.735	0.092	0.089	0.101	0.107	0.099	0.101
8:16:43	0.736	0.766	0.788	0.719	0.727	0.727	0.708	0.743	0.736	0.742	0.756	0.764	0.688	0.735	0.734	0.739	0.740	0.738	0.722	0.736	0.755	0.797	0.795	0.147	0.721	0.742	0.748	0.605	0.650	0.655	0.715	0.723	0.732	0.727	0.739	0.734	0.745	0.753	0.767	0.742	0.771	0.765	0.095	0.092	0.099	0.099	0.097	0.099	0.890	0.884	0.543	0.820	0.812	0.828	0.790	0.777	0.777	0.823	0.802	0.833	0.800	0.830	0.829	0.888	0.836	0.855	0.849	0.755	0.875	0.965	0.985	0.510	0.844	0.898	0.839	0.682	0.664	0.434	0.862	0.813	0.820	0.861	0.868	0.890	0.848	0.855	0.837	0.683	0.850	0.741	0.091	0.089	0.101	0.107	0.098	0.101
8:26:43	0.740	0.769	0.793	0.724	0.739	0.737	0.715	0.750	0.746	0.751	0.761	0.768	0.696	0.742	0.746	0.746	0.747	0.748	0.728	0.742	0.763	0.803	0.795	0.147	0.730	0.751	0.756	0.628	0.666	0.669	0.726	0.733	0.745	0.736	0.745	0.745	0.760	0.769	0.793	0.749	0.784	0.775	0.095	0.092	0.099	0.099	0.097	0.099	0.903	0.894	0.567	0.834	0.833	0.828	0.802	0.784	0.789	0.823	0.823	0.832	0.820	0.869	0.864	0.906	0.861	0.853	0.877	0.768	0.901	0.992	0.984	0.534	0.868	0.933	0.870	0.703	0.691	0.441	0.870	0.839	0.844	0.889	0.887	0.899	0.857	0.866	0.849	0.691	0.863	0.758	0.092	0.089	0.101	0.107	0.099	0.101
8:36:43	0.747	0.772	0.798	0.729	0.745	0.741	0.724	0.757	0.753	0.755	0.772	0.779	0.704	0.749	0.753	0.753	0.756	0.753	0.734	0.747	0.768	0.802	0.801	0.147	0.735	0.762	0.766	0.647	0.683	0.685	0.741	0.742	0.760	0.746	0.757	0.760	0.776	0.785	0.805	0.762	0.780	0.792	0.095	0.092	0.098	0.099	0.097	0.099	0.917	0.909	0.593	0.862	0.856	0.851	0.833	0.820	0.817	0.823	0.831	0.840	0.844	0.869	0.864	0.917	0.887	0.883	0.895	0.889	0.913	1.001	0.997	0.561	0.887	0.946	0.896	0.733	0.726	0.445	0.889	0.864	0.857	0.896	0.904	0.919	0.864	0.884	0.871	0.700	0.871	0.775	0.091	0.089	0.101	0.107	0.098	0.101
8:46:43	0.753	0.775	0.803	0.739	0.752	0.746	0.731	0.760	0.759	0.765	0.779	0.785	0.710	0.757	0.760	0.759	0.759	0.759	0.741	0.754	0.778	0.810	0.809	0.147	0.743	0.768	0.781	0.665	0.697	0.700	0.752	0.751	0.767	0.756	0.762	0.767	0.800	0.793	0.820	0.770	0.796	0.811	0.095	0.092	0.099	0.099	0.097	0.099	0.924	0.917	0.618	0.882	0.870	0.862	0.841	0.829	0.811	0.847	0.849	0.873	0.851	0.893	0.876	0.930	0.899	0.886	0.906	0.905	0.922	1.007	1.003	0.587	0.893	0.963	0.881	0.766	0.749	0.451	0.915	0.870	0.893	0.939	0.919	0.942	0.874	0.894	0.898	0.705	0.893	0.787	0.092	0.089	0.101	0.107	0.099	0.101
8:56:43	0.757	0.778	0.806	0.743	0.756	0.754	0.737	0.763	0.768	0.771	0.786	0.791	0.715	0.764	0.766	0.767	0.769	0.765	0.748	0.762	0.783	0.808	0.813	0.147	0.747	0.780	0.789	0.681	0.712	0.710	0.761	0.764	0.778	0.764	0.786	0.779	0.817	0.808	0.834	0.783	0.814	0.834	0.095	0.092	0.099	0.099	0.097	0.099	0.937	0.917	0.641	0.902	0.888	0.867	0.868	0.845	0.822	0.847	0.860	0.866	0.865	0.903	0.896	0.940	0.917	0.906	0.935	0.914	0.938	1.001	1.011	0.609	0.909	0.972	0.899	0.778	0.759	0.455	0.912	0.902	0.902	0.935	0.926	0.942	0.892	0.902	0.917	0.713	0.898	0.787	0.092	0.089	0.100	0.107	0.099	0.101
9:06:43	0.759	0.781	0.811	0.745	0.760	0.755	0.743	0.762	0.772	0.779	0.794	0.798	0.725	0.767	0.772	0.775	0.774	0.771	0.751	0.767	0.789	0.813	0.814	0.147	0.757	0.788	0.807	0.693	0.722	0.722	0.767	0.774	0.787	0.771	0.785	0.782	0.833	0.812	0.842	0.789	0.816	0.846	0.095	0.092	0.098	0.099	0.097	0.099	0.940	0.934	0.660	0.917	0.903	0.882	0.878	0.852	0.840	0.871	0.864	0.879	0.882	0.911	0.912	0.955	0.930	0.909	0.947	0.798	0.955	1.014	1.017	0.629	0.926	0.978	0.925	0.813	0.790	0.460	0.937	0.918	0.922	0.955	0.945	0.966	0.895	0.915	0.937	0.720	0.918	0.789	0.091	0.089	0.101	0.107	0.098	0.101
9:16:43	0.760	0.787	0.813	0.754	0.768	0.760	0.750	0.767	0.790	0.781	0.799	0.801	0.727	0.776	0.778	0.780	0.779	0.776	0.759	0.771	0.793	0.819	0.819	0.147	0.763	0.792	0.805	0.705	0.736	0.732	0.776	0.775	0.789	0.780	0.788	0.793	0.832	0.819	0.850	0.803	0.820	0.855	0.095	0.092	0.099	0.099	0.097	0.099	0.948	0.939	0.676	0.910	0.907	0.898	0.895	0.870	0.866	0.879	0.884	0.894	0.894	0.913	0.917	0.958	0.935	0.924	0.957	0.806	0.956	1.026	1.025	0.648	0.937	0.984	0.918	0.835	0.802	0.464	0.935	0.917	0.943	0.936	0.942	0.980	0.898	0.928	0.942	0.724	0.921	0.805	0.092	0.089	0.101	0.107	0.099	0.101
9:26:43	0.767	0.790	0.817	0.760	0.769	0.764	0.753	0.770	0.788	0.789	0.804	0.806	0.730	0.782	0.784	0.785	0.783	0.778	0.765	0.778	0.797	0.819	0.824	0.147	0.766	0.796	0.806	0.718	0.743	0.741	0.781	0.779	0.800	0.791	0.800	0.806	0.847	0.827	0.865	0.805	0.845	0.872	0.095	0.092	0.098	0.099	0.096	0.099	0.959	0.962	0.690	0.908	0.924	0.920	0.907	0.871	0.882	0.895	0.890	0.910	0.905	0.936	0.922	0.958	0.958	0.933	0.975	0.814	0.962	1.023	1.024	0.664	0.947	0.997	0.936	0.860	0.823	0.470	0.964	0.935	0.948	0.976	0.966	0.998	0.906	0.944	0.948	0.731	0.936	0.803	0.091	0.089	0.101	0.106	0.098	0.101
9:36:43	0.767	0.791	0.824	0.762	0.774	0.767	0.756	0.775	0.790	0.791	0.811	0.808	0.736	0.788	0.788	0.790	0.787	0.784	0.770	0.779	0.800	0.823	0.821	0.147	0.772	0.804	0.817	0.727	0.753	0.749	0.785	0.791	0.795	0.799	0.802	0.797	0.867	0.838	0.874	0.813	0.851	0.882	0.095	0.092	0.098	0.099	0.097	0.099	0.969	0.972	0.706	0.918	0.921	0.924	0.908	0.877	0.874	0.903	0.888	0.913	0.908	0.946	0.933	0.966	0.965	0.942	0.981	0.931	0.974	1.043	1.013	0.680	0.961	1.002	0.945	0.867	0.841	0.474	0.960	0.938	0.946	0.955	0.954	0.995	0.906	0.948	0.970	0.732	0.954	0.824	0.091	0.089	0.101	0.107	0.098	0.101
9:46:43	0.772	0.799	0.824	0.768	0.779	0.773	0.762	0.779	0.794	0.796	0.816	0.813	0.740	0.789	0.794	0.798	0.791	0.786	0.773	0.784	0.804	0.827	0.829	0.147	0.775	0.807	0.820	0.736	0.759	0.753	0.792	0.795	0.806	0.807	0.812	0.809	0.867	0.838	0.879	0.818	0.852	0.893	0.095	0.092	0.099	0.099	0.097	0.099	0.962	0.986	0.717	0.936	0.922	0.938	0.915	0.881	0.885	0.908	0.879	0.918	0.911	0.947	0.935	0.978	0.969	0.938	0.996	0.818	0.979	1.039	1.027	0.692	0.971	0.999	0.950	0.887	0.851	0.476	0.961	0.954	0.965	0.968	0.969	1.003	0.928	0.954	0.973	0.738	0.972	0.820	0.092	0.089	0.101	0.107	0.098	0.101
9:56:43	0.781	0.803	0.828	0.774	0.784	0.777	0.769	0.784	0.800	0.804	0.818	0.815	0.747	0.797	0.798	0.803	0.798	0.792	0.781	0.794	0.812	0.833	0.836	0.147	0.781	0.818	0.834	0.747	0.766	0.768	0.797	0.806	0.816	0.810	0.816	0.816	0.880	0.848	0.891	0.827	0.872	0.897	0.095	0.092	0.098	0.099	0.097	0.099	0.973	0.997	0.729	0.951	0.933	0.931	0.918	0.898	0.897	0.923	0.877	0.913	0.920	0.952	0.944	0.987	0.979	0.953	0.997	0.828	0.984	1.033	1.028	0.704	0.972	1.014	0.955	0.901	0.863	0.480	0.983	0.955	0.971	0.962	0.970	1.008	0.926	0.962	0.982	0.745	0.971	0.818	0.091	0.089	0.100	0.107	0.098	0.101
10:06:43	0.781	0.804	0.832	0.779	0.788	0.782	0.772	0.788	0.802	0.805	0.822	0.824	0.751	0.800	0.802	0.807	0.801	0.795	0.781	0.793	0.817	0.837	0.839	0.147	0.785	0.827	0.830	0.753	0.773	0.769	0.799	0.804	0.822	0.813	0.823	0.819	0.883	0.843	0.898	0.838	0.879	0.901	0.095	0.092	0.098	0.099	0.096	0.099	0.974	1.002	0.740	0.970	0.940	0.946	0.926	0.896	0.888	0.933	0.894	0.921	0.928	0.972	0.949	0.987	0.976	0.962	1.004	0.939	0.984	1.052	1.042	0.717	0.973	1.021	0.957	0.911	0.878	0.483	0.988	0.956	0.982	0.988	0.963	1.012	0.923	0.967	1.001	0.747	0.960	0.826	0.092	0.089	0.100	0.107	0.098	0.101
10:16:43	0.788	0.807	0.835	0.777	0.794	0.788	0.778	0.795	0.807	0.804	0.827	0.827	0.756	0.805	0.808	0.812	0.804	0.799	0.787	0.798	0.821	0.837	0.843	0.147	0.791	0.834	0.835	0.758	0.780	0.777	0.807	0.807	0.822	0.818	0.817	0.816	0.897	0.865	0.897	0.843	0.881	0.909	0.095	0.092	0.098	0.099	0.097	0.099	0.970	1.004	0.747	0.971	0.948	0.956	0.926	0.886	0.894	0.923	0.882	0.907	0.927	0.967	0.950	0.994	0.978	0.960	1.007	0.950	0.978	1.049	1.031	0.724	0.983	1.030	0.965	0.924	0.886	0.486	0.981	0.952	0.975	0.959	0.957	1.005	0.925	0.956	0.998	0.751	0.941	0.826	0.092	0.089	0.101	0.107	0.098	0.101
10:26:43	0.791	0.810	0.839	0.780	0.797	0.788	0.782	0.798	0.811	0.812	0.831	0.832	0.756	0.808	0.808	0.814	0.811	0.802	0.788	0.802	0.825	0.842	0.846	0.147	0.795	0.830	0.837	0.765	0.785	0.779	0.805	0.818	0.825	0.823	0.833	0.832	0.892	0.866	0.903	0.850	0.887	0.915	0.095	0.092	0.098	0.099	0.096	0.099	0.987	1.002	0.759	0.977	0.950	0.956	0.935	0.907	0.906	0.934	0.914	0.935	0.932	0.975	0.962	1.002	0.967	0.954	1.008	0.834	0.999	1.058	1.042	0.738	0.993	1.038	0.976	0.937	0.905	0.489	0.990	0.973	0.975	0.998	0.962	1.018	0.933	0.967	1.003	0.756	0.955	0.817	0.091	0.089	0.101	0.107	0.098	0.101
10:36:43	0.793	0.815	0.841	0.783	0.800	0.789	0.786	0.799	0.816	0.812	0.834	0.835	0.761	0.810	0.811	0.816	0.813	0.809	0.794	0.806	0.829	0.848	0.850	0.147	0.799	0.834	0.842	0.767	0.792	0.785	0.815	0.821	0.835	0.825	0.840	0.836	0.892	0.875	0.902	0.862	0.890	0.920	0.095	0.092	0.098	0.099	0.097	0.099	1.001	1.014	0.769	0.978	0.948	0.965	0.955	0.907	0.907	0.941	0.920	0.923	0.940	0.978	0.973	1.009	0.971	0.962	1.015	0.944	0.994	1.066	1.045	0.743	1.007	1.052	0.987	0.946	0.911	0.492	0.995	0.971	0.993	0.991	0.984	1.022	0.938	0.965	1.021	0.759	0.963	0.822	0.091	0.089	0.101	0.107	0.099	0.101
10:46:43	0.801	0.821	0.847	0.785	0.802	0.793	0.789	0.802	0.820	0.812	0.837	0.839	0.765	0.817	0.815	0.821	0.815	0.808	0.798	0.808	0.828	0.850	0.852	0.147	0.804	0.839	0.849	0.774	0.795	0.797	0.813	0.832	0.854	0.838	0.846	0.846	0.918	0.881	0.923	0.873	0.906	0.930	0.095	0.092	0.098	0.099	0.096	0.099	1.017	1.028	0.790	0.991	0.973	0.981	0.962	0.925	0.930	0.948	0.924	0.953	0.950	0.993	0.975	1.021	0.983	0.973	1.028	0.847	1.021	1.084	1.055	0.754	1.000	1.066	0.987	0.971	0.931	0.494	1.025	1.004	0.998	0.927	0.996	1.032	0.951	0.986	1.020	0.765	0.969	0.839	0.092	0.089	0.101	0.107	0.099	0.101
10:56:43	0.805	0.821	0.851	0.787	0.805	0.799	0.793	0.806	0.820	0.811	0.843	0.845	0.769	0.830	0.827	0.826	0.821	0.812	0.799	0.813	0.831	0.854	0.856	0.147	0.813	0.848	0.859	0.779	0.802	0.806	0.813	0.836	0.861	0.848	0.848	0.858	0.932	0.897	0.939	0.886	0.926	0.941	0.095	0.092	0.098	0.099	0.096	0.099	1.024	1.043	0.801	1.006	0.993	0.980	0.974	0.936	0.953	0.958	0.935	0.962	0.959	1.003	0.999	1.024	1.002	0.987	1.050	0.978	1.028	1.090	1.073	0.766	1.000	1.075	0.989	0.988	0.939	0.497	1.035	1.021	1.012	0.926	0.998	1.032	0.959	0.996	1.035	0.767	1.007	0.842	0.092	0.089	0.101	0.107	0.098	0.101
11:06:43	0.809	0.821	0.852	0.795	0.809	0.802	0.799	0.810	0.835	0.811	0.848	0.847	0.773	0.829	0.829	0.829	0.824	0.820	0.808	0.815	0.835	0.853	0.859	0.147	0.816	0.851	0.873	0.783	0.804	0.804	0.814	0.836	0.869	0.840	0.859	0.865	0.942	0.905	0.943	0.901	0.937	0.950	0.095	0.092	0.098	0.099	0.097	0.099	1.034	1.049	0.801	1.018	1.009	0.979	0.986	0.949	0.958	0.973	0.945	0.963	0.972	1.011	1.000	1.031	1.023	1.005	1.059	0.850	1.039	1.108	1.075	0.773	1.017	1.089	1.003	0.997	0.954	0.500	1.030	1.028	1.008	1.035	0.997	1.049	0.962	1.010	1.043	0.774	1.008	0.855	0.092	0.089	0.101	0.107	0.098	0.101
11:16:43	0.811	0.828	0.855	0.796	0.813	0.803	0.801	0.811	0.847	0.814	0.849	0.846	0.776	0.831	0.836	0.832	0.827	0.823	0.806	0.818	0.838	0.859	0.861	0.147	0.823	0.856	0.871	0.789	0.806	0.814	0.819	0.839	0.863	0.848	0.858	0.862	0.947	0.931	0.936	0.895	0.946	0.953	0.095	0.092	0.098	0.100	0.096	0.098	1.039	1.051	0.812	1.025	1.009	0.994	0.983	0.954	0.950	0.973	0.935	0.945	0.976	1.013	1.011	1.036	1.026	1.014	1.055	0.974	1.035	1.097	1.086	0.777	1.015	1.081	1.004	1.004	0.948	0.503	1.041	1.020	1.009	0.947	1.002	1.050	0.963	1.012	1.053	0.775	1.009	0.834	0.091	0.089	0.100	0.107	0.098	0.101
11:26:43	0.813	0.831	0.860	0.800	0.823	0.811	0.805	0.816	0.840	0.811	0.855	0.844	0.778	0.833	0.834	0.832	0.830	0.825	0.814	0.823	0.842	0.861	0.865	0.147	0.825	0.856	0.867	0.795	0.801	0.813	0.813	0.844	0.866	0.854	0.861	0.859	0.952	0.922	0.944	0.900	0.942	0.961	0.095	0.092	0.098	0.099	0.096	0.098	1.040	1.055	0.813	1.034	1.015	1.005	0.995	0.954	0.961	0.962	0.937	0.966	0.981	1.016	1.013	1.041	1.036	1.020	1.065	0.984	1.030	1.100	1.081	0.781	1.020	1.096	1.009	1.018	0.952	0.506	1.037	1.032	1.025	0.993	1.000	1.048	0.967	1.018	1.063	0.776	1.029	0.845	0.091	0.089	0.100	0.107	0.098	0.101
11:36:43	0.820	0.832	0.861	0.801	0.827	0.813	0.808	0.821	0.839	0.808	0.857	0.847	0.781	0.838	0.833	0.841	0.838	0.830	0.816	0.826	0.844	0.866	0.866	0.146	0.835	0.866	0.879	0.798	0.802	0.826	0.817	0.850	0.872	0.856	0.860	0.873	0.964	0.944	0.965	0.932	0.952	0.974	0.095	0.092	0.098	0.099	0.096	0.098	1.051	1.074	0.829	1.041	1.027	1.013	1.010	0.978	0.978	0.972	0.968	0.970	0.998	1.027	1.020	1.050	1.049	1.042	1.078	1.014	1.040	1.107	1.097	0.790	1.035	1.107	1.020	1.030	0.974	0.507	1.051	1.042	1.023	1.011	1.011	1.063	0.969	1.028	1.067	0.782	1.064	0.862	0.091	0.089	0.101	0.107	0.098	0.101
11:46:43	0.822	0.833	0.860	0.807	0.828	0.808	0.810	0.821	0.849	0.805	0.857	0.850	0.780	0.842	0.850	0.855	0.843	0.836	0.820	0.830	0.846	0.867	0.869	0.147	0.845	0.869	0.897	0.804	0.806	0.827	0.819	0.869	0.872	0.878	0.874	0.881	0.971	0.956	0.982	0.954	0.970	0.998	0.095	0.092	0.098	0.099	0.096	0.098	1.073	1.090	0.844	1.057	1.045	1.037	1.027	0.992	0.993	0.989	0.974	0.976	1.006	1.037	1.023	1.058	1.064	1.058	1.093	1.019	1.054	1.116	1.099	0.808	1.049	1.114	1.016	1.050	0.981	0.510	1.058	1.057	1.026	1.045	1.025	1.073	0.988	1.037	1.081	0.786	1.073	0.874	0.092	0.089	0.100	0.107	0.098	0.101
11:56:43	0.820	0.830	0.857	0.807	0.822	0.810	0.811	0.823	0.843	0.805	0.861	0.852	0.784	0.851	0.851	0.854	0.842	0.839	0.822	0.831	0.849	0.870	0.874	0.147	0.848	0.877	0.905	0.807	0.806	0.829	0.825	0.873	0.884	0.884	0.887	0.885	0.986	0.966	0.990	0.961	0.971	0.999	0.095	0.092	0.098	0.099	0.096	0.098	1.083	1.096	0.846	1.060	1.050	1.042	1.041	1.001	1.001	0.998	0.995	0.987	1.015	1.042	1.026	1.072	1.066	1.072	1.095	0.882	1.062	1.125	1.117	0.806	1.061	1.123	1.016	1.063	0.984	0.512	1.064	1.064	1.035	1.056	1.030	1.075	0.997	1.041	1.082	0.788	1.085	0.874	0.091	0.089	0.101	0.107	0.098	0.101
12:06:43	0.825	0.840	0.863	0.809	0.828	0.819	0.814	0.827	0.837	0.802	0.867	0.852	0.782	0.855	0.845	0.858	0.845	0.839	0.822	0.832	0.850	0.872	0.874	0.146	0.850	0.879	0.907	0.818	0.809	0.844	0.824	0.879	0.891	0.880	0.887	0.892	0.990	0.973	0.986	0.972	0.981	0.996	0.095	0.092	0.098	0.099	0.096	0.098	1.073	1.097	0.851	1.062	1.057	1.056	1.056	1.002	1.001	0.996	0.982	0.983	1.015	1.047	1.035	1.080	1.064	1.057	1.090	1.007	1.071	1.127	1.106	0.812	1.060	1.106	1.021	1.071	0.984	0.515	1.060	1.070	1.040	1.046	1.034	1.077	1.005	1.047	1.078	0.790	1.000	0.857	0.092	0.089	0.100	0.107	0.098	0.101
12:16:43	0.827	0.842	0.868	0.815	0.830	0.824	0.818	0.834	0.852	0.805	0.871	0.855	0.787	0.850	0.851	0.859	0.849	0.844	0.828	0.838	0.853	0.875	0.877	0.147	0.847	0.877	0.902	0.825	0.813	0.842	0.828	0.884	0.894	0.869	0.896	0.890	0.994	0.977	0.974	0.974	0.980	0.998	0.095	0.092	0.098	0.099	0.096	0.098	1.069	1.090	0.838	1.071	1.051	1.062	1.048	0.994	0.992	0.987	0.970	0.983	1.009	1.042	1.035	1.074	1.070	1.052	1.092	0.888	1.065	1.116	1.108	0.807	1.058	1.111	1.018	1.069	0.991	0.517	1.063	1.064	1.039	1.045	1.028	1.077	1.004	1.043	1.085	0.792	1.061	0.856	0.092	0.089	0.101	0.107	0.098	0.101
12:26:43	0.830	0.847	0.871	0.820	0.835	0.827	0.823	0.841	0.854	0.809	0.874	0.862	0.790	0.858	0.866	0.862	0.851	0.848	0.830	0.839	0.857	0.883	0.882	0.147	0.850	0.881	0.902	0.830	0.820	0.852	0.831	0.893	0.902	0.883	0.895	0.899	1.001	0.970	0.985	0.978	0.982	1.009	0.095	0.092	0.098	0.099	0.096	0.098	1.067	1.087	0.846	1.081	1.046	1.067	1.050	0.999	0.993	0.989	0.988	0.979	1.005	1.046	1.043	1.085	1.075	1.056	1.087	1.004	1.065	1.117	1.101	0.807	1.063	1.134	1.025	1.073	1.002	0.518	1.070	1.061	1.028	1.034	1.035	1.075	1.008	1.045	1.086	0.796	1.003	0.862	0.092	0.089	0.101	0.107	0.098	0.101
12:36:43	0.836	0.847	0.870	0.817	0.834	0.825	0.822	0.838	0.855	0.812	0.865	0.861	0.795	0.864	0.863	0.869	0.856	0.853	0.834	0.841	0.860	0.883	0.886	0.147	0.865	0.885	0.919	0.840	0.821	0.864	0.836	0.908	0.914	0.901	0.899	0.917	1.010	0.979	0.995	0.997	1.001	1.026	0.095	0.092	0.098	0.099	0.096	0.098	1.085	1.112	0.863	1.092	1.070	1.084	1.067	1.012	1.006	1.014	0.992	0.993	1.025	1.061	1.049	1.098	1.083	1.069	1.097	0.890	1.070	1.139	1.107	0.825	1.077	1.151	1.033	1.092	1.026	0.520	1.087	1.074	1.043	1.034	1.039	1.090	0.996	1.061	1.095	0.801	1.067	0.868	0.092	0.089	0.101	0.107	0.098	0.101
12:46:43	0.836	0.848	0.870	0.819	0.832	0.830	0.824	0.838	0.863	0.812	0.865	0.861	0.798	0.869	0.874	0.875	0.862	0.857	0.839	0.849	0.863	0.887	0.891	0.146	0.872	0.896	0.938	0.846	0.822	0.871	0.842	0.922	0.926	0.909	0.922	0.912	1.015	0.994	1.021	1.004	1.016	1.044	0.095	0.092	0.098	0.099	0.096	0.098	1.099	1.119	0.868	1.096	1.081	1.095	1.077	1.022	1.034	1.016	1.012	1.000	1.041	1.066	1.060	1.107	1.087	1.096	1.121	1.027	1.099	1.156	1.125	0.840	1.086	1.159	1.045	1.109	1.042	0.521	1.096	1.100	1.061	1.059	1.044	1.108	1.004	1.073	1.100	0.802	1.069	0.878	0.092	0.089	0.101	0.107	0.099	0.101
12:56:43	0.839	0.849	0.873	0.821	0.836	0.833	0.827	0.836	0.858	0.813	0.862	0.861	0.799	0.872	0.877	0.873	0.867	0.858	0.843	0.852	0.865	0.890	0.890	0.146	0.869	0.903	0.939	0.856	0.827	0.878	0.855	0.926	0.937	0.911	0.922	0.921	1.031	1.000	1.026	1.026	1.036	1.053	0.095	0.091	0.098	0.099	0.096	0.098	1.096	1.122	0.872	1.107	1.092	1.102	1.083	1.039	1.027	1.037	1.021	1.015	1.048	1.067	1.063	1.115	1.095	1.114	1.133	0.911	1.106	1.177	1.131	0.842	1.082	1.161	1.050	1.107	1.065	0.524	1.108	1.124	1.062	1.072	1.057	1.127	1.011	1.077	1.111	0.805	1.086	0.887	0.091	0.089	0.100	0.107	0.098	0.101
13:06:43	0.842	0.849	0.872	0.818	0.826	0.839	0.830	0.840	0.871	0.816	0.870	0.866	0.803	0.882	0.890	0.879	0.864	0.862	0.846	0.854	0.872	0.891	0.896	0.146	0.883	0.912	0.951	0.870	0.829	0.887	0.846	0.933	0.941	0.908	0.915	0.937	1.037	1.022	1.042	1.031	1.033	1.063	0.095	0.092	0.098	0.099	0.096	0.098	1.093	1.125	0.881	1.113	1.104	1.116	1.098	1.052	1.042	1.041	1.014	1.020	1.055	1.079	1.075	1.116	1.106	1.121	1.138	1.031	1.115	1.182	1.125	0.831	1.090	1.162	1.044	1.120	1.071	0.529	1.126	1.131	1.062	1.082	1.057	1.121	1.023	1.085	1.118	0.806	1.043	0.882	0.092	0.089	0.101	0.107	0.098	0.101
13:16:43	0.843	0.855	0.875	0.822	0.832	0.835	0.831	0.844	0.870	0.822	0.866	0.866	0.807	0.894	0.889	0.888	0.872	0.863	0.849	0.859	0.872	0.894	0.895	0.146	0.888	0.921	0.956	0.872	0.834	0.895	0.849	0.942	0.949	0.930	0.929	0.932	1.045	1.024	1.053	1.041	1.052	1.072	0.095	0.092	0.098	0.099	0.096	0.098	1.106	1.132	0.893	1.130	1.118	1.127	1.110	1.066	1.053	1.062	1.021	1.030	1.058	1.083	1.078	1.127	1.116	1.130	1.150	0.911	1.125	1.188	1.131	0.842	1.098	1.171	1.048	1.138	1.079	0.529	1.134	1.148	1.086	1.078	1.066	1.136	1.033	1.093	1.124	0.811	1.048	0.888	0.092	0.089	0.101	0.107	0.098	0.101
13:26:43	0.847	0.858	0.881	0.826	0.828	0.831	0.834	0.851	0.881	0.827	0.866	0.874	0.810	0.896	0.892	0.885	0.874	0.871	0.855	0.861	0.878	0.898	0.896	0.146	0.888	0.927	0.959	0.889	0.840	0.916	0.857	0.946	0.955	0.944	0.936	0.943	1.043	1.041	1.040	1.047	1.053	1.081	0.095	0.092	0.098	0.099	0.096	0.098	1.103	1.149	0.909	1.133	1.124	1.123	1.123	1.074	1.064	1.062	1.020	1.027	1.054	1.087	1.072	1.123	1.117	1.126	1.151	1.020	1.137	1.177	1.138	0.835	1.100	1.174	1.053	1.136	1.092	0.529	1.142	1.144	1.082	1.076	1.065	1.138	1.044	1.086	1.123	0.811	1.065	0.883	0.092	0.089	0.100	0.106	0.098	0.101
13:36:43	0.844	0.857	0.882	0.826	0.833	0.840	0.835	0.849	0.870	0.828	0.866	0.869	0.811	0.892	0.890	0.891	0.874	0.878	0.856	0.862	0.877	0.902	0.897	0.146	0.894	0.935	0.964	0.897	0.837	0.916	0.847	0.954	0.961	0.952	0.936	0.942	1.053	1.029	1.057	1.047	1.061	1.080	0.095	0.092	0.098	0.099	0.096	0.098	1.111	1.145	0.903	1.139	1.119	1.122	1.126	1.062	1.059	1.060	1.019	1.035	1.059	1.093	1.077	1.133	1.117	1.120	1.158	0.919	1.130	1.178	1.134	0.846	1.107	1.173	1.061	1.150	1.096	0.534	1.143	1.155	1.091	1.091	1.062	1.137	1.042	1.097	1.122	0.813	1.071	0.881	0.092	0.089	0.100	0.107	0.098	0.101
13:46:43	0.848	0.860	0.885	0.828	0.830	0.836	0.836	0.851	0.885	0.831	0.870	0.878	0.818	0.900	0.896	0.902	0.884	0.881	0.861	0.867	0.885	0.905	0.899	0.146	0.899	0.940	0.973	0.905	0.855	0.931	0.862	0.956	0.968	0.961	0.942	0.954	1.063	1.035	1.061	1.071	1.064	1.085	0.095	0.092	0.098	0.099	0.096	0.098	1.121	1.144	0.917	1.145	1.130	1.132	1.124	1.060	1.066	1.067	1.018	1.025	1.067	1.096	1.083	1.129	1.127	1.117	1.154	1.046	1.141	1.174	1.143	0.841	1.114	1.176	1.072	1.153	1.109	0.534	1.148	1.157	1.104	1.099	1.057	1.130	1.054	1.103	1.129	0.813	1.097	0.882	0.092	0.089	0.100	0.107	0.098	0.101
13:56:43	0.850	0.860	0.885	0.829	0.834	0.835	0.839	0.853	0.886	0.831	0.869	0.877	0.817	0.913	0.899	0.907	0.881	0.893	0.863	0.872	0.886	0.907	0.907	0.146	0.897	0.954	0.991	0.917	0.868	0.935	0.864	0.973	0.976	0.968	0.958	0.954	1.068	1.047	1.073	1.073	1.072	1.100	0.095	0.092	0.098	0.099	0.096	0.098	1.129	1.145	0.936	1.154	1.145	1.136	1.134	1.066	1.078	1.077	1.027	1.035	1.074	1.091	1.092	1.141	1.135	1.129	1.165	0.931	1.147	1.193	1.151	0.852	1.123	1.187	1.068	1.168	1.096	0.535	1.163	1.156	1.110	1.090	1.072	1.141	1.054	1.114	1.132	0.820	1.106	0.887	0.092	0.089	0.101	0.107	0.098	0.101
14:06:43	0.854	0.864	0.888	0.833	0.837	0.841	0.840	0.854	0.876	0.834	0.869	0.875	0.829	0.908	0.909	0.910	0.889	0.886	0.865	0.874	0.890	0.907	0.902	0.146	0.908	0.942	1.002	0.926	0.889	0.942	0.868	0.978	0.989	0.980	0.959	0.960	1.070	1.053	1.076	1.077	1.068	1.093	0.095	0.092	0.098	0.099	0.096	0.098	1.128	1.144	0.936	1.150	1.159	1.137	1.136	1.084	1.077	1.069	1.038	1.024	1.078	1.093	1.101	1.139	1.147	1.134	1.171	1.061	1.161	1.196	1.144	0.851	1.129	1.186	1.075	1.167	1.100	0.537	1.168	1.147	1.115	1.103	1.072	1.147	1.057	1.119	1.141	0.823	1.111	0.887	0.092	0.089	0.100	0.107	0.098	0.101
14:16:43	0.852	0.864	0.889	0.833	0.838	0.846	0.840	0.856	0.888	0.838	0.872	0.883	0.824	0.907	0.916	0.921	0.898	0.896	0.874	0.875	0.892	0.910	0.908	0.146	0.914	0.952	0.998	0.929	0.895	0.951	0.878	0.985	0.998	0.992	0.961	0.958	1.075	1.063	1.081	1.083	1.080	1.100	0.095	0.092	0.098	0.099	0.096	0.098	1.134	1.149	0.948	1.163	1.163	1.151	1.159	1.097	1.086	1.064	1.046	1.047	1.079	1.111	1.095	1.147	1.144	1.144	1.179	0.931	1.159	1.199	1.147	0.859	1.129	1.191	1.066	1.180	1.114	0.540	1.176	1.152	1.119	1.121	1.091	1.143	1.074	1.120	1.145	0.822	1.115	0.891	0.092	0.089	0.101	0.107	0.099	0.101
14:26:43	0.855	0.865	0.892	0.838	0.845	0.854	0.844	0.860	0.880	0.840	0.874	0.885	0.829	0.911	0.921	0.916	0.905	0.895	0.873	0.883	0.896	0.910	0.912	0.146	0.910	0.958	0.988	0.926	0.898	0.954	0.878	0.996	1.011	0.991	0.980	0.977	1.076	1.066	1.088	1.081	1.069	1.098	0.095	0.092	0.098	0.098	0.096	0.098	1.130	1.147	0.954	1.168	1.162	1.151	1.159	1.094	1.080	1.067	1.048	1.050	1.078	1.117	1.096	1.146	1.144	1.143	1.178	1.054	1.156	1.200	1.147	0.866	1.119	1.192	1.081	1.183	1.124	0.540	1.174	1.160	1.118	1.111	1.091	1.139	1.074	1.122	1.149	0.821	1.112	0.893	0.092	0.089	0.101	0.106	0.099	0.101
14:36:43	0.854	0.867	0.892	0.843	0.844	0.845	0.850	0.863	0.891	0.845	0.876	0.891	0.833	0.918	0.926	0.921	0.899	0.899	0.878	0.886	0.896	0.920	0.921	0.146	0.915	0.966	0.997	0.925	0.908	0.954	0.884	0.989	1.002	0.986	0.978	0.979	1.078	1.054	1.082	1.071	1.073	1.093	0.095	0.092	0.098	0.099	0.096	0.098	1.132	1.139	0.965	1.165	1.169	1.151	1.147	1.103	1.100	1.083	1.051	1.043	1.080	1.112	1.096	1.151	1.140	1.139	1.178	0.942	1.173	1.200	1.154	0.857	1.124	1.197	1.078	1.190	1.115	0.542	1.188	1.158	1.126	1.125	1.086	1.150	1.083	1.121	1.151	0.828	1.101	0.892	0.092	0.089	0.101	0.107	0.099	0.101
14:46:43	0.856	0.869	0.893	0.844	0.849	0.856	0.848	0.864	0.896	0.848	0.875	0.895	0.829	0.918	0.919	0.925	0.904	0.898	0.878	0.886	0.900	0.918	0.920	0.146	0.914	0.962	0.993	0.934	0.925	0.945	0.884	0.988	1.008	0.989	0.976	0.967	1.080	1.065	1.089	1.069	1.079	1.092	0.095	0.092	0.098	0.099	0.096	0.098	1.122	1.140	0.977	1.167	1.163	1.149	1.160	1.099	1.097	1.080	1.065	1.044	1.082	1.120	1.103	1.151	1.142	1.134	1.171	1.058	1.172	1.198	1.157	0.861	1.127	1.198	1.067	1.199	1.125	0.543	1.194	1.160	1.119	1.110	1.076	1.141	1.082	1.119	1.148	0.828	1.095	0.896	0.092	0.089	0.100	0.107	0.099	0.101
14:56:43	0.858	0.872	0.895	0.845	0.848	0.853	0.854	0.866	0.898	0.850	0.881	0.890	0.829	0.931	0.926	0.923	0.909	0.906	0.881	0.887	0.902	0.922	0.915	0.146	0.919	0.974	1.009	0.951	0.927	0.952	0.890	0.993	1.002	0.998	0.991	0.975	1.091	1.073	1.088	1.075	1.087	1.104	0.095	0.092	0.097	0.099	0.096	0.098	1.130	1.151	0.977	1.178	1.165	1.160	1.161	1.097	1.108	1.084	1.063	1.054	1.087	1.118	1.111	1.149	1.155	1.146	1.182	0.953	1.166	1.198	1.164	0.863	1.130	1.205	1.055	1.206	1.139	0.543	1.194	1.168	1.131	1.129	1.092	1.155	1.085	1.130	1.157	0.829	1.102	0.899	0.092	0.089	0.100	0.107	0.099	0.101
15:06:43	0.861	0.872	0.898	0.850	0.848	0.852	0.854	0.868	0.890	0.852	0.882	0.896	0.831	0.937	0.934	0.932	0.909	0.912	0.890	0.890	0.912	0.928	0.921	0.146	0.921	0.982	1.009	0.946	0.945	0.969	0.900	1.005	1.019	0.993	0.993	0.988	1.094	1.081	1.088	1.090	1.090	1.113	0.095	0.092	0.098	0.099	0.096	0.098	1.140	1.160	1.003	1.179	1.175	1.170	1.173	1.107	1.117	1.098	1.085	1.060	1.093	1.122	1.121	1.156	1.149	1.152	1.184	1.077	1.176	1.219	1.165	0.865	1.136	1.217	1.074	1.214	1.151	0.547	1.207	1.176	1.137	1.114	1.096	1.154	1.087	1.133	1.160	0.831	1.107	0.900	0.092	0.089	0.101	0.107	0.099	0.101
15:16:43	0.861	0.867	0.891	0.841	0.843	0.853	0.852	0.872	0.902	0.864	0.885	0.897	0.815	0.936	0.931	0.926	0.904	0.903	0.887	0.887	0.907	0.919	0.919	0.146	0.915	0.967	1.002	0.936	0.927	0.966	0.895	0.989	1.000	0.976	0.955	0.962	1.091	1.076	1.091	1.083	1.083	1.097	0.095	0.092	0.098	0.098	0.096	0.098	1.118	1.151	0.991	1.180	1.160	1.149	1.162	1.076	1.085	1.075	1.043	1.025	1.088	1.112	1.112	1.157	1.144	1.152	1.165	0.954	1.158	1.190	1.144	0.858	1.129	1.201	1.068	1.205	1.148	0.546	1.184	1.156	1.106	1.096	1.062	1.132	1.093	1.120	1.151	0.832	1.113	0.901	0.092	0.089	0.100	0.107	0.099	0.101
15:26:43	0.865	0.875	0.903	0.848	0.848	0.857	0.859	0.868	0.904	0.858	0.886	0.896	0.829	0.942	0.939	0.944	0.913	0.913	0.893	0.892	0.912	0.927	0.927	0.146	0.924	0.969	1.015	0.954	0.952	0.985	0.918	1.005	1.018	0.984	0.990	0.991	1.100	1.079	1.107	1.089	1.097	1.122	0.095	0.092	0.098	0.098	0.096	0.098	1.128	1.158	1.004	1.194	1.174	1.162	1.180	1.113	1.117	1.088	1.084	1.045	1.097	1.128	1.122	1.159	1.157	1.162	1.194	1.069	1.186	1.213	1.158	0.862	1.137	1.222	1.052	1.224	1.153	0.547	1.205	1.177	1.137	1.125	1.096	1.164	1.100	1.135	1.157	0.838	1.070	0.903	0.092	0.089	0.101	0.107	0.099	0.101
15:36:43	0.868	0.875	0.907	0.854	0.851	0.868	0.863	0.874	0.906	0.861	0.885	0.900	0.846	0.942	0.941	0.948	0.935	0.915	0.900	0.905	0.921	0.938	0.935	0.146	0.933	0.995	1.027	0.959	0.973	0.992	0.934	1.018	1.030	1.009	1.019	0.996	1.105	1.083	1.114	1.102	1.113	1.132	0.095	0.092	0.098	0.098	0.096	0.098	1.140	1.171	1.020	1.198	1.184	1.177	1.187	1.114	1.125	1.111	1.089	1.055	1.107	1.131	1.121	1.165	1.155	1.167	1.210	0.955	1.184	1.224	1.162	0.870	1.148	1.234	1.050	1.225	1.159	0.549	1.215	1.169	1.140	1.111	1.114	1.173	1.100	1.147	1.166	0.840	1.123	0.906	0.092	0.089	0.101	0.107	0.098	0.101
15:46:43	0.867	0.875	0.907	0.857	0.851	0.861	0.866	0.875	0.905	0.862	0.886	0.899	0.838	0.945	0.946	0.948	0.923	0.914	0.898	0.905	0.922	0.939	0.939	0.146	0.948	0.992	1.019	0.962	0.976	0.988	0.940	1.009	1.033	1.013	1.017	1.010	1.101	1.083	1.106	1.111	1.107	1.123	0.095	0.092	0.098	0.098	0.096	0.098	1.140	1.175	1.028	1.195	1.191	1.168	1.190	1.112	1.143	1.121	1.093	1.063	1.108	1.129	1.124	1.171	1.165	1.166	1.207	1.079	1.186	1.234	1.164	0.872	1.150	1.241	1.064	1.231	1.165	0.549	1.219	1.174	1.140	1.116	1.112	1.182	1.106	1.143	1.170	0.841	1.102	0.905	0.092	0.089	0.101	0.106	0.098	0.101
15:56:43	0.869	0.875	0.903	0.852	0.850	0.864	0.865	0.875	0.898	0.862	0.892	0.900	0.823	0.933	0.951	0.948	0.921	0.919	0.894	0.907	0.915	0.931	0.933	0.146	0.941	0.999	1.031	0.966	0.979	0.996	0.932	1.012	1.023	1.007	1.009	1.006	1.108	1.087	1.107	1.103	1.108	1.117	0.095	0.091	0.097	0.098	0.096	0.098	1.138	1.180	1.021	1.174	1.182	1.161	1.190	1.096	1.140	1.104	1.075	1.047	1.106	1.142	1.122	1.174	1.161	1.150	1.194	0.966	1.182	1.210	1.141	0.868	1.157	1.230	1.061	1.234	1.167	0.554	1.217	1.163	1.143	1.115	1.108	1.170	1.107	1.143	1.170	0.840	1.129	0.909	0.092	0.089	0.100	0.107	0.099	0.101
16:06:43	0.871	0.876	0.904	0.858	0.854	0.866	0.870	0.878	0.902	0.867	0.891	0.900	0.830	0.947	0.952	0.958	0.929	0.925	0.903	0.912	0.924	0.937	0.942	0.146	0.955	1.006	1.038	0.981	0.993	1.001	0.942	1.028	1.037	1.011	1.000	1.010	1.102	1.085	1.113	1.107	1.108	1.119	0.095	0.092	0.098	0.098	0.096	0.098	1.144	1.182	1.034	1.180	1.193	1.175	1.189	1.108	1.148	1.108	1.095	1.062	1.117	1.140	1.135	1.171	1.165	1.158	1.202	1.094	1.179	1.217	1.162	0.875	1.160	1.238	1.071	1.242	1.177	0.553	1.217	1.176	1.142	1.130	1.112	1.172	1.113	1.149	1.169	0.840	1.149	0.913	0.092	0.089	0.101	0.107	0.099	0.101
16:16:43	0.872	0.879	0.907	0.857	0.856	0.871	0.869	0.878	0.899	0.866	0.894	0.905	0.824	0.956	0.947	0.962	0.938	0.929	0.912	0.916	0.924	0.943	0.941	0.146	0.948	1.011	1.042	0.982	0.995	1.017	0.943	1.031	1.048	1.021	1.009	1.027	1.110	1.095	1.123	1.119	1.105	1.134	0.095	0.092	0.098	0.099	0.096	0.098	1.153	1.184	1.049	1.198	1.192	1.171	1.200	1.114	1.158	1.095	1.088	1.065	1.121	1.139	1.137	1.185	1.172	1.167	1.214	0.974	1.194	1.222	1.159	0.871	1.156	1.248	1.076	1.246	1.179	0.552	1.219	1.177	1.152	1.108	1.120	1.176	1.108	1.156	1.173	0.841	1.151	0.916	0.092	0.089	0.101	0.107	0.099	0.101
16:26:43	0.872	0.879	0.906	0.858	0.855	0.863	0.874	0.880	0.896	0.874	0.898	0.904	0.827	0.945	0.947	0.955	0.924	0.919	0.904	0.916	0.924	0.932	0.942	0.146	0.950	1.006	1.034	0.975	0.989	1.002	0.945	1.026	1.043	1.004	1.009	1.009	1.116	1.092	1.119	1.107	1.107	1.128	0.095	0.092	0.097	0.098	0.096	0.098	1.143	1.182	1.045	1.198	1.193	1.178	1.191	1.117	1.152	1.086	1.078	1.056	1.107	1.144	1.133	1.173	1.159	1.169	1.212	1.076	1.198	1.219	1.156	0.878	1.158	1.237	1.065	1.235	1.178	0.557	1.217	1.178	1.146	1.093	1.107	1.174	1.106	1.149	1.165	0.842	1.136	0.912	0.092	0.089	0.100	0.106	0.099	0.101
16:36:43	0.873	0.879	0.907	0.861	0.854	0.871	0.874	0.883	0.898	0.874	0.900	0.907	0.831	0.944	0.953	0.956	0.931	0.919	0.908	0.917	0.931	0.941	0.946	0.146	0.954	1.010	1.043	0.969	1.018	1.007	0.955	1.017	1.052	1.015	1.020	1.002	1.123	1.095	1.113	1.109	1.111	1.129	0.095	0.092	0.098	0.098	0.096	0.098	1.150	1.176	1.049	1.198	1.190	1.181	1.186	1.126	1.151	1.083	1.088	1.068	1.101	1.136	1.128	1.180	1.167	1.168	1.215	0.976	1.192	1.215	1.160	0.881	1.162	1.236	1.069	1.237	1.194	0.556	1.212	1.191	1.153	1.087	1.112	1.175	1.110	1.157	1.169	0.842	1.147	0.918	0.092	0.089	0.100	0.107	0.099	0.101
16:46:43	0.873	0.882	0.913	0.867	0.858	0.871	0.880	0.895	0.905	0.882	0.898	0.914	0.831	0.938	0.950	0.961	0.930	0.925	0.906	0.918	0.933	0.944	0.944	0.146	0.949	1.010	1.031	0.975	1.010	1.013	0.948	1.026	1.044	1.012	1.019	1.014	1.125	1.086	1.113	1.112	1.113	1.129	0.095	0.092	0.097	0.098	0.096	0.098	1.151	1.165	1.041	1.199	1.191	1.175	1.185	1.111	1.142	1.098	1.090	1.048	1.106	1.130	1.124	1.177	1.166	1.164	1.210	1.082	1.189	1.217	1.152	0.872	1.152	1.224	1.062	1.243	1.193	0.556	1.207	1.188	1.149	1.091	1.109	1.164	1.114	1.156	1.168	0.843	1.154	0.923	0.092	0.089	0.101	0.107	0.099	0.101
16:56:43	0.876	0.884	0.914	0.869	0.860	0.877	0.883	0.893	0.924	0.883	0.898	0.916	0.835	0.948	0.948	0.962	0.940	0.936	0.914	0.931	0.938	0.945	0.945	0.146	0.946	1.014	1.046	0.979	1.010	1.013	0.956	1.036	1.053	1.014	1.020	1.016	1.131	1.090	1.124	1.128	1.113	1.133	0.094	0.092	0.097	0.098	0.096	0.098	1.151	1.181	1.047	1.196	1.193	1.178	1.189	1.125	1.138	1.094	1.100	1.055	1.109	1.127	1.121	1.171	1.169	1.161	1.208	0.980	1.194	1.217	1.157	0.877	1.168	1.233	1.069	1.247	1.185	0.556	1.203	1.199	1.152	1.084	1.116	1.165	1.117	1.155	1.179	0.848	1.146	0.922	0.092	0.089	0.101	0.106	0.098	0.101
17:06:43	0.873	0.878	0.911	0.866	0.859	0.880	0.883	0.891	0.915	0.883	0.899	0.909	0.842	0.957	0.951	0.961	0.935	0.936	0.915	0.929	0.934	0.942	0.946	0.146	0.957	1.023	1.041	0.980	1.016	1.022	0.962	1.030	1.060	1.018	1.010	1.002	1.131	1.092	1.128	1.132	1.123	1.128	0.095	0.092	0.097	0.098	0.096	0.098	1.147	1.188	1.063	1.206	1.193	1.185	1.190	1.139	1.157	1.108	1.106	1.067	1.110	1.129	1.130	1.181	1.168	1.165	1.205	1.093	1.201	1.223	1.164	0.892	1.163	1.239	1.086	1.250	1.194	0.558	1.213	1.204	1.157	1.092	1.113	1.177	1.125	1.162	1.171	0.847	1.166	0.925	0.092	0.089	0.101	0.107	0.098	0.101
17:16:43	0.872	0.883	0.915	0.870	0.860	0.881	0.888	0.892	0.919	0.887	0.899	0.914	0.837	0.953	0.958	0.966	0.949	0.945	0.923	0.934	0.936	0.948	0.954	0.146	0.955	1.033	1.051	0.990	1.030	1.028	0.967	1.041	1.071	1.025	1.023	1.030	1.131	1.095	1.123	1.134	1.130	1.136	0.095	0.092	0.098	0.099	0.096	0.098	1.147	1.194	1.068	1.211	1.192	1.192	1.198	1.130	1.172	1.108	1.106	1.063	1.102	1.132	1.123	1.180	1.170	1.159	1.215	0.983	1.200	1.213	1.164	0.896	1.162	1.243	1.089	1.246	1.190	0.557	1.222	1.211	1.162	1.104	1.134	1.168	1.119	1.163	1.176	0.850	1.161	0.926	0.092	0.089	0.101	0.107	0.099	0.101
17:26:43	0.875	0.883	0.919	0.871	0.865	0.883	0.891	0.896	0.925	0.887	0.904	0.919	0.836	0.959	0.965	0.970	0.948	0.948	0.931	0.940	0.944	0.958	0.960	0.146	0.970	1.037	1.053	0.994	1.037	1.035	0.976	1.044	1.078	1.029	1.035	1.017	1.137	1.093	1.134	1.136	1.130	1.141	0.095	0.092	0.098	0.098	0.096	0.098	1.149	1.188	1.076	1.210	1.200	1.198	1.203	1.139	1.164	1.102	1.099	1.050	1.106	1.136	1.124	1.183	1.175	1.163	1.209	1.094	1.202	1.212	1.161	0.884	1.159	1.239	1.081	1.259	1.183	0.558	1.226	1.203	1.155	1.097	1.141	1.166	1.125	1.159	1.185	0.854	1.145	0.928	0.092	0.089	0.101	0.107	0.099	0.101
17:36:43	0.876	0.886	0.917	0.869	0.868	0.887	0.888	0.897	0.919	0.887	0.901	0.915	0.836	0.978	0.970	0.967	0.955	0.946	0.926	0.944	0.945	0.957	0.952	0.146	0.972	1.043	1.050	1.017	1.062	1.036	0.971	1.052	1.088	1.034	1.028	1.029	1.140	1.103	1.142	1.140	1.142	1.151	0.095	0.092	0.097	0.098	0.096	0.098	1.148	1.206	1.076	1.210	1.202	1.198	1.213	1.149	1.166	1.127	1.117	1.068	1.111	1.141	1.124	1.188	1.176	1.176	1.224	0.998	1.216	1.220	1.165	0.892	1.169	1.250	1.062	1.264	1.196	0.560	1.230	1.216	1.164	1.084	1.144	1.180	1.128	1.163	1.181	0.852	1.159	0.929	0.092	0.089	0.101	0.107	0.099	0.101
17:46:43	0.875	0.879	0.922	0.872	0.871	0.891	0.896	0.904	0.920	0.894	0.904	0.925	0.832	0.981	0.974	0.973	0.956	0.958	0.925	0.952	0.951	0.962	0.956	0.145	0.976	1.041	1.059	1.021	1.056	1.044	0.973	1.053	1.084	1.026	1.033	1.037	1.139	1.115	1.138	1.138	1.130	1.147	0.095	0.091	0.097	0.098	0.096	0.097	1.145	1.199	1.082	1.215	1.196	1.185	1.203	1.150	1.164	1.119	1.111	1.036	1.104	1.141	1.133	1.185	1.172	1.177	1.216	1.003	1.214	1.221	1.160	0.887	1.170	1.250	1.072	1.259	1.207	0.560	1.230	1.207	1.164	1.117	1.133	1.155	1.137	1.157	1.182	0.853	1.163	0.933	0.091	0.088	0.100	0.106	0.099	0.101
17:56:43	0.878	0.884	0.918	0.871	0.874	0.882	0.892	0.906	0.919	0.894	0.904	0.922	0.836	0.967	0.965	0.966	0.948	0.952	0.921	0.938	0.956	0.962	0.951	0.146	0.968	1.030	1.050	1.029	1.047	1.033	0.981	1.047	1.078	1.025	1.021	1.027	1.141	1.116	1.136	1.128	1.128	1.133	0.095	0.092	0.097	0.098	0.096	0.097	1.141	1.191	1.074	1.212	1.193	1.194	1.207	1.145	1.170	1.104	1.109	1.058	1.102	1.136	1.123	1.181	1.165	1.177	1.223	1.098	1.220	1.220	1.139	0.889	1.167	1.237	1.089	1.258	1.205	0.561	1.223	1.212	1.153	1.124	1.120	1.174	1.139	1.159	1.182	0.854	1.129	0.932	0.092	0.089	0.101	0.106	0.099	0.101
18:06:43	0.874	0.883	0.920	0.874	0.875	0.892	0.898	0.910	0.922	0.899	0.906	0.926	0.838	0.964	0.968	0.971	0.958	0.962	0.925	0.944	0.951	0.955	0.952	0.146	0.975	1.039	1.061	1.037	1.041	1.032	0.986	1.054	1.081	1.022	1.014	1.029	1.143	1.108	1.142	1.129	1.123	1.136	0.095	0.092	0.097	0.098	0.096	0.098	1.150	1.195	1.089	1.210	1.187	1.191	1.206	1.139	1.167	1.088	1.097	1.035	1.100	1.132	1.124	1.188	1.173	1.167	1.212	1.000	1.219	1.213	1.151	0.890	1.167	1.250	1.105	1.263	1.208	0.559	1.221	1.204	1.152	1.123	1.104	1.169	1.131	1.158	1.187	0.856	1.150	0.935	0.092	0.089	0.100	0.107	0.099	0.101
18:16:43	0.876	0.886	0.921	0.873	0.872	0.891	0.898	0.911	0.923	0.901	0.909	0.921	0.844	0.976	0.975	0.973	0.964	0.964	0.934	0.957	0.950	0.952	0.955	0.146	0.982	1.046	1.067	1.040	1.081	1.053	0.997	1.056	1.081	1.020	1.020	1.038	1.154	1.113	1.148	1.138	1.135	1.157	0.095	0.092	0.097	0.098	0.096	0.098	1.150	1.198	1.097	1.220	1.198	1.197	1.230	1.142	1.173	1.094	1.102	1.055	1.109	1.147	1.127	1.196	1.180	1.176	1.230	1.101	1.218	1.212	1.173	0.896	1.181	1.255	1.105	1.273	1.213	0.562	1.238	1.209	1.172	1.146	1.110	1.189	1.136	1.162	1.194	0.855	1.159	0.938	0.092	0.089	0.100	0.107	0.099	0.101
18:26:43	0.873	0.884	0.924	0.876	0.878	0.889	0.896	0.908	0.929	0.899	0.906	0.925	0.842	0.967	0.971	0.970	0.960	0.955	0.941	0.953	0.956	0.957	0.950	0.145	0.970	1.056	1.076	1.046	1.080	1.052	1.003	1.058	1.091	1.017	1.008	1.031	1.158	1.121	1.155	1.141	1.130	1.159	0.095	0.092	0.097	0.098	0.096	0.098	1.152	1.198	1.095	1.232	1.213	1.198	1.216	1.149	1.173	1.095	1.105	1.049	1.103	1.144	1.125	1.201	1.177	1.172	1.218	1.001	1.224	1.204	1.146	0.896	1.180	1.255	1.108	1.271	1.208	0.561	1.248	1.203	1.171	1.153	1.115	1.186	1.131	1.163	1.190	0.858	1.154	0.935	0.092	0.088	0.100	0.107	0.099	0.101
18:36:43	0.874	0.889	0.925	0.878	0.877	0.892	0.899	0.911	0.936	0.902	0.906	0.925	0.843	0.981	0.977	0.981	0.973	0.972	0.948	0.955	0.957	0.966	0.948	0.146	0.986	1.070	1.082	1.064	1.092	1.060	1.010	1.058	1.093	1.019	1.027	1.036	1.156	1.111	1.155	1.140	1.143	1.159	0.095	0.092	0.097	0.098	0.096	0.098	1.156	1.192	1.101	1.234	1.208	1.198	1.218	1.148	1.179	1.092	1.109	1.065	1.103	1.154	1.126	1.212	1.178	1.177	1.232	1.116	1.218	1.206	1.173	0.902	1.183	1.258	1.093	1.277	1.216	0.564	1.242	1.229	1.177	1.126	1.111	1.191	1.128	1.166	1.198	0.860	1.172	0.937	0.092	0.089	0.101	0.107	0.099	0.101
18:46:43	0.870	0.887	0.927	0.878	0.878	0.893	0.904	0.911	0.947	0.904	0.907	0.929	0.846	0.981	0.987	0.974	0.968	0.968	0.950	0.950	0.953	0.963	0.947	0.146	0.981	1.070	1.070	1.047	1.083	1.049	0.996	1.059	1.079	1.019	1.029	1.024	1.155	1.100	1.146	1.131	1.143	1.155	0.095	0.092	0.097	0.098	0.096	0.098	1.159	1.196	1.099	1.231	1.202	1.187	1.217	1.156	1.173	1.094	1.099	1.048	1.106	1.138	1.123	1.211	1.179	1.175	1.218	1.008	1.224	1.194	1.149	0.896	1.178	1.254	1.089	1.272	1.218	0.562	1.229	1.220	1.163	1.118	1.107	1.169	1.121	1.165	1.194	0.859	1.177	0.939	0.092	0.089	0.101	0.107	0.099	0.101
18:56:43	0.867	0.889	0.926	0.877	0.874	0.894	0.907	0.915	0.938	0.908	0.906	0.932	0.846	0.988	0.996	0.987	0.965	0.968	0.956	0.959	0.955	0.964	0.949	0.146	0.988	1.069	1.081	1.054	1.109	1.066	1.001	1.076	1.092	1.043	1.048	1.025	1.157	1.123	1.157	1.149	1.149	1.160	0.095	0.092	0.097	0.098	0.096	0.097	1.151	1.196	1.123	1.231	1.206	1.196	1.222	1.159	1.183	1.094	1.108	1.056	1.116	1.140	1.138	1.200	1.180	1.168	1.232	1.119	1.223	1.199	1.154	0.903	1.182	1.253	1.093	1.284	1.220	0.561	1.240	1.233	1.177	1.139	1.109	1.180	1.134	1.167	1.206	0.862	1.166	0.939	0.092	0.088	0.100	0.107	0.099	0.101
19:06:43	0.867	0.888	0.923	0.880	0.878	0.896	0.905	0.915	0.934	0.909	0.904	0.934	0.842	0.980	0.995	0.991	0.971	0.965	0.955	0.952	0.962	0.963	0.951	0.146	0.988	1.067	1.085	1.061	1.105	1.061	1.013	1.072	1.091	1.038	1.042	1.010	1.163	1.118	1.151	1.146	1.142	1.173	0.095	0.092	0.097	0.098	0.096	0.097	1.145	1.197	1.119	1.232	1.210	1.190	1.214	1.159	1.183	1.105	1.110	1.049	1.107	1.147	1.134	1.201	1.184	1.174	1.237	1.029	1.225	1.184	1.147	0.904	1.184	1.254	1.097	1.289	1.216	0.562	1.247	1.224	1.160	1.102	1.115	1.169	1.139	1.163	1.206	0.861	1.144	0.938	0.092	0.089	0.100	0.106	0.099	0.101
19:16:43	0.867	0.891	0.925	0.878	0.881	0.897	0.906	0.918	0.930	0.909	0.907	0.933	0.843	0.984	0.994	0.982	0.966	0.971	0.953	0.957	0.962	0.963	0.953	0.145	0.995	1.069	1.077	1.069	1.109	1.068	1.005	1.065	1.087	1.028	1.043	1.003	1.154	1.106	1.149	1.139	1.145	1.154	0.094	0.091	0.097	0.098	0.096	0.097	1.150	1.201	1.110	1.231	1.219	1.186	1.221	1.155	1.179	1.074	1.107	1.034	1.104	1.145	1.132	1.195	1.182	1.161	1.231	1.109	1.216	1.170	1.139	0.907	1.187	1.254	1.071	1.288	1.216	0.560	1.243	1.228	1.175	1.120	1.105	1.182	1.139	1.161	1.196	0.863	1.135	0.940	0.092	0.088	0.100	0.106	0.098	0.101
19:26:43	0.867	0.891	0.927	0.882	0.883	0.899	0.904	0.919	0.933	0.907	0.908	0.933	0.844	0.983	0.987	0.991	0.970	0.977	0.959	0.965	0.969	0.961	0.945	0.146	0.998	1.067	1.082	1.079	1.122	1.079	1.024	1.077	1.098	1.032	1.037	1.010	1.160	1.108	1.157	1.155	1.155	1.161	0.095	0.092	0.097	0.098	0.096	0.098	1.146	1.191	1.106	1.227	1.214	1.195	1.235	1.153	1.185	1.065	1.111	1.036	1.113	1.143	1.128	1.191	1.187	1.168	1.239	1.020	1.224	1.177	1.143	0.904	1.183	1.258	1.090	1.290	1.217	0.561	1.242	1.223	1.154	1.122	1.102	1.179	1.135	1.157	1.199	0.860	1.157	0.942	0.092	0.089	0.100	0.106	0.099	0.101
19:36:43	0.865	0.890	0.929	0.881	0.884	0.898	0.904	0.917	0.933	0.905	0.908	0.930	0.839	0.978	0.992	0.994	0.979	0.986	0.969	0.964	0.968	0.960	0.946	0.146	1.002	1.088	1.085	1.074	1.129	1.084	1.034	1.074	1.109	1.033	1.039	1.016	1.162	1.108	1.155	1.154	1.149	1.169	0.095	0.092	0.097	0.098	0.096	0.098	1.138	1.191	1.119	1.231	1.230	1.209	1.238	1.163	1.190	1.082	1.116	1.037	1.111	1.147	1.129	1.197	1.188	1.175	1.229	1.126	1.224	1.190	1.155	0.911	1.186	1.263	1.089	1.295	1.227	0.561	1.248	1.224	1.167	1.138	1.112	1.170	1.133	1.164	1.203	0.863	1.173	0.941	0.092	0.089	0.101	0.107	0.099	0.101
19:46:43	0.860	0.890	0.931	0.883	0.884	0.897	0.905	0.919	0.940	0.909	0.909	0.937	0.843	0.977	0.996	0.990	0.974	0.973	0.963	0.962	0.972	0.958	0.942	0.145	1.006	1.079	1.083	1.076	1.141	1.078	1.029	1.082	1.109	1.035	1.036	1.010	1.160	1.110	1.151	1.154	1.156	1.166	0.095	0.092	0.097	0.098	0.096	0.097	1.129	1.190	1.123	1.224	1.218	1.196	1.230	1.156	1.177	1.064	1.105	1.033	1.103	1.145	1.129	1.185	1.188	1.182	1.222	1.026	1.229	1.173	1.120	0.909	1.181	1.256	1.067	1.296	1.230	0.558	1.248	1.222	1.157	1.134	1.092	1.148	1.136	1.157	1.195	0.862	1.176	0.941	0.092	0.089	0.100	0.107	0.099	0.101
19:56:43	0.858	0.890	0.934	0.884	0.885	0.901	0.914	0.921	0.941	0.911	0.906	0.935	0.845	0.970	0.984	0.980	0.968	0.976	0.958	0.958	0.964	0.950	0.944	0.145	0.994	1.080	1.086	1.075	1.133	1.080	1.035	1.075	1.098	1.041	1.041	1.025	1.158	1.107	1.143	1.154	1.152	1.156	0.095	0.092	0.097	0.098	0.096	0.098	1.125	1.186	1.130	1.220	1.225	1.199	1.229	1.152	1.180	1.075	1.107	1.009	1.105	1.142	1.114	1.186	1.184	1.169	1.225	1.114	1.226	1.157	1.125	0.909	1.179	1.252	1.075	1.290	1.219	0.559	1.243	1.221	1.161	1.083	1.101	1.155	1.127	1.152	1.196	0.863	1.184	0.940	0.092	0.089	0.100	0.107	0.099	0.101
20:06:43	0.858	0.889	0.929	0.884	0.890	0.898	0.911	0.922	0.936	0.909	0.905	0.941	0.846	0.986	0.996	0.994	0.979	0.983	0.959	0.956	0.969	0.955	0.942	0.145	1.008	1.091	1.085	1.087	1.132	1.082	1.040	1.073	1.116	1.045	1.033	1.018	1.157	1.111	1.149	1.156	1.151	1.167	0.095	0.092	0.097	0.098	0.096	0.097	1.109	1.184	1.137	1.230	1.211	1.197	1.231	1.159	1.173	1.088	1.101	1.022	1.105	1.141	1.117	1.198	1.180	1.165	1.221	1.024	1.223	1.150	1.119	0.909	1.175	1.264	1.085	1.298	1.229	0.558	1.246	1.219	1.173	1.091	1.092	1.161	1.135	1.157	1.194	0.861	1.169	0.941	0.092	0.088	0.100	0.107	0.099	0.101
20:16:43	0.854	0.894	0.935	0.884	0.900	0.899	0.907	0.921	0.944	0.913	0.906	0.943	0.840	0.981	0.976	0.982	0.960	0.969	0.952	0.956	0.962	0.945	0.938	0.146	0.996	1.078	1.079	1.077	1.132	1.075	1.026	1.082	1.110	1.036	1.025	1.019	1.149	1.105	1.138	1.144	1.143	1.153	0.095	0.092	0.097	0.098	0.096	0.097	1.087	1.166	1.123	1.211	1.207	1.177	1.233	1.140	1.156	1.075	1.080	0.992	1.097	1.134	1.111	1.190	1.170	1.156	1.212	1.108	1.212	1.131	1.078	0.907	1.174	1.257	1.060	1.299	1.218	0.556	1.241	1.202	1.141	1.082	1.091	1.141	1.131	1.143	1.182	0.860	1.143	0.939	0.092	0.089	0.100	0.107	0.099	0.101
20:26:43	0.852	0.897	0.936	0.888	0.909	0.893	0.909	0.922	0.945	0.913	0.907	0.940	0.841	0.956	0.976	0.984	0.957	0.970	0.948	0.944	0.964	0.947	0.934	0.145	0.987	1.074	1.062	1.076	1.130	1.073	1.035	1.075	1.096	1.024	1.015	1.005	1.153	1.100	1.143	1.141	1.140	1.146	0.095	0.091	0.097	0.098	0.096	0.097	1.085	1.160	1.123	1.205	1.194	1.171	1.229	1.137	1.156	1.058	1.074	0.972	1.090	1.130	1.096	1.180	1.170	1.152	1.202	1.014	1.204	1.106	1.054	0.914	1.167	1.242	1.054	1.290	1.227	0.557	1.244	1.182	1.134	1.067	1.082	1.130	1.126	1.135	1.180	0.860	1.101	0.941	0.092	0.089	0.100	0.107	0.099	0.101
20:36:43	0.849	0.902	0.936	0.887	0.914	0.904	0.911	0.922	0.948	0.914	0.907	0.948	0.844	0.960	0.983	0.990	0.964	0.961	0.954	0.954	0.966	0.942	0.935	0.145	0.995	1.070	1.056	1.083	1.132	1.077	1.027	1.073	1.102	1.027	1.033	1.006	1.159	1.105	1.140	1.150	1.129	1.142	0.094	0.091	0.097	0.098	0.096	0.097	1.070	1.150	1.128	1.216	1.188	1.184	1.228	1.135	1.146	1.057	1.062	0.958	1.086	1.126	1.096	1.183	1.166	1.148	1.202	1.076	1.188	1.078	1.019	0.909	1.170	1.242	1.062	1.287	1.240	0.554	1.237	1.180	1.131	1.062	1.083	1.132	1.118	1.136	1.174	0.860	1.069	0.942	0.092	0.088	0.100	0.106	0.099	0.101
20:46:43	0.844	0.908	0.940	0.888	0.914	0.902	0.910	0.918	0.942	0.912	0.910	0.935	0.837	0.951	0.976	0.978	0.965	0.961	0.950	0.953	0.964	0.940	0.936	0.145	0.978	1.071	1.056	1.083	1.145	1.068	1.028	1.074	1.097	1.017	0.998	0.986	1.153	1.089	1.135	1.141	1.120	1.145	0.094	0.091	0.097	0.098	0.096	0.097	1.077	1.151	1.122	1.208	1.184	1.161	1.220	1.126	1.126	1.037	1.053	0.959	1.073	1.124	1.084	1.169	1.147	1.154	1.191	1.018	1.180	1.055	0.994	0.912	1.165	1.247	1.051	1.284	1.229	0.553	1.232	1.176	1.109	1.017	1.052	1.126	1.117	1.132	1.165	0.856	1.062	0.941	0.092	0.088	0.100	0.106	0.098	0.101
20:56:43	0.846	0.915	0.950	0.889	0.913	0.901	0.917	0.927	0.946	0.918	0.909	0.947	0.837	0.951	0.969	0.977	0.954	0.966	0.948	0.949	0.956	0.945	0.943	0.145	0.976	1.070	1.054	1.079	1.138	1.075	1.027	1.066	1.092	1.002	0.985	0.992	1.143	1.083	1.122	1.135	1.109	1.127	0.095	0.092	0.097	0.098	0.096	0.097	1.048	1.125	1.135	1.193	1.170	1.160	1.214	1.110	1.112	0.996	1.025	0.944	1.065	1.117	1.081	1.156	1.141	1.137	1.179	1.068	1.172	1.007	0.950	0.909	1.152	1.243	1.017	1.277	1.232	0.553	1.220	1.167	1.097	1.013	1.022	1.115	1.117	1.124	1.161	0.859	1.097	0.941	0.092	0.088	0.100	0.107	0.099	0.101
21:06:43	0.842	0.921	0.951	0.888	0.913	0.899	0.915	0.924	0.941	0.915	0.910	0.945	0.834	0.941	0.956	0.976	0.945	0.955	0.950	0.940	0.958	0.945	0.945	0.145	0.988	1.067	1.059	1.096	1.134	1.085	1.003	1.059	1.092	1.006	0.982	0.985	1.137	1.082	1.126	1.123	1.120	1.131	0.095	0.091	0.097	0.098	0.096	0.097	1.050	1.113	1.134	1.187	1.165	1.146	1.197	1.104	1.101	0.973	0.997	0.946	1.056	1.113	1.073	1.152	1.132	1.131	1.180	1.002	1.154	0.961	0.948	0.913	1.138	1.227	1.030	1.289	1.226	0.549	1.223	1.158	1.071	1.032	1.017	1.109	1.112	1.121	1.153	0.855	1.087	0.940	0.092	0.088	0.101	0.107	0.099	0.101
21:16:43	0.837	0.927	0.955	0.891	0.912	0.903	0.919	0.925	0.948	0.917	0.906	0.938	0.836	0.938	0.952	0.969	0.942	0.942	0.939	0.937	0.949	0.944	0.946	0.145	0.970	1.050	1.041	1.099	1.139	1.070	1.002	1.050	1.053	0.982	0.974	0.970	1.136	1.081	1.116	1.116	1.081	1.115	0.094	0.092	0.097	0.098	0.096	0.097	1.038	1.105	1.135	1.172	1.149	1.131	1.189	1.083	1.094	0.959	0.962	0.935	1.043	1.105	1.064	1.139	1.126	1.110	1.165	1.065	1.137	0.948	0.933	0.910	1.133	1.228	0.996	1.280	1.223	0.549	1.214	1.143	1.071	0.967	0.995	1.099	1.110	1.120	1.149	0.854	1.065	0.937	0.092	0.088	0.100	0.106	0.099	0.101
21:26:43	0.837	0.929	0.962	0.892	0.910	0.907	0.921	0.930	0.950	0.914	0.908	0.931	0.824	0.927	0.945	0.958	0.936	0.935	0.935	0.936	0.943	0.947	0.945	0.145	0.973	1.048	1.025	1.075	1.131	1.059	0.988	1.050	1.039	0.963	0.956	0.945	1.122	1.061	1.099	1.107	1.078	1.102	0.095	0.092	0.097	0.098	0.096	0.097	1.006	1.086	1.129	1.164	1.136	1.100	1.167	1.058	1.072	0.944	0.939	0.927	1.020	1.095	1.031	1.117	1.114	1.104	1.155	0.999	1.123	0.932	0.926	0.912	1.120	1.201	0.961	1.278	1.213	0.544	1.193	1.125	1.032	0.995	0.976	1.064	1.105	1.100	1.137	0.853	1.044	0.935	0.092	0.088	0.100	0.106	0.099	0.101
21:36:43	0.831	0.925	0.955	0.892	0.904	0.909	0.916	0.924	0.942	0.917	0.904	0.927	0.828	0.935	0.946	0.958	0.934	0.935	0.933	0.934	0.939	0.948	0.944	0.145	0.974	1.046	1.028	1.092	1.142	1.073	0.983	1.054	1.023	0.959	0.951	0.942	1.121	1.053	1.113	1.113	1.076	1.106	0.094	0.091	0.097	0.098	0.096	0.097	1.002	1.076	1.137	1.161	1.131	1.100	1.169	1.067	1.079	0.944	0.938	0.930	1.015	1.097	1.005	1.123	1.107	1.102	1.148	1.031	1.125	0.925	0.932	0.912	1.115	1.215	0.954	1.275	1.215	0.544	1.196	1.142	1.014	0.998	0.983	1.052	1.095	1.099	1.134	0.850	1.061	0.931	0.092	0.088	0.100	0.106	0.098	0.101
0:00:00																																																																																																
0:00:00																																																																																																
0:00:00																																																																																																
0:00:00																																																																																																
0:00:00																																																																																																
0:00:00																																																																																																
0:00:00																																																																																																
0:00:00																																																																																																
0:00:00																																																																																																
0:00:00																																																																																																
0:00:00																																																																																																
0:00:00																																																																																																
0:00:00																																																																																																
0:00:00																																																																																																
0:00:00																																																																																																
0:00:00																																																																																																
0:00:00																																																																																																
0:00:00																																																																																																
0:00:00																																																																																																
0:00:00																																																																																																
0:00:00																																																																																																
0:00:00																																																																																																
0:00:00																																																																																																
0:00:00																																																																																																

