EGFP:488,507

Kinetic read	A1	A2	A3	A4	A5	A6	A7	A8	A9	A10	A11	A12	B1	B2	B3	B4	B5	B6	B7	B8	B9	B10	B11	B12	C1	C2	C3	C4	C5	C6	C7	C8	C9	C10	C11	C12	D1	D2	D3	D4	D5	D6	D7	D8	D9	D10	D11	D12	E1	E2	E3	E4	E5	E6	E7	E8	E9	E10	E11	E12	F1	F2	F3	F4	F5	F6	F7	F8	F9	F10	F11	F12	G1	G2	G3	G4	G5	G6	G7	G8	G9	G10	G11	G12	H1	H2	H3	H4	H5	H6	H7	H8	H9	H10	H11	H12
0:08:37	181	159	192	226	197	180	203	190	196	172	189	177	203	220	214	154	163	194	185	192	186	177	201	203	188	177	206	188	204	203	194	228	187	191	224	159	282	306	309	188	180	179	153	183	171	206	174	162	201	188	155	186	197	172	172	207	148	199	197	188	213	189	246	201	203	198	199	171	190	201	206	184	225	158	200	174	173	182	202	185	200	188	193	196	304	385	571	171	183	204	185	175	187	184	141	205
0:18:37	195	188	185	224	183	182	181	185	236	188	197	209	216	253	214	193	208	188	205	176	176	189	184	213	175	196	172	199	207	216	215	213	181	190	142	210	270	327	355	186	159	166	194	181	184	179	161	212	204	166	197	222	221	204	188	201	212	160	196	170	255	247	214	179	186	179	175	184	187	196	207	206	162	186	209	191	191	199	191	180	206	184	192	188	328	495	626	199	158	206	174	174	170	172	158	177
0:28:37	182	166	186	209	203	204	202	171	202	199	204	215	204	253	256	183	188	198	193	180	167	192	208	199	201	177	190	208	199	174	193	196	207	204	185	167	467	378	403	216	165	177	189	186	188	183	184	195	204	178	197	212	231	222	174	200	182	209	193	200	230	274	214	197	203	178	201	197	200	188	190	187	190	170	201	174	199	206	195	159	198	193	183	185	334	550	634	192	167	178	170	153	187	199	165	212
0:38:37	163	205	202	180	208	185	165	201	208	193	214	186	184	243	289	196	178	184	196	169	191	198	202	172	219	191	159	192	184	173	210	222	209	172	190	208	525	492	437	185	159	178	193	176	164	161	173	151	201	193	197	211	236	217	179	198	177	178	194	205	236	270	226	228	183	192	184	186	192	182	178	192	214	207	184	182	180	198	173	204	191	200	184	185	386	594	587	187	196	180	162	188	176	175	160	208
0:48:37	175	202	202	158	208	201	174	206	174	178	213	176	201	244	264	195	191	209	176	211	197	190	213	197	201	195	198	185	202	181	234	222	250	167	233	209	544	519	424	176	194	169	158	205	171	194	171	155	204	209	195	223	231	165	209	192	185	190	204	200	246	229	206	216	216	201	198	167	197	181	190	179	179	201	187	171	173	199	152	178	193	172	198	224	336	585	466	176	166	214	152	192	184	176	191	172
0:58:37	204	172	188	190	185	201	185	176	187	184	171	216	208	246	210	175	176	174	197	230	182	221	219	195	189	162	207	226	191	204	228	238	230	210	218	190	470	517	465	175	198	181	196	183	196	193	198	172	207	227	230	214	229	197	199	204	171	196	164	152	244	250	194	186	191	187	187	202	176	196	203	202	185	177	174	193	183	174	209	215	203	216	162	185	363	561	337	159	192	182	192	177	158	155	194	154
1:08:37	189	184	202	186	176	217	192	224	183	203	203	158	248	207	198	207	182	193	206	196	197	183	179	180	197	205	168	232	203	185	203	217	252	199	202	180	348	502	453	167	162	139	196	177	154	168	189	186	282	220	218	206	216	228	168	205	204	215	216	224	274	266	223	171	206	163	192	168	173	190	215	181	178	222	200	209	176	197	207	213	223	204	222	220	394	637	332	134	207	188	178	204	178	180	168	175
1:18:37	187	182	193	182	184	203	183	197	213	201	206	167	200	246	232	215	184	194	209	185	190	241	193	179	178	217	231	184	203	208	232	223	225	165	183	202	403	547	487	179	176	153	189	159	188	149	188	181	270	269	242	194	222	207	216	160	211	213	234	204	288	293	244	202	171	180	189	158	168	171	167	196	189	210	200	194	213	158	183	206	208	202	198	199	396	646	394	216	176	221	185	180	185	175	172	154
1:28:37	178	224	173	197	219	190	211	172	182	188	213	199	231	242	244	190	208	195	204	202	195	187	211	201	163	194	163	198	195	189	216	234	234	173	215	186	385	467	519	176	186	157	161	157	165	166	175	199	267	288	236	238	241	238	251	178	235	221	241	232	307	258	267	171	191	190	197	188	184	201	232	222	184	209	184	194	173	194	196	198	221	227	212	236	375	615	409	197	183	175	153	176	173	165	193	183
1:38:37	184	191	160	180	210	196	204	191	199	206	186	196	247	274	214	179	174	175	187	175	188	194	175	213	210	186	191	198	130	171	203	194	196	209	209	183	377	401	535	197	172	131	171	198	171	172	168	159	259	340	275	219	239	243	214	189	200	208	255	225	316	298	203	181	191	170	174	158	207	212	233	227	172	192	177	184	194	213	193	218	202	202	209	229	409	632	464	219	194	167	185	177	219	199	166	170
1:48:37	196	216	180	205	214	204	184	206	182	184	209	197	252	287	248	165	200	215	220	198	180	191	218	234	161	183	201	189	192	192	232	188	213	213	203	188	424	375	526	182	175	192	180	146	163	183	151	167	315	270	332	252	223	260	224	184	218	219	223	231	311	308	251	213	192	179	166	172	154	231	234	213	180	195	181	193	187	197	194	197	194	233	216	203	429	679	442	213	170	221	197	153	185	173	178	205
1:58:37	199	185	167	198	157	196	206	206	183	221	192	165	263	266	283	188	201	181	172	188	211	214	200	205	196	228	195	192	202	209	192	204	196	208	186	205	430	399	498	159	201	163	171	165	168	166	171	178	396	323	322	238	235	271	233	200	196	238	250	246	331	313	242	209	194	214	181	221	164	218	199	218	191	238	206	207	211	204	232	225	234	223	226	257	452	641	422	176	199	209	168	176	173	167	190	189
2:08:37	210	190	217	186	205	175	210	188	191	219	183	194	254	255	271	202	206	180	172	222	201	238	221	246	197	184	201	199	186	173	237	204	249	214	171	190	429	436	511	188	189	162	178	199	171	193	160	156	421	370	385	302	308	261	232	227	197	264	257	261	326	369	287	174	185	180	197	202	195	206	208	225	226	212	198	227	215	195	222	230	209	264	245	232	427	580	687	218	170	183	183	181	154	187	137	185
2:18:37	175	206	180	184	226	178	219	197	204	194	204	182	266	266	285	153	208	192	203	206	181	245	196	230	210	163	190	188	171	195	243	218	248	200	197	176	417	489	559	174	178	190	188	153	209	189	155	155	460	410	343	290	285	309	202	234	205	250	239	290	324	335	308	175	206	200	160	222	209	224	197	221	207	185	185	247	206	219	210	245	224	257	260	253	460	537	617	165	174	173	177	196	178	197	182	179
2:28:37	197	199	177	184	201	231	209	186	195	185	181	196	309	275	296	182	192	204	172	201	212	203	198	247	192	205	196	195	212	218	230	228	228	195	223	180	483	478	576	161	134	187	160	181	196	183	182	166	369	434	380	254	306	285	249	232	210	286	290	282	324	378	286	206	187	206	196	171	177	259	216	234	190	201	191	196	224	223	228	245	259	249	260	279	442	539	443	197	185	181	153	175	159	162	181	181
2:38:37	174	195	198	199	213	200	195	216	201	229	206	224	259	300	277	169	216	189	187	175	189	232	208	209	219	204	170	182	227	206	209	219	223	205	207	215	527	542	536	172	193	156	174	176	202	179	178	183	407	482	389	363	333	305	213	212	254	296	307	318	298	340	236	187	194	194	200	155	197	220	239	229	198	221	198	226	211	190	242	236	249	243	291	261	467	469	717	175	204	187	168	175	211	159	202	185
2:48:37	177	218	194	188	223	219	223	209	216	208	185	199	284	305	296	172	192	173	173	158	198	217	204	234	197	236	202	201	203	212	239	222	231	232	211	225	574	538	585	182	182	167	161	173	184	180	153	185	432	490	515	319	308	277	228	203	242	299	317	304	285	347	285	173	208	173	179	193	181	217	226	225	218	208	210	218	217	233	250	257	267	278	273	290	478	634	759	175	173	197	187	178	186	204	167	160
2:58:37	191	187	183	210	214	215	183	184	215	214	199	215	294	290	302	204	187	166	182	193	215	227	217	214	178	199	233	187	200	205	229	236	261	210	200	203	560	572	564	166	197	167	165	183	191	181	159	170	482	498	437	365	346	296	232	262	256	304	357	308	297	291	367	210	212	173	177	216	195	219	226	250	218	229	193	239	250	267	249	266	271	266	276	308	538	667	710	227	178	189	194	184	194	162	164	168
3:08:37	198	216	223	243	208	179	216	196	200	192	222	223	286	328	287	211	152	206	180	194	202	211	221	210	178	194	178	176	205	204	228	254	244	193	204	216	610	654	637	161	159	168	189	195	173	197	169	173	509	517	488	380	343	350	248	253	247	338	355	301	350	258	308	185	205	232	188	193	176	230	252	237	206	214	207	237	256	231	259	267	295	289	322	335	500	605	529	195	184	168	169	162	161	172	178	173
3:18:37	189	192	183	190	236	181	180	242	210	240	216	201	323	346	340	159	192	196	196	201	186	211	229	247	179	239	168	196	178	201	257	218	263	212	201	192	647	680	671	161	159	176	184	173	181	170	147	167	524	545	520	296	386	300	220	253	237	339	350	329	337	277	311	201	205	225	209	198	147	228	247	246	200	187	182	212	235	212	264	288	245	318	290	304	542	592	546	205	179	178	176	167	172	190	177	206
3:28:37	204	206	199	204	227	214	189	214	192	211	225	176	333	344	313	204	196	198	189	176	180	238	208	220	208	218	162	205	200	206	246	227	259	223	225	184	696	728	683	191	168	164	180	184	162	144	157	173	532	587	526	355	395	312	265	237	233	340	347	359	315	380	305	213	189	199	162	185	168	237	234	220	204	229	232	211	246	225	264	301	292	303	307	340	517	684	537	183	160	196	186	168	161	176	165	187
3:38:37	211	192	178	243	214	199	203	188	180	209	208	170	313	328	318	181	210	228	204	221	190	239	256	228	191	224	184	185	230	183	259	260	246	221	209	217	729	771	810	180	183	202	171	178	189	158	169	161	616	602	564	405	389	335	231	314	245	350	365	355	311	336	287	197	193	185	188	219	166	222	263	253	227	207	199	268	254	254	272	288	293	308	317	341	545	679	524	206	172	187	162	200	158	173	185	178
3:48:37	208	196	191	216	216	231	211	207	215	216	197	227	372	366	376	175	186	206	181	184	199	209	217	226	184	199	190	174	223	196	256	250	230	219	182	199	787	807	816	169	190	180	202	193	180	192	146	180	589	657	610	337	348	346	264	269	269	344	352	353	318	356	301	198	174	219	207	206	195	278	252	257	190	185	227	248	284	255	270	324	287	331	366	338	575	697	558	189	194	195	201	159	182	191	171	186
3:58:37	195	234	180	221	227	220	204	213	203	235	160	231	368	376	365	179	198	199	215	188	169	225	253	280	198	200	184	203	227	190	244	261	246	225	180	206	846	871	880	160	182	168	163	175	192	185	155	169	632	646	619	351	354	356	242	287	269	353	370	368	332	322	317	218	178	189	182	196	217	262	272	247	195	182	200	255	267	264	279	285	293	319	360	359	581	765	578	181	188	191	162	171	165	181	164	187
4:08:37	194	216	234	246	248	270	215	170	205	205	209	201	389	384	392	205	196	176	178	193	186	257	222	229	200	170	228	200	207	196	246	254	264	229	228	217	875	922	871	184	180	176	165	183	181	176	156	175	666	723	638	343	342	379	247	291	298	400	425	401	311	275	310	162	184	206	200	213	194	247	291	291	225	239	200	235	272	245	322	289	312	355	379	356	541	731	563	171	174	197	158	164	207	174	170	155
4:18:37	219	193	205	214	225	211	204	188	214	222	224	196	427	400	419	167	227	224	198	167	200	247	260	256	212	180	172	191	183	205	221	291	278	207	205	226	901	959	958	172	159	186	158	187	203	179	180	170	691	745	672	363	382	397	282	284	236	369	420	378	356	281	292	210	222	204	205	185	192	252	295	256	222	207	218	295	280	249	299	307	342	356	372	376	555	774	612	162	157	230	133	180	190	196	179	170
4:28:37	193	212	215	220	225	222	210	179	185	220	216	201	420	423	395	201	195	183	191	180	208	259	249	247	207	209	207	197	217	229	283	273	287	225	199	242	972	973	1030	167	195	185	167	173	200	185	170	187	739	778	689	392	394	401	223	312	292	413	423	413	287	308	375	185	204	201	220	196	192	272	286	252	210	197	224	220	277	246	273	313	308	396	385	346	590	764	616	186	167	201	166	179	150	190	175	186
4:38:37	217	202	219	244	228	250	217	206	219	207	211	206	426	441	462	212	201	201	193	197	185	263	280	261	218	196	185	212	192	192	253	305	277	220	224	198	1039	1049	1076	190	176	149	179	162	166	203	173	187	751	744	735	392	392	357	263	274	284	416	409	431	324	287	297	188	221	187	184	199	219	247	242	299	208	256	200	260	291	262	292	324	350	364	393	388	608	774	622	181	191	190	178	170	153	169	186	178
4:48:37	189	220	224	231	232	219	215	227	199	210	209	198	431	424	483	183	198	214	180	211	176	258	288	237	200	215	175	201	233	237	287	302	295	227	212	206	1086	1128	1104	168	173	157	169	210	197	169	166	172	769	848	716	418	394	421	285	294	272	412	404	416	317	324	330	193	181	219	203	209	219	269	329	270	209	212	207	272	253	290	319	314	338	387	411	430	616	774	626	199	148	181	202	173	138	191	194	194
4:58:37	199	236	220	245	235	218	235	229	209	228	200	174	439	487	471	186	199	209	175	198	196	278	265	266	178	205	163	208	217	202	293	304	286	223	213	237	1111	1140	1172	188	167	179	161	175	213	168	195	160	813	841	771	382	389	392	297	312	296	430	489	460	331	332	332	190	207	207	155	199	207	264	281	275	248	233	198	277	266	252	315	339	365	384	419	428	601	792	655	197	168	209	187	160	189	158	163	188
5:08:37	220	231	194	246	247	261	228	221	193	217	226	229	474	483	470	193	217	214	142	187	216	270	279	260	227	222	180	192	241	224	288	307	303	263	190	218	1185	1221	1229	164	145	176	167	184	171	182	188	179	873	889	790	380	431	406	273	320	296	443	456	457	351	308	342	207	182	226	211	192	210	274	293	272	220	196	221	290	305	258	330	343	336	398	415	426	636	766	643	159	203	195	163	184	195	179	182	197
5:18:37	216	211	218	258	242	231	230	234	209	204	228	194	487	491	481	184	202	205	206	222	198	285	267	291	190	213	182	243	233	231	317	299	333	235	259	238	1248	1275	1311	180	132	191	192	176	169	180	176	188	866	896	829	429	437	467	284	308	297	439	445	440	352	335	313	185	173	255	198	192	205	275	282	281	206	266	209	308	304	301	322	377	348	407	400	427	637	769	679	205	162	191	185	157	148	176	154	153
5:28:37	214	202	238	250	247	238	212	197	189	215	227	191	507	513	503	196	191	171	200	208	191	319	277	262	243	228	215	220	191	210	332	333	325	264	222	223	1312	1322	1348	168	203	164	187	162	147	176	123	160	852	941	860	437	421	455	296	319	328	435	484	476	360	288	378	191	167	186	168	179	219	303	292	280	236	205	216	265	279	316	338	361	361	412	429	417	641	794	667	184	189	172	169	187	201	150	174	194
5:38:37	217	192	231	266	246	264	213	236	211	218	262	235	559	538	559	215	213	227	190	173	177	299	284	326	195	204	190	219	242	184	307	338	326	253	228	238	1355	1369	1404	175	171	181	166	193	164	157	170	181	906	962	875	427	417	500	312	326	323	431	463	481	366	318	340	225	233	213	201	195	215	286	303	290	202	225	238	334	277	288	368	369	378	423	437	415	585	762	651	172	195	212	175	187	163	165	182	178
5:48:37	213	213	253	256	249	259	229	245	214	226	226	231	558	535	563	227	197	203	198	194	199	303	288	276	201	218	191	226	220	202	324	375	329	249	225	246	1379	1432	1461	124	173	168	181	200	191	187	152	171	962	961	892	423	465	461	326	351	352	463	513	513	342	302	378	186	205	229	183	200	160	238	306	297	202	252	201	275	296	284	344	379	366	426	438	443	670	795	702	181	159	182	141	162	174	204	154	181
5:58:37	238	231	231	250	255	233	199	237	239	199	241	219	601	562	595	201	206	208	189	175	219	305	337	284	207	201	154	208	258	212	339	323	332	238	273	229	1458	1500	1532	172	167	166	198	164	168	151	140	205	961	991	931	455	491	461	275	330	336	481	493	497	343	335	353	208	189	188	219	181	177	297	290	287	245	204	236	317	335	330	351	363	389	425	415	424	645	751	669	179	165	173	154	170	175	178	192	163
6:08:37	241	247	260	252	228	257	257	220	211	203	228	213	580	601	581	212	196	236	180	249	203	319	305	317	226	205	195	236	245	211	356	368	338	290	233	259	1492	1560	1522	186	196	174	181	158	178	162	201	161	1033	1022	991	476	501	552	294	333	315	471	491	503	353	319	338	193	233	182	182	196	206	279	301	287	223	255	251	307	349	343	342	370	366	436	490	429	633	764	703	182	186	217	179	187	167	190	172	180
6:18:37	227	237	234	271	261	242	240	226	263	251	226	227	571	587	598	175	248	195	214	195	228	325	317	292	205	213	201	253	227	234	360	346	375	280	242	248	1545	1595	1580	178	183	160	191	188	166	174	197	185	1034	1066	1008	469	486	485	291	339	341	519	556	575	340	325	312	198	191	202	220	186	217	268	287	293	257	226	250	312	313	334	353	382	390	453	462	467	611	769	666	202	193	229	204	184	195	171	167	173
6:28:37	234	271	266	285	243	257	244	224	244	233	226	219	604	643	624	194	221	215	187	173	205	306	327	293	214	233	211	250	232	239	384	380	319	277	239	250	1622	1647	1611	152	150	178	192	179	177	201	191	137	1069	1089	961	473	518	530	324	348	361	467	550	526	340	343	335	212	207	182	197	208	219	306	316	301	224	241	247	314	326	312	365	386	386	445	493	457	635	758	655	156	163	169	163	144	175	173	179	154
6:38:37	247	250	261	275	265	252	259	242	248	260	249	243	613	613	609	235	242	218	205	209	209	317	324	322	226	204	204	282	250	235	380	363	372	245	250	268	1649	1737	1685	207	169	160	181	191	168	157	186	161	1071	1090	1010	475	482	487	334	381	324	482	548	522	388	307	379	191	184	176	229	206	185	277	294	288	228	239	228	345	337	314	361	379	417	452	464	467	640	748	673	202	129	195	143	187	165	177	178	194
6:48:37	230	223	226	279	280	281	233	241	252	262	237	243	656	669	669	221	196	198	186	197	196	328	296	334	206	221	238	219	258	252	376	383	387	255	259	235	1662	1727	1711	171	182	159	165	162	189	169	182	184	1090	1134	1061	507	494	535	311	355	352	514	506	558	357	321	365	209	230	234	227	201	194	265	291	295	238	229	206	323	319	346	395	380	368	470	488	487	631	769	682	180	184	202	190	177	177	192	191	187
6:58:37	267	268	263	248	271	279	240	209	260	210	243	249	655	667	642	195	234	233	190	191	209	344	344	338	241	213	205	265	292	264	392	416	388	226	267	269	1708	1764	1751	208	154	156	171	203	173	178	199	168	1081	1194	1084	504	516	509	330	341	357	514	547	527	339	316	370	189	215	220	205	209	214	299	299	312	235	254	231	320	321	377	391	404	391	492	509	470	625	761	725	216	174	174	165	169	156	179	186	160
7:08:37	250	261	238	288	290	295	273	275	254	274	268	244	672	666	664	199	236	242	232	212	202	346	327	346	266	236	188	261	279	306	389	409	385	278	276	250	1703	1842	1765	168	186	160	208	162	167	178	164	182	1133	1162	1095	496	537	530	318	372	346	513	547	565	341	322	331	192	205	242	215	201	220	279	301	302	241	277	206	342	347	348	365	404	406	470	481	491	634	767	687	185	197	192	186	214	197	192	166	156
7:18:37	267	271	252	300	289	284	282	287	251	232	276	259	657	631	701	248	269	235	195	235	206	363	332	328	220	265	217	277	262	249	412	453	392	275	300	266	1741	1839	1778	163	165	155	207	194	179	197	150	184	1161	1246	1114	511	549	547	350	378	379	551	562	535	352	318	367	184	232	214	200	206	229	299	300	297	247	247	225	326	354	351	347	345	372	469	495	504	660	775	683	140	192	190	177	188	180	184	197	155
7:28:37	281	286	260	329	314	305	252	291	244	255	270	274	694	704	696	233	234	228	204	170	188	325	356	300	238	237	234	247	244	250	393	400	385	277	277	292	1758	1790	1762	166	174	179	190	161	151	180	176	144	1182	1244	1135	508	563	583	332	386	357	542	580	575	338	350	347	229	189	240	230	242	205	313	334	312	249	237	213	323	356	327	415	363	423	475	509	498	668	780	692	188	191	228	192	199	176	136	184	156
7:38:37	253	289	260	334	258	274	266	287	237	275	248	263	735	659	666	250	259	305	210	203	225	316	317	361	280	272	207	258	280	292	410	422	389	301	271	305	1726	1739	1786	189	182	166	167	162	159	186	181	167	1195	1246	1119	542	543	546	375	394	376	564	572	574	361	299	337	203	216	207	228	188	212	304	307	295	252	221	248	345	339	325	413	406	416	486	451	511	682	743	711	205	182	198	173	153	178	182	191	172
7:48:37	271	300	269	323	315	288	295	303	272	251	267	305	678	705	725	236	252	245	202	212	235	344	381	355	269	252	211	292	272	283	394	436	451	316	267	278	1781	1796	1785	172	161	176	183	178	169	174	156	171	1243	1277	1184	558	600	588	328	375	388	528	595	558	345	308	337	230	212	221	219	233	215	311	340	306	208	251	241	318	342	323	386	399	396	493	483	523	646	758	736	205	147	193	148	187	167	184	210	172
7:58:37	292	293	284	306	317	289	258	270	253	287	291	286	689	684	721	255	250	258	240	231	197	340	330	346	220	265	188	276	262	258	421	412	463	293	323	298	1753	1793	1778	167	178	158	164	186	165	165	187	183	1231	1285	1196	569	556	570	372	367	359	523	587	555	354	318	384	217	215	221	220	200	206	296	337	295	233	232	257	340	356	372	395	410	405	465	554	490	640	769	694	209	148	206	177	169	155	177	177	179
8:08:37	259	277	275	303	328	299	267	313	292	278	281	269	727	670	738	272	290	258	227	237	232	363	361	353	268	257	172	269	289	256	413	439	422	303	320	297	1742	1801	1834	204	177	183	177	192	189	176	178	146	1312	1292	1209	543	595	593	370	385	361	567	566	611	357	335	415	193	220	204	224	221	201	319	370	316	223	222	247	354	371	365	385	401	380	499	497	561	661	786	699	198	150	195	182	178	177	154	171	181
8:18:37	282	245	263	304	323	328	302	273	277	257	305	250	691	705	690	265	269	251	230	247	242	365	361	329	261	285	247	288	289	284	431	442	410	320	299	299	1788	1797	1871	165	174	187	186	191	159	181	172	155	1315	1324	1261	551	580	600	348	395	378	579	609	579	318	330	368	206	233	205	221	191	202	305	324	319	253	250	227	286	361	331	420	422	451	506	523	521	684	765	695	189	169	180	184	194	213	155	158	219
8:28:37	274	303	302	338	338	269	318	269	274	280	287	312	676	717	704	287	264	284	208	254	240	333	343	373	281	280	201	292	266	274	437	430	419	298	320	274	1773	1813	1804	161	159	173	159	185	180	162	190	183	1318	1317	1267	577	568	592	384	405	372	597	630	606	360	317	365	173	213	233	205	204	213	308	351	279	238	236	249	344	378	352	369	427	410	499	558	563	666	727	719	209	205	182	181	185	187	190	193	181
8:38:37	283	287	278	363	317	288	323	282	286	289	302	287	708	706	721	260	264	280	206	240	249	363	335	387	288	278	171	310	304	287	445	475	438	319	301	287	1762	1772	1835	199	139	227	209	183	172	184	177	189	1337	1390	1301	585	623	588	377	424	369	591	616	657	359	320	379	218	209	217	213	219	219	336	292	302	239	266	248	354	401	349	352	401	425	459	509	573	636	754	690	183	149	206	169	177	184	195	156	237
8:48:37	300	271	290	326	320	329	312	274	300	323	287	297	757	704	702	253	262	275	257	260	242	359	357	363	271	260	215	284	297	287	407	433	425	300	301	310	1822	1821	1774	191	183	183	166	192	175	176	199	182	1312	1373	1295	577	604	603	386	385	383	571	644	635	368	336	382	209	209	218	209	197	239	336	343	313	250	235	255	351	384	356	388	416	444	488	511	548	656	754	724	176	202	207	144	147	185	171	155	142
8:58:37	307	306	287	340	341	338	295	271	285	306	322	286	714	720	731	285	277	263	267	224	233	361	369	373	278	271	189	287	312	268	443	434	446	321	338	290	1747	1818	1827	208	182	185	168	180	168	207	183	188	1353	1401	1328	605	604	566	382	422	400	602	624	641	368	340	392	210	229	218	235	197	213	318	310	320	209	224	259	368	370	372	419	387	453	496	555	546	684	739	698	190	181	159	198	173	191	175	201	173
9:08:37	301	299	250	316	338	340	275	272	268	277	305	297	750	692	719	285	298	280	250	254	263	367	359	352	285	279	196	287	286	285	443	444	469	342	324	322	1771	1865	1783	175	181	189	182	179	178	190	152	180	1397	1452	1381	631	628	661	395	437	432	608	645	656	354	328	356	202	226	213	234	196	242	325	341	320	223	223	251	378	392	349	409	462	405	505	556	571	667	753	682	165	166	171	207	183	188	170	173	180
9:18:37	265	292	315	323	318	326	310	292	289	325	300	292	721	727	718	256	284	286	270	266	275	373	363	340	287	297	204	291	298	301	447	458	457	327	323	321	1811	1780	1817	171	167	188	168	209	164	196	175	189	1420	1444	1381	611	616	596	382	411	399	607	644	647	366	310	360	202	227	206	209	231	206	315	332	307	248	240	236	384	394	374	441	450	426	542	496	555	646	706	723	185	159	168	169	191	180	220	170	207
9:28:37	292	288	287	322	336	336	287	314	276	293	307	314	755	727	734	302	268	290	269	254	249	351	372	372	284	285	218	306	269	325	477	457	477	317	319	347	1822	1862	1807	171	189	147	189	196	160	166	171	190	1414	1472	1420	640	639	665	380	427	429	608	648	651	363	339	380	180	204	220	234	220	214	297	314	312	260	207	219	383	353	371	425	413	409	504	547	560	705	783	736	174	153	189	187	188	208	187	157	213
9:38:37	278	314	310	370	358	362	307	266	321	315	296	302	725	737	748	283	309	267	280	278	258	376	397	396	285	275	214	292	304	297	463	472	444	350	325	330	1766	1832	1786	174	161	125	139	189	175	190	179	171	1459	1474	1381	623	641	637	379	400	421	628	666	655	354	353	355	205	240	218	231	190	233	329	352	341	245	215	229	383	367	374	425	450	412	515	545	550	691	732	721	164	180	189	214	186	180	165	151	199
9:48:37	265	291	291	347	340	336	300	275	321	321	314	281	722	705	738	312	306	299	284	267	236	372	385	388	263	291	220	320	287	290	476	462	495	340	324	327	1744	1821	1820	178	203	169	170	178	164	146	164	205	1493	1502	1362	625	662	682	408	435	449	633	678	654	368	340	356	198	221	221	239	229	253	311	328	318	256	255	249	355	381	365	415	444	446	551	600	572	692	767	715	160	177	160	183	190	188	147	167	170
9:58:37	287	306	266	373	345	323	288	307	296	321	350	285	738	741	732	283	303	295	244	261	260	375	359	374	272	264	211	302	296	297	451	459	434	338	349	333	1775	1855	1848	178	153	172	187	181	175	201	167	181	1508	1528	1453	637	662	679	411	440	463	640	648	659	376	328	370	219	215	243	219	219	213	321	366	315	221	259	250	368	375	388	388	420	465	538	571	586	663	802	716	175	167	187	166	167	194	204	151	166
10:08:37	266	318	297	345	354	353	271	292	306	316	287	326	741	744	756	289	301	280	246	257	289	393	350	404	290	328	216	298	302	294	455	454	474	315	333	353	1779	1814	1854	187	165	169	177	182	184	168	183	184	1502	1557	1438	623	668	631	403	479	437	666	670	695	364	333	362	227	254	211	235	219	229	354	356	317	247	263	251	353	388	389	417	459	445	520	573	604	703	739	690	178	158	174	156	174	182	183	159	197
10:18:37	271	324	323	355	358	322	292	311	310	335	330	307	726	711	722	296	304	290	268	283	269	384	401	374	299	277	220	342	306	282	484	477	461	337	363	355	1784	1842	1849	175	197	161	157	180	199	184	175	167	1567	1593	1438	656	680	666	438	447	460	666	695	679	366	323	375	234	225	220	239	219	207	296	325	338	211	240	232	348	390	378	402	438	449	531	584	610	675	741	731	161	199	214	155	168	174	187	164	163
10:28:37	281	311	326	365	370	328	324	300	271	321	320	313	725	711	719	284	304	254	283	248	243	380	416	360	290	304	212	294	318	313	453	492	463	299	333	342	1786	1793	1793	191	185	178	180	155	186	165	181	193	1539	1569	1515	666	664	639	432	466	416	686	702	693	356	313	362	221	180	185	213	234	214	324	333	347	246	221	256	371	391	416	430	450	457	534	568	586	662	762	682	173	149	202	179	158	174	163	191	176
10:38:37	267	324	278	384	369	348	336	309	290	297	286	339	736	746	753	299	285	314	280	281	275	364	358	375	312	306	200	288	310	326	505	473	492	362	347	314	1856	1841	1796	193	176	182	170	173	181	160	189	170	1575	1636	1486	700	692	665	380	458	474	672	674	700	340	324	358	205	210	203	240	205	206	355	324	320	250	233	237	365	411	369	448	460	510	528	606	602	688	724	745	174	162	185	174	196	139	178	162	180
10:48:37	305	317	305	349	340	356	305	322	303	307	343	310	720	750	745	287	323	298	260	306	270	358	370	371	338	284	209	328	318	320	457	484	445	314	329	340	1813	1804	1760	183	180	217	226	200	159	206	180	165	1594	1683	1530	704	695	675	431	438	479	657	698	710	351	329	390	216	227	214	211	205	192	343	360	340	202	246	236	417	374	411	415	464	471	559	565	594	683	740	717	212	179	225	186	172	179	194	178	191
10:58:37	286	300	314	376	367	366	315	330	303	310	323	253	765	749	733	269	301	277	293	280	270	360	365	387	317	295	233	331	334	328	431	475	482	329	353	336	1729	1809	1839	196	180	169	174	170	175	144	169	189	1612	1612	1528	701	704	715	426	483	460	669	700	695	370	351	381	202	219	227	220	229	207	348	363	318	249	240	242	406	404	424	431	462	459	569	571	606	682	766	698	202	172	181	173	186	194	168	161	195
11:08:37	316	294	330	336	354	311	291	317	325	320	312	333	713	732	721	311	285	297	304	261	262	384	361	388	310	330	224	332	294	315	436	487	476	330	340	327	1799	1814	1823	164	187	181	179	182	160	186	165	194	1624	1636	1537	699	692	679	411	477	461	680	713	730	402	324	355	201	247	219	241	215	180	337	339	311	259	270	240	414	389	408	455	462	486	575	596	579	694	768	700	182	172	216	156	161	179	160	187	187
11:18:37	310	306	295	383	379	355	332	320	374	332	325	329	710	728	743	285	334	314	287	291	263	373	393	392	318	314	235	383	339	315	447	444	451	325	336	327	1787	1813	1786	192	183	199	181	183	187	194	137	182	1638	1704	1603	682	724	735	446	500	475	722	736	713	369	306	398	217	227	227	212	228	230	308	363	346	262	245	251	432	406	390	433	476	464	551	604	611	705	726	747	167	167	204	184	153	160	189	173	194
11:28:37	315	305	304	380	357	358	295	288	294	318	311	375	753	745	732	308	325	305	260	291	285	382	392	340	300	318	257	320	311	288	491	457	477	341	330	341	1796	1840	1774	163	186	182	180	198	159	188	194	180	1666	1709	1585	694	724	726	472	495	483	692	708	732	359	364	374	209	213	231	216	208	219	341	341	370	252	240	246	387	378	390	427	469	469	556	600	608	713	745	710	186	183	181	184	162	182	199	192	185
11:38:37	277	343	321	359	349	348	314	315	285	349	320	314	725	755	730	298	291	301	301	289	277	402	389	375	304	356	262	311	326	290	489	454	480	337	352	337	1800	1815	1821	208	187	171	189	173	174	158	170	164	1683	1712	1598	708	731	746	460	477	499	687	746	739	350	285	398	239	207	180	191	214	226	342	393	336	257	229	273	406	426	408	392	478	462	564	602	635	682	735	684	177	179	181	180	157	163	179	176	174
11:48:37	300	300	285	392	387	336	298	317	299	338	335	335	719	713	737	313	341	302	268	309	294	414	397	402	301	329	245	320	315	342	464	471	469	352	336	337	1765	1793	1792	203	153	199	151	182	182	191	152	165	1694	1715	1648	726	753	716	441	500	498	705	753	781	373	304	382	205	191	212	187	227	217	300	356	348	240	271	249	415	412	383	410	469	479	575	642	648	676	775	701	203	168	194	181	179	195	173	180	167
11:58:37	283	324	312	385	382	340	302	311	309	314	319	297	719	719	707	310	274	322	270	311	300	372	394	376	353	331	262	344	328	291	473	444	445	376	360	361	1792	1815	1790	169	161	162	154	173	185	176	163	172	1705	1742	1659	733	727	764	438	488	504	727	751	732	364	369	376	228	235	224	209	244	232	331	355	338	244	251	240	415	412	440	436	468	495	617	603	624	719	766	711	178	160	171	179	201	180	171	158	196
12:08:37	336	287	301	374	360	347	326	310	318	339	328	299	754	719	725	339	294	304	294	299	294	393	369	397	293	332	261	317	319	343	446	483	458	343	384	349	1792	1799	1819	220	201	175	189	192	163	185	152	167	1735	1726	1656	713	736	742	465	518	498	690	762	750	386	345	363	208	230	225	225	212	234	355	366	346	265	256	265	390	431	399	459	461	431	621	649	601	697	784	725	196	186	197	164	187	187	199	180	159
12:18:37	279	344	308	385	368	351	342	322	334	317	323	310	711	711	746	297	301	300	321	295	271	390	380	425	337	335	247	326	334	296	479	508	484	359	370	359	1790	1792	1807	169	181	163	194	194	186	187	195	194	1745	1818	1636	728	760	757	466	508	519	750	762	757	362	296	360	225	233	221	210	231	245	342	326	353	254	293	243	393	421	418	439	510	480	592	640	614	720	718	731	181	152	188	187	173	182	162	174	178
12:28:37	296	337	308	347	357	376	312	325	309	312	325	349	707	769	736	288	271	292	291	268	281	361	367	361	340	317	257	325	317	342	485	483	464	347	330	388	1786	1773	1782	146	199	201	166	193	188	187	162	161	1743	1829	1637	762	758	701	480	514	499	705	789	748	378	346	369	217	218	207	222	228	207	355	361	326	260	262	296	401	391	390	465	484	451	595	651	658	744	705	706	199	162	189	143	137	164	179	186	154
12:38:37	315	292	333	338	301	360	320	326	325	339	315	284	774	730	701	339	313	296	276	313	310	388	410	376	278	350	293	339	308	302	471	460	475	341	353	336	1787	1744	1808	156	163	179	192	164	178	204	160	176	1795	1806	1697	737	758	726	467	556	518	703	770	747	353	345	398	234	226	255	184	256	220	347	375	353	231	274	260	419	411	429	482	502	480	570	591	645	733	751	740	242	186	215	162	207	127	149	164	170
12:48:37	317	311	320	327	379	388	321	309	312	334	326	330	722	703	734	285	312	302	246	299	289	362	394	393	310	332	260	315	323	294	492	461	421	341	336	343	1752	1780	1792	162	194	176	148	186	169	195	180	166	1799	1787	1656	762	743	759	471	544	512	714	801	776	366	362	370	197	216	248	203	210	246	361	382	319	266	257	261	405	431	392	459	527	487	604	625	643	687	721	743	184	182	189	158	181	158	152	202	194
12:58:37	299	309	305	387	360	385	325	329	316	339	316	330	723	727	744	326	322	311	258	289	321	390	391	391	312	304	243	332	307	311	456	508	464	346	363	355	1707	1776	1786	164	171	188	200	187	217	166	200	154	1845	1854	1706	772	749	764	451	515	517	741	815	797	400	319	386	202	232	255	211	227	228	362	382	384	220	296	260	398	409	380	460	494	507	612	641	684	711	759	722	180	148	191	171	160	174	192	171	140
13:08:37	325	305	309	356	380	387	320	314	335	313	335	316	752	728	725	326	283	292	279	298	252	405	377	380	319	342	257	317	317	337	482	453	468	366	366	345	1779	1785	1791	187	150	173	163	172	162	160	200	172	1780	1868	1761	803	769	776	488	521	537	719	789	773	398	352	369	213	225	241	232	216	218	338	367	336	253	254	266	405	421	449	484	472	494	605	617	687	724	740	703	194	194	170	176	140	183	164	161	167
13:18:37	312	291	333	370	360	366	338	336	296	329	327	320	695	742	757	308	331	318	306	294	322	371	387	370	364	324	262	325	340	314	484	490	442	364	369	325	1764	1811	1784	188	180	180	157	184	170	205	176	152	1836	1857	1801	790	758	789	487	566	521	768	805	798	372	350	385	200	240	232	234	211	223	364	383	364	259	257	256	431	434	423	427	502	474	636	658	670	715	747	711	187	161	188	193	151	173	199	171	201
13:28:37	286	307	320	359	378	372	323	330	317	351	330	307	741	723	751	333	328	305	323	292	277	416	387	422	337	334	269	350	328	334	486	466	470	351	359	379	1741	1783	1791	174	179	166	175	179	175	159	175	161	1894	1873	1780	793	756	764	483	549	539	763	831	828	361	308	372	224	243	219	217	224	205	342	381	348	238	267	263	384	413	419	441	500	505	622	617	649	696	706	734	170	156	161	191	185	187	193	175	183
13:38:37	320	317	298	378	362	373	306	325	313	345	334	332	738	761	740	279	355	332	268	291	300	376	416	405	302	315	265	339	310	355	469	485	487	356	367	344	1823	1779	1809	191	187	178	175	182	181	177	190	194	1874	1903	1783	762	777	800	503	551	511	789	817	772	374	338	345	246	230	235	235	250	196	345	386	366	236	260	278	388	456	372	464	485	475	591	654	647	683	751	700	185	190	222	191	191	164	174	179	173
13:48:37	280	328	288	382	376	358	365	337	336	354	344	308	712	724	729	319	305	310	283	284	287	400	370	411	338	334	305	342	343	363	479	490	475	350	362	347	1781	1771	1766	147	184	210	198	185	162	181	163	164	1878	1917	1798	803	798	763	482	559	528	776	834	768	356	307	351	232	251	227	220	190	186	358	342	357	242	271	252	414	424	411	503	506	492	615	654	667	667	745	746	200	176	186	163	173	182	166	168	184
13:58:37	323	321	323	368	396	370	330	338	336	329	319	325	743	716	706	318	314	329	290	294	297	410	396	389	337	317	295	319	323	333	474	461	474	359	353	355	1737	1768	1762	187	164	186	183	211	171	168	189	169	1919	1899	1794	782	809	813	505	546	561	815	814	824	342	358	378	220	225	228	224	223	216	379	397	358	221	253	263	445	415	386	485	500	510	586	658	664	701	751	757	193	174	182	170	168	186	201	182	175
14:08:37	320	333	314	370	363	380	308	320	309	321	361	355	721	712	756	340	305	320	308	324	330	387	408	370	344	339	281	333	338	338	478	466	486	358	367	376	1728	1821	1794	151	190	127	199	158	200	173	170	169	1964	1945	1829	781	803	800	499	558	549	793	852	822	359	334	373	210	230	222	240	239	240	369	358	348	246	262	256	430	425	416	456	483	530	646	645	695	656	736	715	199	213	172	186	162	204	195	177	169
14:18:37	313	334	334	413	366	371	342	303	337	305	313	341	749	738	720	313	321	337	266	313	314	419	371	369	333	340	286	334	318	327	462	478	459	354	345	329	1795	1735	1745	182	161	168	186	165	198	177	178	153	1942	1965	1874	842	815	831	505	581	575	780	819	842	389	324	394	230	229	238	251	239	217	341	356	356	222	268	229	416	417	460	466	470	501	634	680	693	676	746	742	196	165	182	179	169	185	187	197	172
14:28:37	296	316	355	367	379	338	320	336	326	379	322	356	747	705	738	306	292	328	293	317	302	405	411	376	354	392	308	342	336	350	447	461	471	398	324	358	1771	1762	1753	191	165	185	185	185	175	174	153	178	2066	2002	1853	776	795	785	514	541	583	781	847	857	343	325	374	210	229	207	208	212	224	367	373	356	246	281	271	429	440	464	485	510	522	643	640	683	712	727	711	191	208	174	115	195	206	192	193	148
14:38:37	310	345	327	349	347	399	328	333	325	316	353	343	761	717	708	330	296	309	301	281	324	391	394	382	318	348	309	333	346	313	461	485	487	337	345	330	1770	1778	1734	165	147	191	187	187	199	188	185	149	2009	2008	1868	821	814	831	539	586	582	790	861	842	363	310	377	202	254	205	232	213	240	342	377	366	237	271	239	433	456	443	461	479	498	636	677	651	674	698	705	200	187	176	176	160	190	178	170	183
14:48:37	332	320	308	366	379	349	306	331	322	325	308	325	746	734	745	316	299	306	282	323	299	368	378	425	361	336	283	325	336	353	429	470	491	355	379	345	1756	1788	1804	146	156	178	141	183	183	191	174	183	1980	2012	1869	820	816	822	515	582	550	788	845	856	397	326	418	218	242	251	215	210	238	370	384	374	244	299	243	421	447	478	479	514	489	600	724	700	732	763	692	174	169	173	179	157	163	150	152	178
14:58:37	348	331	341	375	403	375	352	310	301	347	346	353	747	755	747	313	304	310	325	299	310	413	397	380	324	324	280	318	334	356	457	521	492	368	365	373	1742	1793	1773	209	170	157	186	209	185	160	195	169	2014	2013	1884	824	809	846	509	586	571	803	897	801	377	319	373	225	231	216	189	197	241	360	383	353	244	276	260	446	441	465	463	542	523	653	695	669	703	748	720	158	184	181	205	175	194	195	159	170
15:08:37	308	327	331	360	376	355	316	336	317	342	354	355	692	733	740	340	327	341	302	304	312	421	370	371	356	339	240	326	323	328	488	459	451	386	356	340	1734	1780	1743	163	185	180	196	174	179	154	164	184	2042	2055	1905	813	840	817	510	567	596	828	858	863	368	315	368	216	228	213	241	236	243	371	380	364	218	233	245	409	466	418	491	523	519	632	683	720	667	730	737	190	160	198	193	195	171	163	176	179
15:18:37	312	315	321	413	392	351	322	343	335	344	351	363	688	719	715	347	284	320	289	299	293	394	417	401	340	344	306	331	327	347	482	507	477	364	371	376	1670	1784	1778	179	161	192	183	184	180	175	193	173	2045	2048	1896	838	824	815	530	568	556	818	874	836	375	359	359	212	252	258	214	208	219	354	387	414	240	271	254	428	454	439	486	517	529	608	687	692	707	734	714	172	186	164	187	161	191	161	200	187
15:28:37	333	344	319	387	355	341	329	331	336	353	341	387	761	737	731	321	310	327	306	308	286	410	374	394	343	330	316	356	340	327	476	477	467	345	327	342	1692	1759	1761	188	181	154	164	180	167	172	184	160	2082	2042	1968	828	854	887	540	584	609	830	866	884	393	325	389	247	247	245	244	197	223	344	402	376	240	275	253	439	462	449	518	528	504	649	677	687	703	740	719	183	190	189	168	134	165	173	175	149
15:38:37	301	356	333	388	370	354	336	310	317	362	347	343	751	725	719	314	340	307	257	324	313	385	414	374	319	323	285	333	384	317	497	467	455	368	353	393	1764	1738	1764	169	164	159	178	205	144	186	156	200	2081	2107	1968	825	897	842	550	608	582	814	862	883	385	306	334	243	243	235	233	222	206	381	392	372	258	254	278	427	452	428	488	528	510	681	670	684	709	715	709	164	183	169	192	174	171	175	163	178
15:48:37	330	332	288	371	405	395	325	317	333	334	344	359	762	697	745	318	301	298	311	329	316	407	398	388	325	355	257	328	356	351	494	465	505	340	342	363	1733	1721	1723	182	143	194	165	176	178	196	180	156	2107	2075	1991	853	837	846	554	621	577	860	867	896	371	352	352	202	214	215	241	225	244	356	391	417	239	276	242	459	447	436	532	516	556	669	724	665	641	741	685	190	153	194	188	201	175	169	157	204
15:58:37	305	329	330	363	376	359	335	330	329	316	369	312	754	745	742	325	323	320	298	316	322	404	424	378	385	357	306	330	359	336	472	487	485	371	346	387	1715	1712	1727	161	187	175	182	136	157	201	196	187	2145	2110	1996	843	905	886	592	617	558	820	933	898	361	343	398	229	227	238	244	238	245	367	384	388	253	267	269	458	441	464	494	549	541	637	689	715	716	728	732	177	159	222	153	195	199	174	184	202
16:08:37	342	340	288	399	381	379	374	344	355	375	363	358	760	748	696	346	344	320	316	305	304	407	424	381	355	329	297	332	337	355	500	494	464	364	375	360	1719	1714	1763	179	201	189	171	194	183	176	155	181	2164	2128	2000	859	859	861	579	618	614	865	935	879	358	362	364	239	235	252	234	217	252	376	390	389	230	262	276	408	485	465	503	528	510	685	719	710	692	752	726	184	171	217	190	167	187	177	153	171
16:18:37	352	331	329	385	372	378	333	381	344	341	343	343	742	766	661	353	337	340	298	320	322	389	402	382	360	372	321	349	348	339	486	479	488	375	366	362	1748	1732	1718	193	188	167	177	188	187	171	174	168	2153	2150	2021	861	900	845	586	618	614	849	891	921	357	324	404	231	260	235	194	238	218	368	387	391	286	256	291	432	455	451	511	550	520	685	693	778	662	687	696	205	147	182	182	151	191	164	177	181
16:28:37	326	323	356	368	373	389	344	349	317	366	386	374	765	720	685	307	337	332	306	304	293	383	425	391	359	354	333	345	314	329	486	483	475	372	350	336	1693	1705	1739	153	190	174	158	177	181	173	179	169	2152	2170	2020	862	896	881	552	643	605	876	950	895	368	348	345	233	238	253	231	233	245	385	376	391	260	241	237	432	469	438	498	524	562	645	691	747	695	702	684	161	163	169	171	170	180	174	166	150
16:38:37	313	336	294	387	383	377	348	336	325	351	326	338	731	723	672	310	351	298	298	315	333	401	408	413	358	355	288	365	335	349	509	475	499	363	371	340	1688	1728	1704	148	148	154	179	186	180	192	188	166	2156	2168	2060	861	904	852	608	628	626	893	918	941	382	313	391	205	227	256	217	235	220	385	394	418	249	276	258	439	423	469	508	489	537	649	713	706	719	723	758	168	147	182	192	170	129	163	141	180
16:48:37	324	322	340	358	391	382	354	336	301	327	332	320	758	712	709	328	357	341	315	300	309	414	409	360	365	367	333	329	333	343	485	461	467	328	327	360	1678	1722	1705	186	194	174	178	190	174	195	184	153	2213	2175	2041	860	899	891	591	618	626	862	919	877	364	343	360	218	218	217	246	203	234	387	395	365	245	279	246	472	456	454	499	541	554	657	725	725	707	754	728	172	171	172	171	173	159	193	178	168
16:58:37	359	323	325	374	385	373	352	344	314	357	335	383	692	726	701	332	345	327	293	323	326	406	415	411	346	352	293	363	338	308	516	467	491	364	376	369	1693	1705	1716	181	175	177	165	188	185	183	169	164	2196	2233	2056	874	903	905	544	694	638	931	955	930	373	328	396	211	223	228	247	232	228	384	397	384	269	227	273	472	462	488	514	528	516	704	705	749	670	736	697	176	180	186	163	194	182	173	160	167
17:08:37	367	358	320	371	369	398	328	275	329	352	365	345	720	709	697	325	282	328	305	297	338	416	420	453	344	343	290	386	361	336	462	496	491	373	358	348	1690	1735	1701	160	147	166	190	172	167	183	182	198	2239	2177	2059	899	920	874	575	661	629	885	933	947	357	342	387	208	219	214	241	223	198	333	404	404	263	268	265	451	463	461	503	527	577	689	722	738	680	723	732	205	168	197	144	179	198	201	192	165
17:18:37	340	338	312	410	364	319	348	343	351	351	332	333	736	731	706	345	311	321	310	302	322	417	387	387	333	365	301	315	345	355	489	477	518	380	385	370	1689	1721	1685	190	184	173	183	190	200	172	174	178	2229	2241	2103	894	921	914	567	685	610	872	964	949	369	313	369	207	234	245	214	209	268	392	420	379	269	260	265	472	472	491	568	512	565	696	737	732	688	743	705	165	154	194	186	142	194	186	183	181
17:28:37	326	333	281	364	382	367	321	336	362	342	353	339	744	687	688	335	302	278	294	275	318	381	376	378	342	356	287	358	347	358	485	482	479	401	384	363	1675	1714	1667	165	148	189	154	198	152	153	189	175	2253	2299	2127	879	910	924	584	665	624	922	963	951	377	339	389	217	242	219	250	205	262	376	407	429	281	270	294	460	471	443	508	550	571	682	723	742	678	734	686	182	168	169	161	169	183	192	201	192
17:38:37	335	335	347	389	400	411	348	343	331	341	347	340	731	727	714	351	329	306	303	319	306	412	407	381	319	342	283	331	333	367	465	436	462	358	349	337	1683	1699	1741	199	180	144	191	174	194	158	164	160	2296	2303	2100	906	901	922	594	633	629	899	931	953	357	357	366	223	264	242	247	227	203	387	426	415	230	250	272	463	467	474	524	531	562	676	744	746	693	732	701	182	190	185	204	166	194	145	174	177
17:48:37	353	341	306	396	346	366	327	389	352	327	327	372	695	659	691	327	322	326	323	305	291	385	372	413	347	342	280	345	366	359	435	483	479	364	366	393	1609	1709	1646	189	171	149	168	172	156	175	161	164	2300	2303	2123	888	934	949	613	610	646	913	971	978	385	328	398	208	236	236	222	242	228	344	412	400	220	274	250	464	465	458	541	541	557	706	768	780	706	755	709	173	189	166	183	168	175	185	185	166
17:58:37	356	335	313	323	368	400	355	334	298	318	353	377	728	727	733	338	349	311	290	323	326	368	397	367	352	359	344	345	326	347	462	473	484	371	365	329	1703	1652	1683	163	182	189	171	186	185	208	184	148	2267	2349	2143	909	937	947	599	656	615	933	983	970	383	321	382	229	216	221	262	216	250	365	409	376	256	248	258	467	464	472	520	552	546	672	734	770	703	722	731	188	162	200	164	202	193	177	168	162
18:08:37	360	327	347	382	381	379	332	330	348	359	351	340	726	709	668	355	316	349	309	316	327	370	377	375	368	334	318	309	348	347	485	490	490	390	334	381	1689	1684	1646	179	172	164	185	183	197	182	160	198	2381	2298	2145	961	908	903	609	678	676	945	969	1013	348	342	385	221	255	246	210	231	223	386	405	400	223	265	260	459	442	462	526	552	556	688	772	761	676	766	691	201	166	198	174	191	159	154	181	181
18:18:37	337	328	337	393	369	338	315	380	341	384	339	338	710	704	719	315	366	336	315	332	327	391	414	369	360	320	311	327	327	357	460	450	465	355	361	345	1696	1717	1661	158	189	126	183	157	154	190	178	186	2294	2363	2166	946	928	901	591	670	689	918	978	967	386	358	371	227	223	240	221	201	211	368	417	410	270	260	226	478	458	444	490	572	592	724	792	762	689	732	724	139	186	173	169	174	152	174	178	188
18:28:37	332	361	343	367	399	355	346	315	349	342	363	334	686	700	715	333	303	367	311	319	327	361	424	387	326	318	331	349	343	329	461	465	467	393	339	369	1637	1667	1642	182	169	181	158	156	165	150	166	185	2298	2355	2155	962	911	907	636	672	673	923	1003	964	405	345	385	242	249	240	245	232	215	345	450	415	260	236	285	454	464	513	531	534	582	707	747	745	690	762	773	178	178	156	169	188	160	174	190	173
18:38:37	388	357	319	399	404	390	343	377	363	337	359	372	703	710	694	341	348	355	314	316	304	392	389	392	328	319	314	335	329	330	465	455	485	372	368	390	1662	1665	1646	159	162	163	170	174	185	179	151	166	2374	2351	2148	964	970	960	627	711	690	955	1019	1011	396	328	373	215	230	261	234	232	205	350	404	401	243	264	243	515	472	491	527	538	544	717	757	762	719	771	718	185	149	181	166	175	184	129	175	167
18:48:37	313	323	302	370	378	389	343	368	379	344	369	334	706	726	701	342	338	333	327	303	322	376	364	415	331	363	324	347	334	342	455	479	445	321	378	345	1679	1659	1707	189	172	180	189	184	172	180	172	149	2411	2430	2184	936	958	956	582	722	688	946	1034	1006	324	335	340	217	221	228	211	232	227	403	380	408	235	272	288	488	464	471	542	550	565	709	738	755	687	759	723	187	183	213	196	139	185	170	178	185
18:58:37	346	341	329	380	381	319	363	343	328	331	345	319	724	691	710	345	353	345	321	290	304	405	414	429	324	366	342	372	364	359	460	461	484	393	384	383	1664	1646	1651	192	192	154	186	157	184	209	159	164	2382	2336	2224	924	965	956	628	698	699	960	1004	1003	363	323	394	234	226	237	221	222	225	387	406	396	276	266	276	450	472	486	530	596	574	708	758	761	720	730	758	158	186	206	161	160	180	185	193	171
19:08:37	370	344	337	380	391	395	341	357	363	343	361	359	699	705	678	324	333	345	331	307	319	384	401	360	346	376	331	361	323	354	481	481	498	353	351	375	1632	1655	1638	164	195	176	171	173	204	157	174	155	2448	2391	2238	972	948	948	645	718	689	906	1017	981	365	338	390	212	237	235	234	209	256	396	404	427	276	257	291	492	457	481	531	546	557	729	772	770	695	735	740	166	172	210	171	183	163	169	124	181
19:18:37	322	343	316	370	393	382	338	310	345	344	342	357	717	690	695	337	336	352	322	325	309	371	381	405	359	353	328	376	358	313	453	485	504	373	375	372	1622	1615	1648	188	164	179	184	187	167	147	190	154	2383	2411	2232	967	966	932	618	716	693	985	1010	1033	363	320	351	202	222	237	230	246	214	376	404	408	227	255	247	448	493	498	532	582	566	714	801	801	714	702	739	195	177	199	172	169	185	170	177	145
19:28:37	341	309	345	382	382	410	347	352	353	352	324	351	691	701	712	350	360	324	303	303	291	412	381	404	362	361	355	348	358	367	489	478	497	396	357	377	1625	1613	1653	183	186	169	174	175	187	161	176	179	2431	2441	2254	995	987	942	671	753	700	980	1042	1005	353	341	397	247	229	248	202	200	258	410	417	397	268	264	226	500	500	478	544	571	617	741	822	780	705	741	711	165	187	181	186	149	191	155	150	152
19:38:37	347	314	305	351	358	378	332	336	319	341	351	358	730	698	657	325	367	355	306	298	331	344	417	388	331	391	325	351	348	352	461	463	463	371	378	331	1601	1625	1630	190	171	178	173	183	191	155	148	185	2449	2488	2254	961	987	967	604	710	722	952	1046	1011	361	333	404	247	259	230	251	227	233	395	424	415	241	284	275	480	483	470	531	578	562	741	779	787	708	748	728	156	157	168	160	179	187	154	170	142
19:48:37	353	331	358	371	364	379	340	341	330	336	342	353	680	644	666	323	337	333	318	306	336	376	405	413	374	369	328	381	370	373	468	491	484	355	355	380	1576	1656	1581	150	174	175	178	170	176	180	186	177	2468	2482	2285	964	979	933	638	700	719	971	1049	1020	350	343	392	239	219	263	218	253	224	387	415	439	282	287	279	489	498	479	571	553	608	737	790	788	705	738	697	128	168	180	144	167	177	155	165	178
19:58:37	367	337	320	370	389	383	353	357	319	345	338	356	698	706	671	342	314	355	319	316	315	369	397	388	347	304	330	338	363	337	479	491	489	368	352	375	1565	1612	1597	162	185	192	172	199	182	204	187	164	2490	2486	2280	979	983	1011	657	724	759	968	1067	1059	362	325	412	241	273	215	233	242	239	380	408	418	230	265	261	477	494	466	543	597	611	768	802	797	683	731	726	160	175	189	185	142	172	160	158	183
20:08:37	346	338	309	368	389	391	347	333	329	345	368	361	694	684	706	347	313	322	331	336	338	411	375	401	358	357	339	367	328	380	503	479	483	355	383	360	1606	1606	1631	185	170	182	182	189	161	162	189	156	2444	2485	2297	971	989	954	655	739	723	1001	1069	993	369	357	388	243	256	249	229	231	232	399	423	472	286	273	244	471	502	468	545	582	580	752	777	783	712	750	707	199	193	179	174	167	188	180	164	186
20:18:37	366	341	317	373	384	373	349	356	347	342	353	373	697	679	681	361	360	352	321	319	317	374	380	371	347	344	338	396	360	387	430	468	469	364	364	376	1558	1564	1562	151	184	184	190	170	180	157	168	177	2478	2493	2314	993	1034	985	666	751	747	995	1058	1087	356	370	392	236	262	229	235	230	225	379	419	441	237	282	274	492	520	514	533	584	591	771	771	834	710	750	742	182	163	184	164	187	195	167	173	151
20:28:37	341	359	350	340	379	369	344	358	340	363	353	365	690	665	687	334	349	315	305	349	334	403	391	397	354	376	342	347	345	374	469	445	474	363	341	337	1573	1542	1533	159	172	168	200	192	167	187	147	186	2465	2496	2383	1001	989	976	639	715	723	1011	1076	1064	376	333	375	231	284	241	256	238	232	410	421	416	239	271	298	496	505	481	563	578	581	749	812	795	661	768	720	185	182	197	153	181	174	150	179	183
20:38:37	327	339	321	376	398	368	322	311	327	321	358	351	661	687	659	327	340	342	313	310	337	381	394	397	363	361	329	349	342	363	462	437	464	361	338	344	1476	1487	1504	146	179	183	167	161	178	203	190	147	2495	2548	2327	1000	1023	955	654	735	742	990	1060	1076	375	321	372	222	256	241	240	231	225	402	451	411	268	248	258	495	461	466	562	606	623	755	756	817	682	725	740	182	164	190	163	183	155	180	144	175
20:48:37	373	339	322	377	344	399	323	386	316	362	347	317	660	667	649	334	311	345	328	339	324	411	387	389	385	333	305	334	336	363	465	475	463	362	333	382	1427	1446	1442	175	181	163	171	144	183	150	200	206	2468	2507	2368	998	983	983	678	751	743	1047	1100	1049	347	331	360	203	238	242	240	243	227	409	434	437	240	217	253	451	488	513	577	621	594	757	862	804	708	755	722	179	204	198	184	164	158	141	188	154
20:58:37	347	335	313	355	366	405	342	324	338	345	370	342	660	645	648	339	362	331	335	318	320	406	405	386	349	370	331	352	342	354	454	466	429	345	360	400	1441	1460	1403	213	178	169	188	169	182	170	173	161	2512	2550	2424	1024	1041	982	702	778	777	1023	1071	1070	383	359	386	252	230	237	227	220	230	404	454	443	249	274	274	464	464	492	544	622	630	771	828	831	676	723	662	198	187	153	191	173	172	183	150	176
21:08:37	336	335	316	371	388	401	334	329	355	342	326	312	636	618	615	337	356	346	306	291	320	386	349	341	356	331	299	326	369	363	469	441	463	356	352	362	1363	1335	1428	174	207	212	153	182	172	201	152	178	2512	2569	2340	981	1027	1014	668	792	792	1040	1101	1048	365	310	373	255	238	248	246	239	229	399	431	419	248	278	258	478	508	501	535	604	616	791	813	846	656	758	715	194	154	182	164	151	144	177	168	172
21:18:37	339	356	331	357	388	364	330	318	326	360	355	356	670	638	634	322	371	334	332	326	316	369	367	348	374	392	354	350	364	349	452	423	462	336	368	360	1367	1375	1307	197	172	173	135	185	165	168	165	176	2520	2675	2360	1002	1038	1029	679	767	751	991	1122	1087	344	355	377	251	274	229	253	242	232	377	436	423	237	258	249	492	502	490	584	593	596	761	819	836	684	746	725	181	166	175	191	175	158	171	182	175
21:28:37	320	336	329	344	364	373	347	352	358	331	321	341	599	598	655	310	345	363	306	306	304	389	390	377	364	336	352	386	333	352	462	419	441	355	336	353	1343	1341	1326	169	177	187	160	179	190	208	160	179	2571	2607	2359	1013	1055	1015	717	773	762	1043	1110	1085	368	283	398	233	255	218	257	224	233	392	471	410	249	304	237	487	477	512	531	595	631	778	807	855	706	723	728	197	173	166	170	158	169	167	153	150
21:38:37	328	319	345	388	367	352	307	360	321	344	346	346	608	634	594	335	365	332	325	325	336	365	356	363	344	362	371	372	358	333	443	470	461	361	372	356	1259	1273	1285	173	155	181	183	199	183	180	159	174	2618	2622	2403	1013	1022	1044	689	743	764	1068	1123	1078	347	344	398	234	220	234	227	229	258	409	445	448	267	244	266	515	484	491	578	633	609	787	807	847	673	717	736	194	167	189	188	172	164	174	148	171
21:48:37	327	352	326	364	364	369	367	364	311	350	325	357	614	603	647	317	346	392	311	300	326	351	354	366	340	364	336	393	371	324	443	435	431	378	356	348	1246	1251	1301	166	183	166	198	202	153	206	166	174	2544	2583	2474	993	1049	1021	704	762	742	1032	1149	1116	372	353	378	240	253	255	236	246	221	388	445	413	279	259	239	507	489	518	572	603	614	813	836	874	689	791	705	202	173	177	189	158	183	167	183	164
21:58:37	336	335	327	363	387	378	327	352	318	348	386	349	584	588	602	321	362	337	284	322	339	378	357	363	352	307	359	331	379	369	410	431	430	350	358	358	1210	1219	1254	182	178	151	182	141	188	167	158	186	2562	2634	2457	1023	1072	1073	682	770	748	1084	1102	1090	366	301	394	217	250	251	235	232	248	425	411	448	250	263	275	442	486	502	563	610	611	821	835	841	660	745	680	173	170	173	155	151	183	175	173	167
22:08:37	315	348	355	345	340	376	358	334	316	369	325	331	581	595	577	350	348	345	329	322	314	375	338	361	327	349	364	338	349	342	432	443	396	378	347	359	1210	1224	1211	153	162	161	158	209	183	169	189	177	2599	2655	2451	1036	1075	1064	729	783	757	1037	1141	1127	365	367	386	244	258	249	252	221	247	452	393	429	228	265	254	491	493	509	575	599	600	791	839	857	673	773	726	183	156	181	192	168	214	180	167	158
22:18:37	341	333	338	369	382	332	314	340	323	368	369	361	596	608	580	323	335	330	300	319	330	373	358	346	341	349	335	332	365	331	421	403	415	331	328	346	1127	1130	1181	186	180	153	168	173	189	151	159	144	2642	2619	2501	1066	1070	999	744	804	774	1052	1147	1109	367	301	397	234	220	224	259	223	228	409	436	445	244	257	247	504	498	513	578	617	639	806	818	860	730	759	691	206	150	141	168	171	180	151	141	199
22:28:37	332	332	320	388	359	362	357	357	346	350	369	314	599	572	551	327	347	324	315	326	335	363	387	373	301	357	338	363	370	346	427	406	430	348	372	320	1148	1132	1155	129	177	164	184	189	166	163	161	158	2636	2705	2482	1071	1094	1039	703	805	766	1100	1150	1121	376	346	349	253	281	269	249	267	228	406	441	416	255	262	275	509	531	497	588	637	632	813	842	864	703	769	734	160	172	208	182	159	157	150	155	178
22:38:37	342	345	316	359	392	346	362	332	330	361	340	356	572	571	570	323	328	345	309	329	309	363	348	356	354	340	340	337	355	361	377	403	400	365	352	342	1101	1122	1157	173	168	181	165	191	150	201	195	137	2644	2749	2524	1062	1065	1054	718	769	804	1095	1140	1162	379	362	368	233	277	233	225	210	207	399	464	407	261	257	255	496	520	514	598	635	628	824	870	915	683	761	730	167	206	209	178	174	181	154	145	147
22:48:37	341	314	334	358	321	352	329	333	340	377	374	331	564	545	518	343	339	335	300	321	313	348	374	364	344	326	335	343	302	345	399	423	419	354	299	361	1110	1109	1106	161	175	204	189	200	188	156	168	178	2641	2720	2438	1052	1087	1028	736	771	788	1078	1156	1145	397	337	410	240	255	244	245	227	258	416	409	460	253	234	283	505	522	540	566	616	614	813	856	826	689	747	706	159	191	195	185	179	158	163	180	161
22:58:37	338	334	344	359	350	376	344	352	332	352	358	333	565	523	543	341	325	343	318	357	313	376	351	361	367	345	327	347	345	367	435	411	403	329	324	365	1059	1049	1041	194	198	147	172	179	206	181	179	157	2662	2714	2488	1047	1076	1047	733	794	793	1095	1131	1160	352	310	388	245	246	252	224	232	233	443	440	432	235	263	284	492	537	512	585	630	577	807	868	866	663	755	712	156	185	180	199	170	193	150	157	164
23:08:37	322	352	312	336	405	307	336	343	338	340	355	371	551	542	515	344	346	346	341	297	320	350	364	369	377	349	352	344	330	330	397	391	382	332	348	362	1029	1071	1086	186	167	176	196	176	165	146	163	143	2667	2709	2499	1093	1100	1033	741	791	800	1062	1141	1134	373	318	387	220	233	219	235	223	197	425	483	427	243	256	258	506	527	511	584	650	638	807	880	857	664	735	704	189	198	187	174	164	162	189	156	188
23:18:37	305	341	317	361	349	343	363	337	341	362	339	368	537	488	524	314	311	350	299	322	321	404	372	356	323	377	346	375	322	352	408	397	400	341	352	347	1024	1022	1032	168	185	168	209	191	210	207	167	159	2683	2704	2552	1073	1053	1065	716	857	767	1105	1179	1143	355	347	376	235	242	251	224	233	218	433	445	460	228	267	270	506	520	531	598	631	650	837	845	880	690	752	751	179	190	183	188	196	174	169	192	182
23:28:37	351	359	329	382	360	363	340	341	335	342	363	364	514	516	507	343	321	313	317	297	301	344	371	335	342	320	331	346	372	360	392	381	415	315	341	366	986	990	993	159	145	162	165	184	163	178	154	181	2639	2721	2525	1099	1073	1081	710	840	775	1102	1210	1104	320	326	391	251	219	251	233	248	240	410	443	431	258	282	254	471	506	510	610	631	602	821	866	892	691	722	736	159	188	172	203	172	131	172	159	172
23:38:37	338	321	325	395	382	360	326	322	327	346	348	334	512	540	516	313	348	361	331	334	330	365	358	342	350	374	344	319	345	352	430	443	411	332	355	340	959	988	983	170	176	197	185	168	168	175	191	201	2735	2751	2571	1091	1059	1094	731	832	782	1113	1225	1151	387	312	404	246	271	225	218	223	202	454	440	430	254	237	266	475	515	487	594	654	635	822	869	875	707	752	718	172	160	173	161	169	180	199	171	157
23:48:37	335	358	357	357	358	352	346	350	349	385	306	325	513	529	507	345	329	333	294	343	340	359	359	360	305	351	334	340	355	341	400	378	387	318	343	312	943	966	908	175	184	166	181	165	191	177	146	188	2688	2822	2560	1093	1085	1073	698	773	792	1115	1187	1200	346	306	397	265	243	246	207	224	228	436	420	444	246	235	286	479	553	516	586	637	638	807	847	861	717	764	713	186	162	157	196	171	151	180	157	167
23:58:37	333	324	333	360	355	378	319	338	340	324	348	359	479	488	505	328	324	338	329	326	323	355	360	372	360	372	354	366	339	369	375	407	406	343	344	326	936	949	922	153	181	160	188	191	191	201	157	180	2714	2800	2611	1111	1140	1100	723	791	838	1119	1182	1217	349	321	410	255	262	229	243	234	240	421	438	473	245	263	293	508	529	492	597	604	628	825	897	878	736	744	720	179	147	184	141	178	160	171	181	195
0:00:00																																																																																																
0:00:00																																																																																																
0:00:00																																																																																																
0:00:00																																																																																																
0:00:00																																																																																																
0:00:00																																																																																																
0:00:00																																																																																																
0:00:00																																																																																																
0:00:00																																																																																																
0:00:00																																																																																																

