600

Kinetic read	A1	A2	A3	A4	A5	A6	A7	A8	A9	A10	A11	A12	B1	B2	B3	B4	B5	B6	B7	B8	B9	B10	B11	B12	C1	C2	C3	C4	C5	C6	C7	C8	C9	C10	C11	C12	D1	D2	D3	D4	D5	D6	D7	D8	D9	D10	D11	D12	E1	E2	E3	E4	E5	E6	E7	E8	E9	E10	E11	E12	F1	F2	F3	F4	F5	F6	F7	F8	F9	F10	F11	F12	G1	G2	G3	G4	G5	G6	G7	G8	G9	G10	G11	G12	H1	H2	H3	H4	H5	H6	H7	H8	H9	H10	H11	H12
0:08:05	0.153	0.175	0.154	0.167	0.160	0.143	0.155	0.199	0.199	0.215	0.192	0.236	0.168	0.154	0.149	0.144	0.148	0.144	0.141	0.150	0.176	0.195	0.212	0.181	0.162	0.163	0.119	0.151	0.163	0.160	0.153	0.152	0.147	0.145	0.172	0.152	0.149	0.143	0.162	0.116	0.117	0.118	0.118	0.117	0.112	0.115	0.113	0.112	0.217	0.184	0.163	0.155	0.169	0.202	0.144	0.151	0.240	0.237	0.225	0.232	0.159	0.159	0.178	0.146	0.157	0.155	0.136	0.160	0.142	0.209	0.174	0.156	0.186	0.192	0.239	0.209	0.254	0.234	0.189	0.148	0.153	0.140	0.169	0.132	0.163	0.179	0.204	0.119	0.114	0.119	0.109	0.114	0.113	0.114	0.108	0.112
0:18:05	0.222	0.233	0.160	0.160	0.150	0.148	0.153	0.175	0.195	0.166	0.175	0.228	0.168	0.198	0.152	0.144	0.138	0.141	0.139	0.136	0.130	0.162	0.146	0.150	0.163	0.162	0.120	0.174	0.164	0.188	0.153	0.150	0.143	0.144	0.133	0.136	0.158	0.160	0.187	0.116	0.117	0.118	0.118	0.117	0.112	0.114	0.108	0.104	0.206	0.204	0.172	0.227	0.246	0.260	0.234	0.249	0.243	0.159	0.167	0.201	0.168	0.181	0.179	0.167	0.165	0.163	0.136	0.212	0.216	0.238	0.180	0.156	0.194	0.204	0.260	0.240	0.259	0.257	0.195	0.148	0.183	0.174	0.139	0.137	0.178	0.192	0.233	0.119	0.114	0.119	0.109	0.113	0.112	0.114	0.108	0.112
0:28:05	0.239	0.216	0.220	0.223	0.217	0.214	0.220	0.219	0.226	0.166	0.175	0.234	0.169	0.218	0.238	0.143	0.138	0.181	0.140	0.151	0.155	0.228	0.148	0.154	0.166	0.166	0.120	0.193	0.185	0.232	0.152	0.164	0.145	0.172	0.140	0.162	0.192	0.184	0.207	0.115	0.117	0.118	0.118	0.117	0.112	0.114	0.108	0.104	0.201	0.192	0.196	0.236	0.263	0.273	0.243	0.252	0.196	0.171	0.163	0.172	0.172	0.180	0.164	0.177	0.172	0.171	0.165	0.247	0.238	0.190	0.182	0.158	0.196	0.210	0.252	0.228	0.250	0.250	0.152	0.150	0.149	0.162	0.147	0.141	0.189	0.199	0.233	0.119	0.114	0.119	0.109	0.114	0.112	0.114	0.108	0.112
0:38:05	0.236	0.249	0.238	0.273	0.276	0.252	0.240	0.209	0.227	0.167	0.174	0.215	0.168	0.204	0.223	0.168	0.140	0.202	0.160	0.183	0.133	0.241	0.151	0.166	0.165	0.166	0.120	0.192	0.200	0.211	0.153	0.183	0.152	0.224	0.219	0.186	0.226	0.219	0.202	0.115	0.117	0.117	0.118	0.117	0.111	0.114	0.108	0.104	0.170	0.177	0.196	0.208	0.249	0.243	0.242	0.250	0.195	0.155	0.162	0.171	0.182	0.186	0.171	0.185	0.177	0.179	0.194	0.233	0.213	0.179	0.185	0.159	0.197	0.214	0.240	0.210	0.234	0.243	0.141	0.152	0.167	0.148	0.137	0.137	0.194	0.197	0.218	0.119	0.114	0.119	0.108	0.113	0.112	0.114	0.108	0.111
0:48:05	0.242	0.254	0.231	0.279	0.277	0.201	0.219	0.226	0.215	0.169	0.173	0.219	0.169	0.186	0.218	0.212	0.148	0.182	0.192	0.192	0.198	0.244	0.156	0.158	0.168	0.172	0.120	0.169	0.221	0.200	0.165	0.220	0.206	0.185	0.212	0.193	0.215	0.222	0.199	0.115	0.116	0.117	0.118	0.117	0.111	0.114	0.108	0.104	0.177	0.175	0.178	0.198	0.243	0.189	0.232	0.222	0.187	0.154	0.163	0.160	0.184	0.182	0.180	0.188	0.181	0.189	0.211	0.176	0.168	0.179	0.186	0.161	0.198	0.214	0.232	0.199	0.196	0.200	0.152	0.153	0.160	0.145	0.136	0.143	0.197	0.198	0.188	0.119	0.114	0.118	0.109	0.113	0.112	0.114	0.108	0.111
0:58:05	0.232	0.255	0.224	0.280	0.280	0.187	0.181	0.169	0.199	0.172	0.172	0.213	0.169	0.192	0.207	0.221	0.144	0.183	0.173	0.183	0.183	0.230	0.169	0.162	0.171	0.176	0.119	0.178	0.197	0.188	0.191	0.253	0.225	0.172	0.181	0.181	0.173	0.210	0.201	0.115	0.117	0.117	0.118	0.117	0.111	0.114	0.108	0.104	0.170	0.175	0.171	0.169	0.217	0.195	0.213	0.198	0.178	0.157	0.162	0.157	0.189	0.182	0.178	0.199	0.182	0.196	0.205	0.187	0.182	0.167	0.190	0.164	0.198	0.215	0.216	0.185	0.175	0.170	0.150	0.158	0.165	0.144	0.137	0.140	0.197	0.200	0.184	0.119	0.114	0.118	0.108	0.113	0.112	0.114	0.108	0.111
1:08:05	0.223	0.249	0.231	0.285	0.283	0.222	0.184	0.211	0.192	0.172	0.168	0.206	0.171	0.180	0.172	0.198	0.149	0.198	0.212	0.148	0.166	0.227	0.180	0.172	0.174	0.178	0.120	0.165	0.184	0.191	0.252	0.226	0.246	0.168	0.171	0.153	0.170	0.180	0.191	0.115	0.117	0.117	0.117	0.117	0.111	0.114	0.108	0.104	0.194	0.175	0.173	0.163	0.212	0.172	0.201	0.196	0.177	0.156	0.166	0.158	0.190	0.180	0.184	0.194	0.185	0.166	0.190	0.160	0.166	0.170	0.191	0.168	0.198	0.216	0.200	0.170	0.177	0.168	0.149	0.160	0.161	0.144	0.140	0.138	0.199	0.205	0.166	0.119	0.114	0.118	0.109	0.113	0.112	0.114	0.108	0.112
1:18:05	0.213	0.243	0.227	0.261	0.260	0.212	0.186	0.247	0.173	0.176	0.170	0.206	0.173	0.175	0.174	0.197	0.154	0.166	0.193	0.162	0.161	0.200	0.181	0.170	0.176	0.192	0.119	0.180	0.196	0.206	0.252	0.183	0.240	0.169	0.159	0.152	0.165	0.182	0.167	0.115	0.117	0.117	0.117	0.117	0.111	0.114	0.108	0.104	0.168	0.179	0.174	0.162	0.167	0.183	0.187	0.187	0.194	0.159	0.163	0.160	0.196	0.184	0.169	0.205	0.188	0.164	0.175	0.162	0.143	0.185	0.193	0.170	0.198	0.216	0.192	0.178	0.181	0.174	0.150	0.163	0.165	0.143	0.140	0.138	0.201	0.203	0.176	0.119	0.114	0.118	0.108	0.113	0.112	0.114	0.108	0.112
1:28:05	0.230	0.239	0.235	0.253	0.290	0.197	0.182	0.180	0.184	0.174	0.171	0.224	0.175	0.168	0.166	0.195	0.154	0.192	0.172	0.158	0.178	0.180	0.178	0.176	0.179	0.196	0.120	0.201	0.204	0.217	0.217	0.210	0.242	0.166	0.148	0.157	0.168	0.170	0.166	0.115	0.117	0.117	0.118	0.117	0.111	0.114	0.108	0.104	0.169	0.202	0.178	0.176	0.184	0.186	0.222	0.230	0.205	0.158	0.163	0.161	0.219	0.201	0.181	0.169	0.190	0.174	0.178	0.148	0.143	0.206	0.195	0.174	0.199	0.220	0.188	0.192	0.196	0.170	0.153	0.166	0.171	0.141	0.143	0.142	0.202	0.202	0.180	0.119	0.114	0.118	0.108	0.113	0.112	0.114	0.108	0.112
1:38:05	0.224	0.246	0.223	0.273	0.292	0.208	0.225	0.232	0.184	0.179	0.172	0.205	0.178	0.172	0.169	0.204	0.159	0.177	0.187	0.151	0.179	0.194	0.184	0.207	0.184	0.191	0.122	0.213	0.216	0.227	0.200	0.182	0.211	0.171	0.153	0.164	0.176	0.167	0.175	0.115	0.116	0.117	0.117	0.117	0.111	0.114	0.107	0.104	0.243	0.242	0.179	0.188	0.168	0.190	0.221	0.218	0.243	0.164	0.163	0.164	0.220	0.206	0.176	0.165	0.190	0.175	0.142	0.212	0.138	0.226	0.198	0.181	0.198	0.220	0.189	0.200	0.211	0.175	0.159	0.166	0.171	0.147	0.146	0.142	0.205	0.200	0.187	0.119	0.114	0.118	0.108	0.113	0.112	0.114	0.108	0.111
1:48:05	0.217	0.222	0.208	0.260	0.284	0.187	0.225	0.249	0.215	0.180	0.174	0.169	0.182	0.200	0.173	0.164	0.161	0.175	0.158	0.145	0.152	0.190	0.188	0.205	0.185	0.192	0.121	0.200	0.237	0.245	0.189	0.192	0.208	0.168	0.157	0.192	0.173	0.169	0.173	0.115	0.117	0.117	0.117	0.117	0.111	0.114	0.107	0.103	0.176	0.187	0.189	0.191	0.185	0.187	0.247	0.239	0.188	0.162	0.165	0.172	0.233	0.214	0.182	0.157	0.191	0.176	0.141	0.147	0.141	0.172	0.200	0.185	0.200	0.222	0.192	0.207	0.222	0.180	0.162	0.173	0.174	0.150	0.148	0.147	0.206	0.191	0.172	0.119	0.114	0.118	0.108	0.113	0.112	0.114	0.108	0.111
1:58:05	0.228	0.230	0.224	0.222	0.257	0.218	0.241	0.251	0.238	0.185	0.176	0.173	0.184	0.186	0.177	0.167	0.167	0.165	0.150	0.148	0.144	0.196	0.196	0.199	0.189	0.190	0.124	0.193	0.229	0.207	0.253	0.226	0.175	0.177	0.161	0.162	0.178	0.174	0.177	0.115	0.116	0.117	0.117	0.117	0.111	0.114	0.107	0.104	0.178	0.191	0.184	0.171	0.207	0.175	0.246	0.192	0.226	0.161	0.171	0.170	0.222	0.238	0.201	0.171	0.191	0.161	0.142	0.145	0.150	0.178	0.219	0.186	0.198	0.220	0.188	0.215	0.229	0.198	0.169	0.172	0.174	0.149	0.152	0.149	0.205	0.191	0.197	0.119	0.114	0.118	0.108	0.113	0.112	0.114	0.107	0.111
2:08:05	0.238	0.244	0.235	0.254	0.256	0.194	0.242	0.227	0.227	0.189	0.179	0.254	0.188	0.187	0.181	0.171	0.171	0.169	0.152	0.151	0.147	0.222	0.203	0.202	0.195	0.194	0.127	0.201	0.207	0.209	0.200	0.233	0.213	0.176	0.167	0.168	0.182	0.191	0.182	0.115	0.116	0.117	0.117	0.117	0.111	0.114	0.107	0.103	0.239	0.194	0.233	0.232	0.252	0.192	0.205	0.185	0.196	0.164	0.171	0.174	0.216	0.235	0.224	0.170	0.193	0.163	0.144	0.146	0.141	0.186	0.205	0.190	0.199	0.223	0.188	0.203	0.206	0.192	0.173	0.174	0.177	0.152	0.153	0.152	0.207	0.185	0.186	0.118	0.114	0.118	0.108	0.113	0.112	0.113	0.107	0.111
2:18:05	0.239	0.244	0.231	0.267	0.225	0.226	0.237	0.208	0.207	0.194	0.184	0.218	0.192	0.191	0.187	0.175	0.176	0.173	0.155	0.154	0.148	0.214	0.212	0.208	0.201	0.202	0.126	0.209	0.217	0.213	0.215	0.194	0.188	0.183	0.172	0.172	0.188	0.193	0.192	0.115	0.116	0.117	0.117	0.117	0.111	0.114	0.107	0.103	0.243	0.197	0.248	0.222	0.260	0.228	0.232	0.215	0.192	0.169	0.176	0.175	0.220	0.227	0.178	0.158	0.193	0.186	0.144	0.148	0.142	0.184	0.205	0.197	0.199	0.227	0.190	0.200	0.207	0.192	0.171	0.178	0.181	0.159	0.157	0.153	0.206	0.188	0.242	0.118	0.114	0.118	0.108	0.113	0.112	0.113	0.108	0.111
2:28:05	0.216	0.224	0.211	0.273	0.233	0.242	0.211	0.210	0.212	0.200	0.191	0.205	0.197	0.200	0.202	0.181	0.180	0.188	0.158	0.157	0.150	0.218	0.219	0.214	0.208	0.208	0.133	0.215	0.220	0.218	0.201	0.201	0.193	0.188	0.177	0.178	0.195	0.191	0.220	0.115	0.117	0.117	0.117	0.117	0.111	0.114	0.107	0.103	0.210	0.207	0.207	0.245	0.244	0.261	0.229	0.222	0.195	0.172	0.178	0.179	0.200	0.217	0.196	0.188	0.193	0.167	0.149	0.149	0.180	0.186	0.208	0.202	0.201	0.225	0.206	0.199	0.203	0.191	0.174	0.182	0.182	0.162	0.159	0.156	0.207	0.204	0.174	0.118	0.114	0.118	0.108	0.113	0.112	0.113	0.108	0.111
2:38:05	0.224	0.228	0.217	0.287	0.260	0.203	0.218	0.219	0.218	0.207	0.198	0.209	0.202	0.210	0.205	0.198	0.185	0.189	0.160	0.161	0.154	0.226	0.227	0.222	0.213	0.208	0.127	0.222	0.225	0.224	0.216	0.216	0.216	0.196	0.185	0.182	0.220	0.201	0.221	0.115	0.116	0.117	0.117	0.117	0.111	0.114	0.107	0.103	0.234	0.215	0.207	0.245	0.168	0.197	0.195	0.198	0.200	0.175	0.183	0.181	0.197	0.218	0.184	0.161	0.193	0.169	0.147	0.155	0.145	0.191	0.210	0.204	0.204	0.228	0.220	0.199	0.205	0.196	0.176	0.187	0.186	0.157	0.160	0.160	0.209	0.192	0.245	0.118	0.114	0.118	0.108	0.113	0.112	0.113	0.107	0.111
2:48:05	0.232	0.232	0.224	0.276	0.265	0.195	0.227	0.230	0.227	0.211	0.205	0.205	0.208	0.211	0.208	0.221	0.191	0.193	0.163	0.163	0.157	0.233	0.237	0.230	0.218	0.225	0.128	0.231	0.232	0.232	0.214	0.214	0.207	0.202	0.192	0.192	0.214	0.219	0.204	0.115	0.116	0.117	0.117	0.117	0.111	0.113	0.107	0.103	0.232	0.219	0.205	0.172	0.176	0.207	0.197	0.203	0.202	0.177	0.184	0.187	0.191	0.202	0.187	0.161	0.194	0.171	0.147	0.219	0.157	0.196	0.214	0.207	0.206	0.230	0.212	0.201	0.211	0.200	0.179	0.191	0.190	0.158	0.165	0.164	0.210	0.206	0.223	0.118	0.114	0.118	0.108	0.113	0.112	0.113	0.107	0.111
2:58:05	0.240	0.241	0.232	0.224	0.204	0.198	0.236	0.237	0.237	0.220	0.210	0.210	0.215	0.217	0.216	0.200	0.198	0.197	0.167	0.167	0.163	0.245	0.248	0.243	0.224	0.230	0.129	0.240	0.241	0.241	0.219	0.219	0.214	0.208	0.198	0.198	0.212	0.214	0.212	0.115	0.116	0.117	0.117	0.117	0.111	0.113	0.107	0.103	0.201	0.214	0.207	0.279	0.172	0.183	0.194	0.207	0.206	0.181	0.188	0.189	0.194	0.226	0.189	0.171	0.194	0.208	0.150	0.160	0.148	0.199	0.216	0.210	0.207	0.233	0.228	0.203	0.216	0.202	0.185	0.196	0.192	0.161	0.168	0.168	0.209	0.251	0.239	0.118	0.114	0.118	0.108	0.113	0.112	0.113	0.107	0.111
3:08:05	0.249	0.248	0.240	0.229	0.212	0.206	0.246	0.247	0.245	0.227	0.220	0.218	0.221	0.223	0.221	0.205	0.205	0.203	0.178	0.171	0.167	0.255	0.257	0.253	0.231	0.227	0.128	0.252	0.250	0.251	0.226	0.227	0.221	0.212	0.204	0.203	0.218	0.229	0.220	0.114	0.116	0.117	0.117	0.117	0.111	0.113	0.107	0.103	0.206	0.217	0.247	0.178	0.175	0.186	0.201	0.209	0.208	0.183	0.191	0.190	0.232	0.258	0.210	0.190	0.195	0.176	0.152	0.161	0.191	0.202	0.219	0.214	0.212	0.236	0.212	0.207	0.216	0.205	0.187	0.197	0.195	0.164	0.170	0.171	0.211	0.232	0.214	0.118	0.114	0.118	0.108	0.113	0.112	0.113	0.107	0.111
3:18:05	0.259	0.257	0.250	0.235	0.216	0.211	0.256	0.259	0.257	0.235	0.226	0.235	0.227	0.230	0.229	0.210	0.211	0.212	0.185	0.177	0.175	0.265	0.267	0.264	0.238	0.234	0.140	0.264	0.261	0.262	0.234	0.236	0.229	0.219	0.210	0.210	0.228	0.242	0.226	0.115	0.116	0.117	0.117	0.117	0.111	0.113	0.107	0.103	0.209	0.219	0.215	0.254	0.284	0.189	0.204	0.213	0.212	0.188	0.194	0.194	0.277	0.190	0.201	0.167	0.195	0.179	0.161	0.160	0.157	0.204	0.222	0.217	0.212	0.238	0.213	0.210	0.219	0.206	0.190	0.201	0.198	0.168	0.173	0.173	0.213	0.226	0.212	0.118	0.114	0.118	0.108	0.112	0.112	0.113	0.107	0.111
3:28:05	0.268	0.268	0.259	0.242	0.222	0.219	0.265	0.267	0.267	0.241	0.232	0.235	0.234	0.238	0.236	0.217	0.216	0.218	0.186	0.182	0.178	0.277	0.282	0.276	0.247	0.239	0.132	0.272	0.271	0.272	0.244	0.246	0.235	0.226	0.217	0.218	0.234	0.238	0.237	0.114	0.116	0.117	0.117	0.117	0.111	0.113	0.107	0.103	0.213	0.223	0.218	0.185	0.181	0.209	0.201	0.218	0.217	0.189	0.196	0.197	0.239	0.205	0.204	0.169	0.196	0.183	0.153	0.174	0.201	0.209	0.225	0.221	0.215	0.240	0.228	0.212	0.219	0.209	0.192	0.202	0.200	0.171	0.177	0.177	0.212	0.237	0.202	0.118	0.114	0.118	0.108	0.112	0.111	0.113	0.107	0.111
3:38:05	0.281	0.281	0.273	0.250	0.229	0.226	0.278	0.277	0.279	0.250	0.239	0.248	0.242	0.245	0.246	0.223	0.225	0.227	0.188	0.187	0.179	0.288	0.296	0.289	0.254	0.245	0.134	0.283	0.285	0.284	0.256	0.255	0.246	0.236	0.228	0.225	0.244	0.258	0.245	0.115	0.116	0.117	0.117	0.117	0.111	0.113	0.107	0.103	0.217	0.226	0.220	0.217	0.203	0.198	0.205	0.221	0.221	0.191	0.200	0.200	0.234	0.255	0.212	0.205	0.197	0.185	0.155	0.165	0.157	0.212	0.229	0.225	0.218	0.242	0.227	0.216	0.223	0.212	0.192	0.203	0.202	0.175	0.178	0.177	0.213	0.254	0.200	0.118	0.114	0.118	0.108	0.112	0.111	0.113	0.107	0.111
3:48:05	0.294	0.293	0.285	0.258	0.236	0.236	0.290	0.288	0.290	0.258	0.251	0.260	0.253	0.256	0.259	0.234	0.233	0.237	0.192	0.192	0.184	0.302	0.309	0.302	0.265	0.252	0.135	0.296	0.297	0.296	0.264	0.264	0.254	0.247	0.237	0.235	0.253	0.261	0.256	0.115	0.116	0.117	0.117	0.117	0.111	0.113	0.107	0.103	0.219	0.229	0.223	0.192	0.197	0.202	0.212	0.226	0.223	0.193	0.205	0.204	0.228	0.270	0.216	0.173	0.198	0.188	0.164	0.169	0.161	0.215	0.232	0.229	0.221	0.244	0.238	0.218	0.226	0.214	0.197	0.206	0.204	0.177	0.179	0.180	0.213	0.252	0.205	0.118	0.114	0.118	0.108	0.112	0.112	0.113	0.107	0.111
3:58:05	0.310	0.303	0.296	0.268	0.247	0.244	0.304	0.301	0.302	0.269	0.263	0.270	0.261	0.266	0.267	0.242	0.242	0.246	0.197	0.199	0.188	0.317	0.324	0.319	0.276	0.260	0.140	0.310	0.310	0.311	0.274	0.275	0.266	0.257	0.246	0.247	0.267	0.273	0.267	0.114	0.116	0.117	0.117	0.117	0.111	0.113	0.107	0.103	0.223	0.235	0.227	0.199	0.194	0.206	0.215	0.229	0.226	0.195	0.206	0.207	0.227	0.199	0.209	0.202	0.198	0.191	0.188	0.171	0.165	0.219	0.234	0.233	0.224	0.247	0.235	0.219	0.228	0.220	0.197	0.208	0.207	0.178	0.183	0.183	0.216	0.255	0.209	0.117	0.114	0.118	0.108	0.112	0.111	0.113	0.107	0.111
4:08:05	0.322	0.318	0.310	0.278	0.257	0.253	0.318	0.313	0.313	0.279	0.269	0.281	0.272	0.278	0.281	0.251	0.254	0.256	0.202	0.202	0.194	0.331	0.338	0.334	0.284	0.270	0.158	0.321	0.324	0.325	0.284	0.288	0.278	0.268	0.259	0.258	0.278	0.282	0.278	0.114	0.116	0.116	0.117	0.117	0.110	0.113	0.107	0.103	0.228	0.238	0.231	0.200	0.201	0.208	0.217	0.232	0.227	0.199	0.210	0.209	0.215	0.213	0.215	0.214	0.200	0.192	0.180	0.174	0.169	0.221	0.238	0.237	0.227	0.250	0.238	0.223	0.233	0.222	0.200	0.212	0.211	0.181	0.185	0.184	0.215	0.260	0.210	0.117	0.114	0.118	0.108	0.112	0.111	0.113	0.107	0.111
4:18:05	0.339	0.332	0.327	0.288	0.267	0.265	0.332	0.329	0.329	0.294	0.278	0.296	0.283	0.290	0.293	0.261	0.264	0.266	0.209	0.208	0.204	0.349	0.353	0.349	0.296	0.281	0.178	0.339	0.338	0.339	0.299	0.302	0.290	0.282	0.273	0.272	0.290	0.291	0.289	0.114	0.116	0.117	0.117	0.117	0.111	0.113	0.107	0.103	0.230	0.242	0.235	0.198	0.203	0.211	0.221	0.236	0.229	0.202	0.212	0.210	0.204	0.196	0.221	0.188	0.201	0.194	0.200	0.174	0.169	0.224	0.242	0.241	0.230	0.253	0.242	0.226	0.236	0.226	0.203	0.216	0.215	0.182	0.189	0.187	0.220	0.265	0.214	0.118	0.114	0.111	0.108	0.112	0.111	0.113	0.107	0.111
4:28:05	0.353	0.346	0.340	0.300	0.277	0.276	0.348	0.343	0.344	0.308	0.288	0.308	0.296	0.302	0.305	0.273	0.276	0.277	0.215	0.214	0.210	0.362	0.368	0.366	0.307	0.292	0.143	0.350	0.352	0.354	0.311	0.312	0.303	0.297	0.285	0.283	0.303	0.300	0.302	0.114	0.116	0.117	0.117	0.117	0.111	0.113	0.107	0.103	0.235	0.246	0.238	0.202	0.198	0.215	0.223	0.239	0.233	0.206	0.215	0.215	0.213	0.203	0.218	0.187	0.202	0.197	0.164	0.176	0.169	0.229	0.247	0.244	0.231	0.254	0.255	0.229	0.237	0.229	0.206	0.217	0.217	0.185	0.190	0.190	0.220	0.259	0.216	0.117	0.114	0.111	0.108	0.113	0.111	0.113	0.107	0.111
4:38:05	0.369	0.360	0.357	0.313	0.289	0.288	0.363	0.359	0.356	0.321	0.298	0.323	0.311	0.314	0.316	0.284	0.288	0.288	0.222	0.220	0.217	0.379	0.385	0.379	0.320	0.305	0.146	0.364	0.367	0.369	0.323	0.327	0.317	0.310	0.300	0.297	0.316	0.319	0.316	0.114	0.116	0.117	0.117	0.117	0.111	0.113	0.107	0.103	0.238	0.251	0.241	0.204	0.203	0.217	0.227	0.244	0.237	0.207	0.219	0.219	0.212	0.202	0.221	0.188	0.203	0.200	0.172	0.176	0.171	0.229	0.249	0.247	0.235	0.260	0.261	0.232	0.242	0.233	0.209	0.220	0.218	0.188	0.193	0.193	0.222	0.258	0.219	0.117	0.114	0.111	0.108	0.112	0.111	0.113	0.107	0.111
4:48:05	0.384	0.377	0.370	0.325	0.304	0.301	0.378	0.371	0.371	0.336	0.309	0.335	0.322	0.328	0.331	0.297	0.299	0.300	0.230	0.224	0.225	0.398	0.400	0.396	0.336	0.316	0.152	0.379	0.382	0.386	0.340	0.344	0.332	0.324	0.313	0.312	0.330	0.328	0.330	0.114	0.116	0.116	0.117	0.117	0.110	0.113	0.107	0.103	0.242	0.255	0.245	0.206	0.204	0.222	0.230	0.247	0.239	0.209	0.220	0.220	0.234	0.202	0.233	0.191	0.204	0.202	0.180	0.180	0.173	0.232	0.254	0.251	0.237	0.262	0.260	0.234	0.244	0.235	0.210	0.222	0.222	0.190	0.196	0.196	0.225	0.263	0.222	0.117	0.113	0.111	0.108	0.112	0.111	0.113	0.107	0.111
4:58:05	0.401	0.390	0.385	0.338	0.315	0.312	0.390	0.390	0.386	0.352	0.317	0.351	0.336	0.344	0.345	0.309	0.312	0.314	0.239	0.232	0.235	0.414	0.416	0.411	0.350	0.328	0.160	0.393	0.397	0.401	0.358	0.357	0.346	0.338	0.329	0.328	0.343	0.344	0.344	0.114	0.115	0.116	0.117	0.117	0.111	0.113	0.107	0.103	0.246	0.258	0.250	0.210	0.208	0.225	0.232	0.251	0.244	0.214	0.224	0.223	0.218	0.209	0.227	0.194	0.205	0.203	0.191	0.180	0.174	0.236	0.258	0.255	0.241	0.267	0.265	0.235	0.250	0.238	0.214	0.228	0.226	0.192	0.198	0.200	0.227	0.268	0.228	0.117	0.114	0.111	0.108	0.112	0.111	0.113	0.107	0.111
5:08:05	0.414	0.406	0.400	0.350	0.328	0.326	0.404	0.404	0.402	0.369	0.325	0.366	0.349	0.357	0.359	0.324	0.327	0.328	0.249	0.241	0.243	0.426	0.432	0.424	0.365	0.342	0.164	0.406	0.411	0.416	0.371	0.373	0.361	0.352	0.346	0.342	0.358	0.359	0.359	0.114	0.116	0.117	0.117	0.117	0.111	0.113	0.107	0.103	0.249	0.261	0.254	0.212	0.210	0.228	0.236	0.254	0.247	0.215	0.227	0.225	0.228	0.208	0.231	0.197	0.205	0.205	0.189	0.183	0.176	0.239	0.262	0.260	0.244	0.271	0.274	0.240	0.252	0.241	0.216	0.231	0.227	0.195	0.202	0.201	0.232	0.267	0.230	0.117	0.114	0.111	0.108	0.112	0.111	0.113	0.107	0.111
5:18:05	0.431	0.419	0.414	0.365	0.343	0.339	0.419	0.419	0.416	0.381	0.337	0.378	0.365	0.373	0.374	0.339	0.340	0.340	0.258	0.251	0.253	0.442	0.443	0.439	0.379	0.357	0.170	0.423	0.427	0.425	0.387	0.390	0.376	0.368	0.360	0.357	0.372	0.372	0.371	0.114	0.116	0.116	0.116	0.116	0.110	0.113	0.107	0.103	0.254	0.264	0.262	0.215	0.213	0.231	0.240	0.259	0.251	0.219	0.229	0.228	0.229	0.209	0.232	0.199	0.207	0.208	0.178	0.185	0.178	0.241	0.265	0.264	0.246	0.274	0.274	0.242	0.252	0.243	0.219	0.233	0.230	0.198	0.205	0.204	0.229	0.276	0.232	0.117	0.113	0.111	0.108	0.112	0.111	0.113	0.107	0.111
5:28:05	0.443	0.433	0.424	0.380	0.354	0.354	0.430	0.430	0.428	0.395	0.370	0.391	0.377	0.384	0.388	0.352	0.353	0.355	0.270	0.263	0.264	0.454	0.457	0.452	0.393	0.371	0.158	0.436	0.441	0.437	0.400	0.404	0.389	0.380	0.375	0.375	0.385	0.386	0.384	0.114	0.116	0.116	0.117	0.116	0.111	0.113	0.107	0.103	0.257	0.269	0.263	0.216	0.214	0.233	0.243	0.263	0.256	0.220	0.231	0.229	0.245	0.210	0.234	0.200	0.208	0.212	0.180	0.186	0.180	0.246	0.267	0.269	0.251	0.279	0.277	0.245	0.254	0.245	0.220	0.236	0.231	0.200	0.206	0.207	0.234	0.275	0.235	0.117	0.114	0.111	0.108	0.112	0.111	0.113	0.107	0.111
5:38:05	0.454	0.442	0.439	0.396	0.370	0.363	0.437	0.446	0.447	0.412	0.389	0.411	0.391	0.402	0.405	0.365	0.372	0.371	0.282	0.279	0.271	0.466	0.466	0.460	0.410	0.382	0.159	0.453	0.459	0.448	0.415	0.420	0.409	0.396	0.393	0.384	0.397	0.400	0.399	0.114	0.116	0.116	0.117	0.117	0.111	0.113	0.107	0.103	0.259	0.272	0.267	0.220	0.218	0.234	0.247	0.266	0.259	0.224	0.236	0.236	0.243	0.217	0.239	0.202	0.209	0.213	0.182	0.187	0.180	0.249	0.275	0.273	0.254	0.282	0.282	0.246	0.259	0.250	0.223	0.241	0.234	0.204	0.211	0.209	0.235	0.280	0.238	0.117	0.113	0.111	0.107	0.112	0.111	0.113	0.107	0.111
5:48:05	0.462	0.455	0.452	0.409	0.384	0.379	0.451	0.456	0.456	0.424	0.406	0.420	0.406	0.410	0.414	0.378	0.381	0.381	0.291	0.288	0.286	0.475	0.476	0.475	0.423	0.397	0.163	0.460	0.466	0.460	0.428	0.434	0.424	0.412	0.406	0.404	0.411	0.414	0.413	0.114	0.115	0.116	0.117	0.117	0.111	0.113	0.107	0.103	0.262	0.276	0.271	0.222	0.220	0.236	0.250	0.272	0.263	0.224	0.234	0.235	0.232	0.216	0.242	0.204	0.212	0.216	0.183	0.188	0.184	0.250	0.279	0.277	0.257	0.287	0.287	0.249	0.261	0.251	0.225	0.239	0.234	0.203	0.211	0.211	0.240	0.272	0.240	0.117	0.113	0.111	0.107	0.112	0.111	0.113	0.107	0.111
5:58:05	0.472	0.465	0.458	0.422	0.396	0.391	0.465	0.466	0.466	0.437	0.419	0.432	0.416	0.426	0.429	0.393	0.395	0.393	0.303	0.299	0.296	0.484	0.482	0.481	0.437	0.411	0.171	0.468	0.478	0.468	0.442	0.445	0.437	0.428	0.421	0.418	0.424	0.426	0.426	0.114	0.115	0.116	0.117	0.116	0.111	0.113	0.107	0.103	0.266	0.280	0.274	0.225	0.221	0.238	0.253	0.275	0.267	0.225	0.236	0.239	0.234	0.220	0.244	0.207	0.214	0.216	0.186	0.190	0.184	0.256	0.281	0.281	0.259	0.291	0.291	0.252	0.264	0.253	0.226	0.244	0.237	0.206	0.213	0.213	0.239	0.278	0.241	0.117	0.113	0.111	0.108	0.112	0.111	0.112	0.107	0.111
6:08:05	0.480	0.477	0.468	0.436	0.413	0.404	0.473	0.476	0.476	0.448	0.433	0.444	0.428	0.443	0.441	0.407	0.409	0.411	0.316	0.314	0.309	0.494	0.494	0.491	0.450	0.425	0.174	0.486	0.492	0.482	0.455	0.461	0.449	0.439	0.437	0.427	0.437	0.441	0.440	0.114	0.115	0.117	0.117	0.116	0.111	0.113	0.107	0.103	0.271	0.285	0.279	0.227	0.224	0.239	0.256	0.279	0.269	0.230	0.241	0.243	0.249	0.219	0.246	0.210	0.215	0.221	0.187	0.193	0.185	0.258	0.283	0.283	0.262	0.295	0.294	0.254	0.267	0.254	0.229	0.247	0.239	0.209	0.217	0.215	0.240	0.275	0.247	0.117	0.114	0.111	0.108	0.112	0.111	0.113	0.107	0.111
6:18:05	0.488	0.482	0.475	0.448	0.424	0.416	0.480	0.484	0.486	0.459	0.444	0.457	0.441	0.452	0.450	0.424	0.422	0.425	0.328	0.326	0.316	0.503	0.502	0.500	0.462	0.438	0.176	0.494	0.500	0.489	0.462	0.471	0.465	0.449	0.447	0.439	0.446	0.451	0.450	0.114	0.115	0.116	0.117	0.116	0.111	0.113	0.107	0.103	0.274	0.285	0.284	0.229	0.226	0.242	0.261	0.282	0.273	0.233	0.244	0.245	0.245	0.223	0.250	0.211	0.217	0.223	0.188	0.195	0.187	0.263	0.290	0.288	0.267	0.298	0.299	0.256	0.270	0.258	0.232	0.248	0.242	0.211	0.220	0.217	0.239	0.287	0.248	0.117	0.113	0.111	0.108	0.112	0.111	0.113	0.107	0.111
6:28:05	0.494	0.494	0.483	0.459	0.435	0.428	0.484	0.491	0.491	0.467	0.454	0.467	0.452	0.462	0.462	0.435	0.436	0.434	0.338	0.339	0.329	0.511	0.506	0.507	0.469	0.451	0.182	0.499	0.505	0.498	0.471	0.477	0.469	0.459	0.454	0.451	0.454	0.460	0.459	0.114	0.115	0.116	0.117	0.116	0.110	0.113	0.107	0.103	0.278	0.290	0.287	0.231	0.229	0.244	0.262	0.285	0.277	0.233	0.246	0.248	0.241	0.225	0.252	0.213	0.220	0.226	0.189	0.197	0.189	0.266	0.293	0.292	0.271	0.303	0.304	0.259	0.272	0.259	0.233	0.252	0.244	0.215	0.221	0.221	0.241	0.278	0.250	0.117	0.114	0.111	0.107	0.112	0.111	0.113	0.107	0.111
6:38:05	0.502	0.506	0.488	0.470	0.447	0.439	0.501	0.505	0.500	0.477	0.467	0.475	0.461	0.470	0.468	0.444	0.439	0.443	0.352	0.352	0.339	0.520	0.518	0.516	0.482	0.465	0.185	0.506	0.509	0.508	0.483	0.490	0.478	0.473	0.468	0.465	0.463	0.473	0.472	0.114	0.115	0.116	0.116	0.116	0.110	0.113	0.107	0.103	0.279	0.294	0.288	0.234	0.231	0.247	0.266	0.291	0.281	0.235	0.250	0.252	0.254	0.227	0.253	0.216	0.220	0.228	0.191	0.199	0.191	0.269	0.297	0.298	0.274	0.308	0.308	0.261	0.273	0.262	0.233	0.251	0.248	0.216	0.222	0.222	0.243	0.280	0.253	0.117	0.113	0.110	0.108	0.112	0.111	0.112	0.107	0.111
6:48:05	0.506	0.512	0.496	0.477	0.455	0.452	0.507	0.507	0.505	0.487	0.475	0.484	0.472	0.480	0.475	0.455	0.448	0.456	0.366	0.364	0.354	0.525	0.521	0.522	0.494	0.475	0.190	0.509	0.519	0.512	0.490	0.497	0.488	0.481	0.479	0.473	0.473	0.481	0.479	0.114	0.115	0.116	0.116	0.116	0.110	0.113	0.107	0.103	0.282	0.299	0.291	0.237	0.233	0.252	0.270	0.295	0.284	0.238	0.251	0.253	0.256	0.228	0.257	0.217	0.224	0.229	0.192	0.200	0.192	0.273	0.301	0.299	0.276	0.314	0.313	0.264	0.276	0.265	0.237	0.254	0.249	0.217	0.223	0.225	0.246	0.294	0.258	0.117	0.113	0.110	0.107	0.112	0.111	0.112	0.107	0.110
6:58:05	0.513	0.519	0.504	0.484	0.463	0.457	0.513	0.514	0.515	0.492	0.485	0.490	0.481	0.488	0.485	0.463	0.460	0.460	0.378	0.378	0.367	0.534	0.526	0.527	0.500	0.486	0.195	0.521	0.520	0.519	0.500	0.505	0.499	0.487	0.481	0.479	0.480	0.496	0.489	0.114	0.115	0.116	0.117	0.116	0.110	0.113	0.107	0.103	0.287	0.300	0.296	0.239	0.236	0.253	0.272	0.296	0.288	0.240	0.256	0.257	0.261	0.230	0.258	0.220	0.226	0.231	0.195	0.201	0.193	0.276	0.303	0.303	0.281	0.317	0.316	0.268	0.279	0.268	0.240	0.257	0.252	0.222	0.226	0.228	0.247	0.294	0.260	0.117	0.113	0.110	0.107	0.112	0.111	0.112	0.107	0.111
7:08:05	0.520	0.527	0.510	0.494	0.473	0.467	0.516	0.520	0.520	0.502	0.493	0.497	0.488	0.496	0.493	0.471	0.469	0.472	0.391	0.390	0.382	0.541	0.531	0.533	0.511	0.497	0.200	0.524	0.530	0.525	0.508	0.511	0.506	0.502	0.490	0.487	0.490	0.503	0.493	0.114	0.115	0.116	0.116	0.116	0.110	0.113	0.107	0.103	0.290	0.305	0.299	0.241	0.238	0.257	0.276	0.300	0.294	0.242	0.259	0.258	0.252	0.232	0.261	0.221	0.229	0.233	0.195	0.201	0.195	0.280	0.308	0.308	0.286	0.321	0.322	0.267	0.280	0.272	0.241	0.259	0.256	0.220	0.228	0.230	0.250	0.295	0.263	0.117	0.113	0.110	0.107	0.112	0.111	0.112	0.107	0.111
7:18:05	0.526	0.531	0.518	0.499	0.484	0.473	0.524	0.530	0.529	0.509	0.500	0.505	0.498	0.503	0.499	0.482	0.481	0.479	0.401	0.405	0.394	0.541	0.537	0.534	0.515	0.508	0.205	0.529	0.529	0.530	0.515	0.521	0.512	0.503	0.498	0.493	0.498	0.508	0.505	0.114	0.115	0.116	0.116	0.116	0.110	0.113	0.107	0.103	0.292	0.306	0.302	0.244	0.239	0.257	0.278	0.302	0.296	0.246	0.263	0.263	0.260	0.232	0.263	0.224	0.230	0.234	0.198	0.204	0.195	0.285	0.311	0.309	0.290	0.325	0.326	0.270	0.283	0.274	0.245	0.262	0.260	0.224	0.231	0.233	0.252	0.295	0.266	0.117	0.113	0.110	0.107	0.112	0.111	0.113	0.107	0.111
7:28:05	0.531	0.535	0.519	0.506	0.489	0.481	0.520	0.534	0.532	0.514	0.510	0.512	0.502	0.507	0.506	0.487	0.487	0.487	0.411	0.415	0.407	0.552	0.549	0.541	0.523	0.514	0.211	0.531	0.533	0.531	0.521	0.521	0.514	0.509	0.503	0.502	0.504	0.512	0.513	0.114	0.115	0.116	0.116	0.116	0.110	0.113	0.107	0.103	0.296	0.311	0.305	0.246	0.242	0.260	0.281	0.305	0.300	0.248	0.265	0.266	0.272	0.239	0.268	0.226	0.232	0.236	0.198	0.205	0.196	0.287	0.316	0.316	0.296	0.331	0.329	0.271	0.286	0.276	0.247	0.265	0.262	0.226	0.232	0.236	0.252	0.293	0.269	0.117	0.113	0.110	0.107	0.112	0.111	0.112	0.107	0.110
7:38:05	0.533	0.541	0.520	0.513	0.498	0.489	0.530	0.537	0.537	0.519	0.515	0.514	0.510	0.517	0.512	0.494	0.489	0.489	0.418	0.423	0.417	0.555	0.547	0.546	0.533	0.521	0.217	0.533	0.535	0.537	0.525	0.529	0.522	0.518	0.510	0.512	0.513	0.520	0.520	0.114	0.115	0.116	0.116	0.116	0.110	0.113	0.107	0.103	0.300	0.313	0.306	0.247	0.241	0.262	0.284	0.309	0.303	0.252	0.268	0.268	0.261	0.237	0.264	0.226	0.234	0.238	0.199	0.205	0.196	0.291	0.319	0.316	0.300	0.334	0.333	0.273	0.288	0.277	0.249	0.268	0.265	0.227	0.233	0.237	0.257	0.296	0.272	0.117	0.113	0.110	0.107	0.112	0.111	0.112	0.107	0.111
7:48:05	0.540	0.550	0.528	0.518	0.505	0.494	0.532	0.540	0.541	0.526	0.518	0.525	0.517	0.521	0.517	0.501	0.500	0.500	0.429	0.433	0.426	0.559	0.545	0.548	0.534	0.530	0.226	0.540	0.542	0.540	0.530	0.532	0.526	0.523	0.513	0.514	0.515	0.527	0.524	0.114	0.115	0.116	0.116	0.116	0.110	0.113	0.107	0.103	0.301	0.316	0.311	0.249	0.245	0.265	0.287	0.312	0.306	0.254	0.271	0.273	0.272	0.245	0.267	0.229	0.237	0.239	0.200	0.206	0.198	0.293	0.322	0.321	0.302	0.338	0.337	0.275	0.291	0.279	0.253	0.270	0.269	0.230	0.237	0.239	0.258	0.305	0.274	0.117	0.113	0.110	0.107	0.112	0.111	0.112	0.106	0.111
7:58:05	0.542	0.556	0.529	0.528	0.509	0.505	0.551	0.547	0.547	0.530	0.524	0.532	0.526	0.526	0.519	0.506	0.503	0.506	0.436	0.440	0.434	0.564	0.559	0.555	0.543	0.538	0.234	0.547	0.547	0.548	0.539	0.543	0.535	0.532	0.523	0.526	0.521	0.534	0.534	0.114	0.115	0.116	0.116	0.116	0.110	0.113	0.107	0.103	0.306	0.319	0.314	0.252	0.247	0.267	0.289	0.315	0.309	0.258	0.274	0.275	0.264	0.242	0.268	0.231	0.240	0.242	0.200	0.208	0.199	0.296	0.326	0.324	0.307	0.341	0.341	0.279	0.291	0.282	0.255	0.274	0.271	0.231	0.237	0.243	0.261	0.294	0.275	0.117	0.113	0.110	0.107	0.112	0.111	0.112	0.107	0.111
8:08:05	0.547	0.558	0.533	0.529	0.516	0.511	0.546	0.553	0.552	0.535	0.529	0.532	0.527	0.531	0.527	0.510	0.511	0.511	0.444	0.451	0.443	0.568	0.560	0.557	0.550	0.543	0.243	0.544	0.552	0.551	0.542	0.546	0.539	0.536	0.530	0.528	0.526	0.538	0.539	0.114	0.115	0.116	0.116	0.116	0.110	0.113	0.107	0.103	0.307	0.323	0.318	0.256	0.249	0.270	0.291	0.320	0.314	0.260	0.275	0.279	0.264	0.246	0.271	0.231	0.241	0.245	0.201	0.209	0.199	0.300	0.330	0.326	0.310	0.344	0.343	0.278	0.293	0.284	0.258	0.278	0.274	0.232	0.240	0.243	0.264	0.299	0.279	0.117	0.113	0.110	0.107	0.112	0.111	0.112	0.107	0.111
8:18:05	0.550	0.565	0.538	0.535	0.523	0.514	0.559	0.559	0.559	0.541	0.535	0.543	0.536	0.534	0.531	0.516	0.514	0.518	0.451	0.453	0.449	0.578	0.562	0.560	0.556	0.548	0.252	0.552	0.554	0.556	0.548	0.554	0.544	0.542	0.535	0.535	0.531	0.542	0.541	0.114	0.115	0.116	0.116	0.116	0.110	0.113	0.107	0.103	0.312	0.327	0.319	0.256	0.250	0.271	0.294	0.322	0.316	0.263	0.279	0.279	0.279	0.246	0.280	0.234	0.242	0.245	0.203	0.210	0.201	0.303	0.332	0.331	0.312	0.349	0.347	0.281	0.296	0.285	0.260	0.281	0.278	0.233	0.242	0.248	0.266	0.310	0.282	0.116	0.113	0.110	0.108	0.111	0.111	0.112	0.107	0.110
8:28:05	0.552	0.565	0.540	0.538	0.528	0.523	0.552	0.559	0.563	0.544	0.540	0.548	0.541	0.541	0.534	0.519	0.518	0.525	0.460	0.463	0.456	0.577	0.569	0.564	0.563	0.554	0.262	0.557	0.559	0.552	0.551	0.558	0.552	0.547	0.539	0.542	0.537	0.548	0.547	0.114	0.115	0.116	0.116	0.116	0.110	0.113	0.107	0.103	0.315	0.328	0.322	0.258	0.253	0.274	0.298	0.325	0.318	0.263	0.282	0.283	0.269	0.248	0.275	0.234	0.244	0.249	0.204	0.211	0.202	0.306	0.336	0.332	0.315	0.351	0.350	0.286	0.299	0.287	0.263	0.283	0.279	0.235	0.244	0.251	0.268	0.302	0.282	0.116	0.113	0.110	0.107	0.112	0.111	0.112	0.106	0.111
8:38:05	0.557	0.568	0.544	0.541	0.535	0.525	0.568	0.564	0.564	0.551	0.542	0.549	0.545	0.544	0.538	0.529	0.523	0.528	0.468	0.467	0.463	0.577	0.570	0.568	0.566	0.559	0.272	0.558	0.562	0.557	0.555	0.560	0.555	0.553	0.546	0.548	0.538	0.549	0.551	0.114	0.115	0.116	0.116	0.116	0.110	0.113	0.107	0.103	0.317	0.331	0.326	0.260	0.255	0.276	0.299	0.328	0.322	0.266	0.285	0.284	0.271	0.249	0.276	0.237	0.247	0.250	0.205	0.212	0.204	0.308	0.338	0.336	0.319	0.355	0.355	0.285	0.300	0.290	0.266	0.284	0.283	0.235	0.247	0.253	0.270	0.305	0.283	0.117	0.113	0.110	0.107	0.112	0.110	0.112	0.107	0.110
8:48:05	0.562	0.574	0.546	0.545	0.540	0.529	0.556	0.565	0.567	0.554	0.546	0.547	0.547	0.548	0.541	0.526	0.527	0.530	0.471	0.478	0.468	0.584	0.573	0.569	0.573	0.563	0.282	0.561	0.565	0.558	0.556	0.562	0.557	0.552	0.546	0.545	0.540	0.551	0.556	0.113	0.114	0.116	0.116	0.116	0.110	0.112	0.107	0.102	0.320	0.334	0.325	0.261	0.256	0.277	0.301	0.330	0.326	0.269	0.287	0.287	0.272	0.253	0.280	0.239	0.249	0.252	0.207	0.213	0.205	0.312	0.342	0.340	0.322	0.360	0.356	0.288	0.303	0.290	0.269	0.287	0.283	0.238	0.249	0.255	0.271	0.308	0.288	0.116	0.113	0.110	0.107	0.111	0.110	0.112	0.106	0.110
8:58:05	0.566	0.578	0.554	0.553	0.544	0.533	0.569	0.567	0.573	0.558	0.551	0.555	0.550	0.550	0.543	0.535	0.534	0.534	0.480	0.484	0.475	0.585	0.574	0.571	0.574	0.570	0.294	0.562	0.568	0.566	0.558	0.568	0.557	0.558	0.549	0.552	0.547	0.557	0.558	0.114	0.115	0.116	0.116	0.116	0.110	0.112	0.107	0.103	0.322	0.337	0.331	0.264	0.258	0.279	0.304	0.332	0.329	0.272	0.291	0.291	0.285	0.254	0.280	0.240	0.249	0.252	0.207	0.214	0.205	0.315	0.343	0.343	0.325	0.363	0.361	0.287	0.303	0.293	0.270	0.290	0.288	0.239	0.252	0.255	0.273	0.315	0.290	0.116	0.113	0.110	0.107	0.111	0.110	0.112	0.106	0.110
9:08:05	0.569	0.578	0.552	0.558	0.548	0.538	0.568	0.566	0.577	0.562	0.552	0.554	0.553	0.557	0.552	0.540	0.541	0.542	0.484	0.491	0.482	0.585	0.576	0.574	0.576	0.572	0.306	0.565	0.570	0.567	0.556	0.565	0.560	0.560	0.552	0.552	0.548	0.558	0.559	0.114	0.115	0.116	0.116	0.116	0.110	0.113	0.107	0.103	0.325	0.339	0.333	0.267	0.260	0.281	0.307	0.335	0.330	0.275	0.294	0.292	0.280	0.254	0.282	0.243	0.252	0.256	0.211	0.216	0.207	0.318	0.346	0.346	0.328	0.366	0.364	0.290	0.307	0.293	0.272	0.293	0.290	0.240	0.254	0.260	0.275	0.316	0.293	0.116	0.113	0.110	0.107	0.112	0.110	0.112	0.106	0.110
9:18:05	0.574	0.582	0.561	0.562	0.552	0.543	0.571	0.574	0.578	0.567	0.556	0.567	0.560	0.560	0.556	0.544	0.542	0.544	0.492	0.495	0.490	0.590	0.580	0.579	0.581	0.579	0.315	0.568	0.577	0.573	0.567	0.574	0.570	0.567	0.561	0.561	0.552	0.565	0.563	0.114	0.115	0.116	0.116	0.116	0.110	0.113	0.107	0.103	0.326	0.342	0.335	0.268	0.263	0.284	0.309	0.338	0.334	0.278	0.295	0.294	0.282	0.263	0.285	0.242	0.252	0.256	0.209	0.217	0.207	0.321	0.348	0.350	0.331	0.371	0.371	0.293	0.305	0.295	0.275	0.294	0.291	0.241	0.256	0.263	0.277	0.317	0.294	0.116	0.113	0.110	0.107	0.112	0.110	0.112	0.106	0.110
9:28:05	0.572	0.586	0.562	0.563	0.554	0.546	0.574	0.578	0.579	0.572	0.561	0.572	0.564	0.563	0.559	0.547	0.544	0.549	0.497	0.499	0.496	0.597	0.584	0.584	0.590	0.584	0.326	0.573	0.580	0.575	0.574	0.578	0.575	0.575	0.564	0.566	0.559	0.569	0.567	0.113	0.115	0.116	0.116	0.116	0.110	0.113	0.107	0.103	0.330	0.344	0.339	0.269	0.264	0.285	0.312	0.341	0.337	0.279	0.297	0.299	0.284	0.265	0.286	0.245	0.253	0.257	0.211	0.219	0.209	0.324	0.351	0.353	0.333	0.374	0.372	0.293	0.310	0.296	0.278	0.298	0.295	0.244	0.258	0.263	0.280	0.321	0.296	0.116	0.113	0.110	0.107	0.111	0.110	0.112	0.106	0.110
9:38:05	0.573	0.590	0.560	0.565	0.560	0.549	0.573	0.579	0.587	0.574	0.563	0.573	0.566	0.564	0.560	0.549	0.548	0.552	0.501	0.508	0.501	0.592	0.587	0.584	0.588	0.586	0.336	0.574	0.580	0.574	0.572	0.575	0.574	0.572	0.565	0.567	0.557	0.571	0.567	0.114	0.115	0.116	0.116	0.116	0.110	0.113	0.107	0.103	0.332	0.345	0.342	0.272	0.266	0.287	0.314	0.344	0.341	0.282	0.299	0.301	0.289	0.261	0.288	0.245	0.255	0.258	0.212	0.220	0.210	0.323	0.352	0.354	0.336	0.377	0.377	0.294	0.310	0.300	0.279	0.300	0.297	0.245	0.260	0.266	0.280	0.323	0.299	0.116	0.113	0.110	0.107	0.111	0.110	0.112	0.107	0.110
9:48:05	0.576	0.593	0.563	0.570	0.565	0.551	0.587	0.583	0.588	0.576	0.568	0.577	0.570	0.570	0.562	0.552	0.552	0.558	0.504	0.512	0.501	0.600	0.590	0.588	0.594	0.590	0.348	0.578	0.585	0.579	0.576	0.583	0.575	0.577	0.569	0.569	0.564	0.572	0.573	0.114	0.115	0.116	0.116	0.116	0.110	0.113	0.107	0.103	0.334	0.348	0.343	0.274	0.267	0.289	0.317	0.346	0.341	0.284	0.300	0.302	0.285	0.262	0.291	0.247	0.257	0.261	0.214	0.221	0.211	0.327	0.357	0.358	0.339	0.377	0.379	0.297	0.313	0.301	0.280	0.302	0.300	0.247	0.261	0.267	0.282	0.323	0.302	0.116	0.113	0.110	0.107	0.111	0.111	0.112	0.107	0.111
9:58:05	0.580	0.593	0.570	0.573	0.567	0.558	0.579	0.586	0.587	0.576	0.572	0.577	0.577	0.573	0.567	0.557	0.552	0.559	0.513	0.516	0.507	0.602	0.590	0.592	0.600	0.594	0.359	0.579	0.587	0.579	0.579	0.589	0.580	0.580	0.572	0.575	0.569	0.578	0.579	0.114	0.115	0.116	0.116	0.116	0.110	0.112	0.107	0.103	0.335	0.351	0.346	0.277	0.271	0.292	0.318	0.350	0.345	0.286	0.304	0.304	0.292	0.264	0.293	0.249	0.259	0.263	0.214	0.222	0.212	0.329	0.359	0.361	0.344	0.380	0.382	0.300	0.314	0.303	0.281	0.305	0.300	0.248	0.265	0.271	0.284	0.324	0.304	0.116	0.113	0.110	0.107	0.111	0.110	0.112	0.106	0.111
10:08:05	0.581	0.592	0.572	0.576	0.568	0.559	0.592	0.593	0.592	0.576	0.572	0.577	0.577	0.575	0.568	0.560	0.553	0.563	0.514	0.523	0.511	0.602	0.593	0.591	0.601	0.598	0.370	0.580	0.586	0.581	0.582	0.588	0.582	0.586	0.575	0.575	0.570	0.580	0.579	0.114	0.114	0.116	0.116	0.116	0.110	0.112	0.107	0.103	0.339	0.351	0.349	0.278	0.272	0.293	0.321	0.352	0.345	0.286	0.305	0.308	0.291	0.265	0.304	0.251	0.260	0.263	0.216	0.222	0.213	0.334	0.362	0.364	0.343	0.385	0.384	0.300	0.316	0.306	0.284	0.308	0.304	0.250	0.265	0.270	0.284	0.325	0.304	0.116	0.113	0.110	0.107	0.111	0.110	0.112	0.106	0.110
10:18:05	0.586	0.593	0.567	0.579	0.569	0.559	0.588	0.592	0.595	0.579	0.578	0.584	0.581	0.576	0.571	0.562	0.558	0.566	0.518	0.525	0.521	0.603	0.598	0.596	0.603	0.598	0.382	0.581	0.592	0.581	0.585	0.590	0.583	0.583	0.581	0.577	0.571	0.582	0.581	0.114	0.114	0.116	0.116	0.116	0.110	0.112	0.107	0.103	0.343	0.354	0.349	0.279	0.274	0.295	0.322	0.354	0.348	0.290	0.308	0.308	0.293	0.268	0.294	0.253	0.263	0.264	0.216	0.223	0.214	0.334	0.362	0.364	0.347	0.386	0.387	0.304	0.319	0.306	0.287	0.310	0.307	0.253	0.267	0.272	0.286	0.326	0.310	0.116	0.113	0.110	0.107	0.111	0.110	0.112	0.106	0.110
10:28:05	0.590	0.592	0.570	0.581	0.573	0.568	0.598	0.594	0.597	0.580	0.580	0.589	0.586	0.580	0.575	0.565	0.564	0.571	0.526	0.530	0.524	0.604	0.600	0.597	0.609	0.604	0.395	0.588	0.594	0.588	0.590	0.594	0.590	0.588	0.582	0.581	0.576	0.586	0.580	0.114	0.115	0.116	0.116	0.116	0.110	0.112	0.107	0.103	0.343	0.354	0.352	0.280	0.276	0.295	0.324	0.357	0.352	0.291	0.309	0.309	0.290	0.268	0.298	0.254	0.265	0.265	0.218	0.225	0.216	0.336	0.368	0.369	0.350	0.390	0.391	0.304	0.318	0.308	0.288	0.311	0.310	0.255	0.270	0.275	0.287	0.326	0.311	0.116	0.113	0.110	0.107	0.111	0.110	0.112	0.106	0.110
10:38:05	0.591	0.594	0.575	0.587	0.580	0.567	0.600	0.599	0.596	0.582	0.583	0.593	0.589	0.581	0.581	0.567	0.567	0.571	0.532	0.534	0.526	0.609	0.600	0.601	0.612	0.603	0.404	0.589	0.596	0.589	0.592	0.600	0.591	0.592	0.586	0.586	0.579	0.586	0.584	0.113	0.114	0.115	0.116	0.116	0.110	0.112	0.107	0.102	0.346	0.359	0.354	0.282	0.276	0.298	0.328	0.356	0.353	0.293	0.313	0.313	0.293	0.268	0.303	0.253	0.266	0.268	0.220	0.226	0.217	0.341	0.369	0.371	0.354	0.392	0.391	0.306	0.321	0.312	0.291	0.314	0.311	0.256	0.272	0.277	0.290	0.329	0.312	0.116	0.113	0.110	0.107	0.111	0.110	0.112	0.106	0.110
10:48:05	0.591	0.597	0.575	0.586	0.577	0.570	0.591	0.605	0.605	0.587	0.586	0.592	0.592	0.585	0.578	0.569	0.569	0.576	0.534	0.537	0.532	0.608	0.604	0.602	0.610	0.606	0.415	0.588	0.599	0.589	0.590	0.596	0.592	0.594	0.585	0.585	0.580	0.590	0.585	0.113	0.115	0.116	0.116	0.116	0.110	0.113	0.107	0.102	0.348	0.358	0.358	0.282	0.277	0.300	0.329	0.359	0.354	0.294	0.315	0.313	0.295	0.271	0.302	0.255	0.267	0.269	0.221	0.227	0.218	0.341	0.372	0.372	0.355	0.395	0.394	0.308	0.322	0.313	0.292	0.314	0.313	0.257	0.273	0.278	0.292	0.334	0.315	0.116	0.113	0.110	0.107	0.111	0.110	0.112	0.106	0.111
10:58:05	0.594	0.597	0.582	0.590	0.580	0.574	0.594	0.605	0.602	0.590	0.583	0.599	0.594	0.586	0.584	0.573	0.571	0.576	0.537	0.543	0.536	0.614	0.609	0.604	0.617	0.609	0.425	0.592	0.599	0.591	0.595	0.602	0.596	0.599	0.590	0.589	0.582	0.591	0.586	0.113	0.114	0.116	0.116	0.115	0.110	0.112	0.107	0.102	0.350	0.362	0.359	0.284	0.280	0.301	0.332	0.364	0.357	0.297	0.315	0.316	0.297	0.272	0.305	0.257	0.268	0.271	0.221	0.229	0.219	0.344	0.372	0.375	0.357	0.398	0.398	0.309	0.324	0.311	0.295	0.318	0.315	0.259	0.275	0.280	0.295	0.334	0.315	0.116	0.113	0.110	0.107	0.111	0.110	0.112	0.106	0.110
11:08:05	0.591	0.602	0.575	0.591	0.582	0.576	0.598	0.606	0.605	0.593	0.588	0.601	0.597	0.587	0.585	0.575	0.574	0.579	0.538	0.546	0.540	0.615	0.608	0.607	0.615	0.609	0.436	0.592	0.603	0.591	0.596	0.600	0.596	0.596	0.592	0.588	0.584	0.590	0.588	0.113	0.115	0.116	0.116	0.116	0.110	0.112	0.107	0.103	0.351	0.363	0.359	0.285	0.281	0.304	0.332	0.363	0.360	0.299	0.317	0.318	0.298	0.274	0.304	0.257	0.269	0.272	0.222	0.229	0.219	0.343	0.376	0.377	0.362	0.401	0.399	0.309	0.323	0.314	0.295	0.320	0.316	0.262	0.277	0.283	0.295	0.336	0.316	0.116	0.113	0.110	0.107	0.111	0.110	0.112	0.106	0.110
11:18:05	0.593	0.601	0.586	0.597	0.586	0.578	0.597	0.606	0.606	0.595	0.591	0.599	0.600	0.590	0.590	0.578	0.577	0.579	0.543	0.550	0.543	0.614	0.609	0.608	0.619	0.613	0.445	0.598	0.602	0.594	0.598	0.603	0.599	0.597	0.596	0.591	0.585	0.595	0.594	0.113	0.114	0.115	0.116	0.115	0.110	0.112	0.106	0.102	0.354	0.363	0.362	0.286	0.282	0.306	0.335	0.366	0.363	0.300	0.318	0.319	0.299	0.274	0.308	0.258	0.271	0.274	0.223	0.231	0.220	0.345	0.379	0.379	0.363	0.402	0.402	0.311	0.325	0.317	0.297	0.321	0.317	0.262	0.277	0.282	0.298	0.337	0.319	0.116	0.113	0.110	0.107	0.111	0.110	0.112	0.106	0.110
11:28:05	0.594	0.604	0.586	0.593	0.584	0.578	0.600	0.612	0.611	0.602	0.581	0.604	0.603	0.590	0.591	0.579	0.580	0.587	0.545	0.551	0.546	0.615	0.611	0.608	0.620	0.616	0.450	0.600	0.606	0.597	0.598	0.605	0.601	0.597	0.596	0.593	0.588	0.597	0.596	0.113	0.114	0.115	0.116	0.116	0.110	0.112	0.107	0.103	0.354	0.367	0.363	0.287	0.282	0.306	0.339	0.368	0.364	0.302	0.320	0.323	0.301	0.276	0.308	0.259	0.272	0.276	0.224	0.230	0.221	0.348	0.380	0.380	0.365	0.407	0.406	0.314	0.325	0.319	0.300	0.323	0.321	0.265	0.279	0.284	0.300	0.339	0.319	0.116	0.113	0.110	0.107	0.111	0.110	0.112	0.106	0.110
11:38:05	0.597	0.606	0.588	0.595	0.586	0.579	0.605	0.612	0.617	0.601	0.582	0.599	0.606	0.592	0.591	0.581	0.580	0.585	0.547	0.553	0.548	0.618	0.610	0.609	0.622	0.617	0.458	0.598	0.609	0.600	0.599	0.609	0.601	0.597	0.593	0.591	0.587	0.600	0.597	0.113	0.114	0.115	0.116	0.116	0.110	0.112	0.106	0.102	0.357	0.369	0.364	0.289	0.284	0.308	0.340	0.371	0.367	0.305	0.323	0.323	0.303	0.276	0.309	0.260	0.274	0.277	0.225	0.233	0.223	0.352	0.381	0.383	0.369	0.408	0.407	0.314	0.328	0.319	0.301	0.324	0.321	0.267	0.281	0.287	0.300	0.340	0.320	0.116	0.113	0.110	0.107	0.111	0.110	0.112	0.106	0.110
11:48:05	0.597	0.608	0.589	0.601	0.588	0.582	0.608	0.610	0.615	0.603	0.583	0.607	0.607	0.596	0.595	0.582	0.581	0.588	0.552	0.556	0.553	0.621	0.615	0.611	0.624	0.619	0.466	0.600	0.609	0.599	0.598	0.607	0.605	0.607	0.598	0.595	0.589	0.601	0.602	0.114	0.114	0.116	0.116	0.116	0.110	0.112	0.107	0.103	0.358	0.374	0.366	0.291	0.287	0.311	0.343	0.374	0.369	0.305	0.324	0.324	0.304	0.278	0.311	0.262	0.275	0.277	0.227	0.234	0.225	0.353	0.384	0.386	0.370	0.411	0.409	0.315	0.331	0.321	0.301	0.326	0.324	0.268	0.282	0.289	0.301	0.339	0.324	0.116	0.113	0.110	0.107	0.111	0.110	0.112	0.106	0.110
11:58:05	0.603	0.610	0.592	0.601	0.592	0.589	0.606	0.615	0.614	0.606	0.584	0.611	0.609	0.602	0.595	0.588	0.584	0.588	0.558	0.563	0.559	0.620	0.616	0.614	0.631	0.621	0.468	0.604	0.613	0.608	0.607	0.612	0.608	0.612	0.605	0.603	0.595	0.601	0.603	0.113	0.114	0.115	0.116	0.115	0.110	0.112	0.107	0.102	0.360	0.374	0.368	0.291	0.287	0.311	0.343	0.376	0.368	0.306	0.327	0.326	0.305	0.279	0.318	0.263	0.277	0.277	0.226	0.235	0.224	0.354	0.387	0.388	0.370	0.411	0.411	0.315	0.328	0.321	0.303	0.328	0.325	0.269	0.285	0.290	0.306	0.340	0.325	0.116	0.113	0.110	0.107	0.111	0.110	0.112	0.106	0.110
12:08:05	0.603	0.610	0.588	0.607	0.591	0.589	0.608	0.609	0.614	0.608	0.585	0.611	0.613	0.606	0.601	0.592	0.584	0.588	0.561	0.565	0.562	0.621	0.621	0.615	0.633	0.620	0.479	0.606	0.613	0.605	0.612	0.613	0.609	0.611	0.603	0.607	0.598	0.601	0.609	0.113	0.114	0.116	0.116	0.115	0.110	0.112	0.107	0.102	0.362	0.374	0.370	0.294	0.287	0.313	0.343	0.378	0.373	0.309	0.328	0.329	0.310	0.281	0.314	0.263	0.277	0.280	0.228	0.235	0.226	0.355	0.390	0.390	0.374	0.415	0.417	0.318	0.331	0.323	0.305	0.329	0.329	0.269	0.288	0.291	0.305	0.338	0.327	0.116	0.113	0.110	0.107	0.111	0.110	0.112	0.106	0.110
12:18:05	0.605	0.613	0.594	0.609	0.596	0.591	0.604	0.618	0.619	0.607	0.593	0.616	0.614	0.605	0.601	0.592	0.586	0.591	0.561	0.567	0.564	0.621	0.621	0.618	0.634	0.625	0.485	0.608	0.616	0.608	0.609	0.612	0.612	0.609	0.605	0.604	0.596	0.607	0.609	0.113	0.114	0.115	0.116	0.116	0.110	0.112	0.107	0.102	0.365	0.377	0.371	0.295	0.290	0.314	0.346	0.379	0.373	0.311	0.332	0.331	0.310	0.282	0.318	0.263	0.278	0.279	0.230	0.237	0.226	0.360	0.390	0.394	0.375	0.418	0.421	0.318	0.333	0.324	0.308	0.331	0.329	0.272	0.287	0.291	0.306	0.341	0.328	0.116	0.113	0.110	0.107	0.111	0.110	0.112	0.106	0.110
12:28:05	0.607	0.614	0.594	0.608	0.598	0.593	0.616	0.622	0.619	0.610	0.595	0.620	0.616	0.605	0.602	0.594	0.590	0.597	0.567	0.572	0.567	0.622	0.623	0.620	0.634	0.627	0.491	0.612	0.618	0.611	0.610	0.616	0.611	0.614	0.609	0.608	0.599	0.605	0.612	0.113	0.114	0.115	0.116	0.115	0.110	0.112	0.107	0.102	0.366	0.377	0.372	0.296	0.290	0.316	0.350	0.382	0.375	0.311	0.332	0.331	0.311	0.283	0.319	0.265	0.279	0.282	0.230	0.238	0.227	0.360	0.393	0.394	0.377	0.421	0.422	0.319	0.334	0.326	0.310	0.334	0.330	0.274	0.288	0.293	0.307	0.340	0.329	0.116	0.113	0.110	0.107	0.111	0.110	0.112	0.106	0.110
12:38:05	0.604	0.616	0.599	0.613	0.597	0.590	0.612	0.618	0.623	0.613	0.596	0.617	0.616	0.604	0.604	0.596	0.592	0.598	0.568	0.572	0.569	0.624	0.621	0.619	0.634	0.627	0.497	0.609	0.620	0.613	0.608	0.617	0.614	0.611	0.604	0.605	0.600	0.608	0.612	0.113	0.114	0.115	0.116	0.115	0.110	0.112	0.107	0.102	0.368	0.379	0.373	0.297	0.292	0.317	0.347	0.382	0.376	0.313	0.333	0.332	0.313	0.285	0.323	0.266	0.280	0.282	0.232	0.238	0.228	0.362	0.395	0.394	0.379	0.423	0.424	0.320	0.333	0.325	0.310	0.336	0.333	0.274	0.289	0.296	0.310	0.340	0.331	0.115	0.113	0.110	0.107	0.111	0.110	0.112	0.106	0.110
12:48:05	0.605	0.616	0.596	0.611	0.598	0.593	0.617	0.622	0.623	0.615	0.601	0.615	0.619	0.608	0.604	0.597	0.593	0.598	0.570	0.575	0.570	0.626	0.624	0.622	0.636	0.628	0.500	0.615	0.620	0.612	0.613	0.620	0.611	0.613	0.608	0.608	0.601	0.606	0.612	0.113	0.114	0.115	0.116	0.115	0.110	0.112	0.107	0.102	0.370	0.379	0.374	0.297	0.291	0.320	0.352	0.385	0.378	0.314	0.334	0.334	0.313	0.286	0.326	0.266	0.281	0.284	0.231	0.240	0.230	0.361	0.395	0.397	0.380	0.426	0.425	0.320	0.337	0.330	0.312	0.335	0.333	0.276	0.288	0.296	0.312	0.340	0.331	0.115	0.113	0.110	0.107	0.111	0.110	0.111	0.106	0.110
12:58:05	0.605	0.617	0.596	0.612	0.600	0.595	0.621	0.619	0.619	0.612	0.605	0.610	0.618	0.607	0.603	0.600	0.592	0.594	0.572	0.578	0.570	0.629	0.619	0.621	0.639	0.632	0.509	0.616	0.622	0.616	0.617	0.622	0.611	0.620	0.609	0.613	0.602	0.610	0.612	0.113	0.114	0.115	0.116	0.115	0.110	0.112	0.107	0.102	0.371	0.381	0.377	0.300	0.296	0.321	0.353	0.384	0.378	0.316	0.336	0.338	0.313	0.285	0.329	0.269	0.284	0.284	0.232	0.240	0.230	0.363	0.398	0.400	0.384	0.426	0.428	0.323	0.337	0.327	0.312	0.337	0.335	0.277	0.292	0.297	0.312	0.342	0.333	0.115	0.113	0.110	0.107	0.111	0.110	0.111	0.106	0.110
13:08:05	0.608	0.615	0.599	0.615	0.601	0.596	0.619	0.625	0.625	0.615	0.607	0.622	0.621	0.610	0.605	0.598	0.594	0.599	0.573	0.579	0.576	0.629	0.625	0.624	0.638	0.633	0.513	0.615	0.624	0.620	0.615	0.621	0.615	0.614	0.610	0.608	0.602	0.611	0.615	0.113	0.114	0.115	0.115	0.116	0.110	0.112	0.107	0.103	0.373	0.383	0.378	0.300	0.296	0.322	0.353	0.387	0.380	0.315	0.338	0.337	0.314	0.287	0.321	0.269	0.284	0.286	0.234	0.243	0.231	0.367	0.400	0.400	0.386	0.428	0.430	0.324	0.339	0.330	0.313	0.337	0.336	0.280	0.293	0.300	0.312	0.343	0.336	0.115	0.113	0.110	0.107	0.111	0.110	0.112	0.106	0.110
13:18:05	0.613	0.620	0.601	0.622	0.603	0.603	0.619	0.624	0.626	0.616	0.610	0.621	0.626	0.611	0.607	0.604	0.596	0.600	0.578	0.582	0.579	0.628	0.625	0.627	0.643	0.634	0.517	0.617	0.624	0.621	0.614	0.621	0.622	0.619	0.615	0.616	0.605	0.612	0.616	0.113	0.114	0.115	0.115	0.115	0.109	0.112	0.106	0.102	0.374	0.386	0.381	0.301	0.296	0.321	0.353	0.388	0.382	0.318	0.339	0.338	0.314	0.289	0.324	0.269	0.284	0.286	0.235	0.242	0.232	0.367	0.402	0.402	0.384	0.431	0.433	0.323	0.341	0.332	0.316	0.341	0.338	0.280	0.293	0.300	0.314	0.347	0.336	0.115	0.112	0.109	0.106	0.111	0.110	0.111	0.106	0.110
13:28:05	0.618	0.621	0.604	0.622	0.605	0.602	0.628	0.625	0.625	0.618	0.614	0.623	0.625	0.615	0.612	0.607	0.596	0.602	0.583	0.584	0.582	0.634	0.626	0.628	0.646	0.636	0.521	0.617	0.628	0.625	0.620	0.625	0.620	0.623	0.622	0.623	0.610	0.614	0.617	0.113	0.114	0.115	0.116	0.115	0.110	0.112	0.106	0.102	0.378	0.385	0.381	0.304	0.295	0.323	0.356	0.391	0.386	0.321	0.341	0.341	0.316	0.292	0.325	0.271	0.284	0.290	0.235	0.243	0.233	0.369	0.404	0.406	0.389	0.435	0.434	0.326	0.341	0.330	0.315	0.344	0.339	0.280	0.297	0.301	0.315	0.346	0.338	0.115	0.113	0.110	0.107	0.111	0.110	0.111	0.106	0.110
13:38:05	0.614	0.621	0.603	0.621	0.603	0.601	0.628	0.627	0.633	0.620	0.612	0.625	0.625	0.615	0.613	0.606	0.598	0.607	0.582	0.581	0.581	0.630	0.631	0.626	0.643	0.638	0.523	0.618	0.629	0.624	0.616	0.625	0.622	0.621	0.616	0.614	0.604	0.613	0.618	0.113	0.114	0.115	0.116	0.116	0.110	0.112	0.107	0.102	0.377	0.385	0.383	0.304	0.299	0.324	0.358	0.391	0.387	0.319	0.342	0.341	0.316	0.291	0.330	0.272	0.287	0.288	0.234	0.243	0.234	0.370	0.406	0.403	0.391	0.437	0.436	0.326	0.342	0.333	0.318	0.344	0.341	0.283	0.296	0.303	0.316	0.346	0.339	0.115	0.113	0.110	0.107	0.111	0.110	0.112	0.106	0.110
13:48:05	0.620	0.622	0.604	0.625	0.604	0.605	0.626	0.628	0.629	0.620	0.614	0.623	0.628	0.614	0.611	0.610	0.600	0.605	0.586	0.589	0.583	0.633	0.630	0.630	0.646	0.641	0.529	0.618	0.630	0.626	0.622	0.630	0.622	0.624	0.620	0.621	0.611	0.613	0.618	0.113	0.114	0.115	0.116	0.115	0.110	0.112	0.107	0.102	0.378	0.388	0.383	0.305	0.297	0.326	0.360	0.393	0.389	0.322	0.343	0.343	0.317	0.292	0.328	0.273	0.287	0.290	0.235	0.244	0.235	0.371	0.406	0.407	0.391	0.438	0.438	0.328	0.343	0.333	0.319	0.342	0.342	0.282	0.298	0.302	0.318	0.347	0.341	0.115	0.112	0.110	0.107	0.111	0.110	0.112	0.106	0.110
13:58:05	0.618	0.627	0.610	0.627	0.604	0.603	0.620	0.634	0.633	0.621	0.609	0.626	0.625	0.618	0.613	0.608	0.600	0.611	0.586	0.585	0.582	0.634	0.634	0.627	0.644	0.638	0.532	0.620	0.634	0.625	0.618	0.629	0.623	0.616	0.612	0.611	0.607	0.618	0.619	0.113	0.114	0.115	0.116	0.115	0.110	0.112	0.106	0.102	0.379	0.388	0.385	0.304	0.298	0.326	0.359	0.394	0.388	0.324	0.344	0.343	0.317	0.293	0.338	0.273	0.288	0.290	0.237	0.247	0.236	0.372	0.408	0.404	0.393	0.440	0.438	0.326	0.343	0.335	0.320	0.347	0.342	0.285	0.299	0.303	0.320	0.348	0.342	0.115	0.113	0.110	0.107	0.111	0.110	0.111	0.106	0.110
14:08:05	0.620	0.624	0.607	0.628	0.603	0.604	0.629	0.634	0.634	0.623	0.613	0.630	0.627	0.619	0.617	0.609	0.603	0.611	0.585	0.586	0.588	0.637	0.635	0.633	0.648	0.643	0.533	0.624	0.633	0.629	0.620	0.633	0.629	0.623	0.619	0.621	0.610	0.618	0.621	0.113	0.114	0.115	0.116	0.115	0.110	0.112	0.106	0.102	0.382	0.388	0.387	0.307	0.301	0.328	0.362	0.396	0.389	0.324	0.346	0.344	0.320	0.295	0.338	0.274	0.289	0.292	0.238	0.246	0.237	0.375	0.409	0.410	0.398	0.441	0.442	0.329	0.344	0.336	0.320	0.347	0.343	0.285	0.301	0.307	0.320	0.351	0.341	0.115	0.113	0.110	0.107	0.111	0.110	0.112	0.106	0.110
14:18:05	0.623	0.628	0.607	0.627	0.607	0.605	0.632	0.636	0.634	0.621	0.614	0.630	0.625	0.619	0.618	0.611	0.606	0.614	0.589	0.590	0.589	0.634	0.638	0.631	0.646	0.640	0.538	0.627	0.631	0.631	0.620	0.632	0.628	0.627	0.622	0.626	0.612	0.620	0.620	0.113	0.114	0.115	0.116	0.115	0.110	0.112	0.107	0.102	0.383	0.394	0.387	0.307	0.299	0.330	0.363	0.398	0.393	0.327	0.346	0.346	0.322	0.296	0.341	0.274	0.290	0.293	0.238	0.247	0.238	0.375	0.411	0.408	0.395	0.444	0.444	0.330	0.345	0.335	0.323	0.349	0.345	0.287	0.301	0.306	0.321	0.351	0.344	0.115	0.113	0.110	0.107	0.111	0.110	0.111	0.106	0.110
14:28:05	0.627	0.628	0.609	0.630	0.608	0.607	0.632	0.637	0.634	0.626	0.619	0.627	0.630	0.623	0.620	0.614	0.607	0.612	0.592	0.595	0.591	0.637	0.636	0.633	0.654	0.645	0.541	0.630	0.635	0.635	0.626	0.634	0.632	0.632	0.626	0.629	0.614	0.620	0.620	0.113	0.114	0.115	0.115	0.115	0.110	0.112	0.107	0.102	0.384	0.393	0.388	0.310	0.302	0.329	0.362	0.400	0.393	0.328	0.348	0.348	0.325	0.297	0.341	0.277	0.290	0.295	0.239	0.248	0.239	0.376	0.412	0.412	0.398	0.447	0.448	0.332	0.347	0.338	0.324	0.351	0.346	0.287	0.303	0.307	0.322	0.353	0.344	0.115	0.112	0.109	0.107	0.111	0.110	0.112	0.106	0.110
14:38:05	0.627	0.631	0.611	0.629	0.607	0.611	0.635	0.635	0.636	0.624	0.622	0.632	0.631	0.621	0.620	0.615	0.606	0.614	0.592	0.598	0.593	0.635	0.634	0.633	0.652	0.645	0.544	0.631	0.641	0.636	0.626	0.634	0.631	0.628	0.626	0.628	0.615	0.624	0.620	0.113	0.114	0.115	0.115	0.115	0.110	0.112	0.106	0.102	0.385	0.395	0.388	0.310	0.303	0.332	0.363	0.401	0.396	0.327	0.348	0.349	0.327	0.299	0.342	0.277	0.290	0.295	0.240	0.249	0.240	0.377	0.413	0.413	0.399	0.449	0.448	0.333	0.348	0.339	0.325	0.351	0.348	0.288	0.303	0.307	0.322	0.354	0.346	0.115	0.112	0.109	0.107	0.111	0.109	0.111	0.106	0.110
14:48:05	0.627	0.633	0.614	0.628	0.605	0.610	0.630	0.636	0.640	0.628	0.619	0.633	0.629	0.621	0.617	0.616	0.608	0.615	0.592	0.595	0.593	0.639	0.637	0.636	0.654	0.645	0.546	0.635	0.641	0.639	0.628	0.634	0.631	0.632	0.624	0.627	0.617	0.623	0.624	0.113	0.114	0.115	0.116	0.115	0.110	0.112	0.107	0.102	0.388	0.396	0.390	0.311	0.302	0.332	0.363	0.400	0.397	0.329	0.349	0.349	0.326	0.298	0.345	0.276	0.292	0.296	0.240	0.251	0.240	0.379	0.416	0.416	0.402	0.448	0.451	0.332	0.347	0.341	0.325	0.350	0.348	0.291	0.305	0.309	0.323	0.356	0.347	0.115	0.113	0.110	0.107	0.111	0.109	0.111	0.106	0.110
14:58:05	0.627	0.630	0.616	0.629	0.606	0.610	0.631	0.640	0.642	0.628	0.619	0.636	0.626	0.626	0.621	0.619	0.606	0.620	0.598	0.597	0.590	0.639	0.641	0.637	0.655	0.647	0.548	0.636	0.644	0.640	0.627	0.637	0.633	0.630	0.630	0.629	0.616	0.624	0.626	0.113	0.114	0.115	0.115	0.115	0.109	0.112	0.106	0.102	0.387	0.395	0.392	0.314	0.305	0.334	0.367	0.404	0.397	0.330	0.351	0.351	0.327	0.299	0.344	0.277	0.292	0.297	0.240	0.252	0.240	0.381	0.416	0.416	0.404	0.447	0.452	0.334	0.347	0.339	0.326	0.353	0.350	0.291	0.305	0.310	0.324	0.357	0.346	0.115	0.112	0.109	0.106	0.111	0.109	0.111	0.106	0.110
15:08:05	0.630	0.631	0.613	0.632	0.610	0.613	0.633	0.638	0.639	0.632	0.626	0.631	0.633	0.626	0.622	0.619	0.606	0.615	0.600	0.600	0.595	0.639	0.639	0.636	0.656	0.647	0.551	0.639	0.643	0.644	0.629	0.636	0.631	0.636	0.626	0.631	0.618	0.623	0.628	0.113	0.114	0.115	0.115	0.115	0.109	0.112	0.106	0.102	0.389	0.396	0.392	0.313	0.306	0.334	0.368	0.405	0.399	0.331	0.355	0.353	0.327	0.300	0.344	0.279	0.292	0.296	0.242	0.250	0.242	0.384	0.419	0.418	0.405	0.452	0.454	0.333	0.350	0.342	0.328	0.355	0.350	0.292	0.306	0.310	0.326	0.357	0.348	0.115	0.112	0.109	0.106	0.110	0.109	0.111	0.106	0.110
15:18:05	0.625	0.635	0.615	0.628	0.612	0.607	0.629	0.640	0.640	0.625	0.619	0.623	0.626	0.623	0.622	0.615	0.609	0.620	0.595	0.593	0.593	0.640	0.636	0.629	0.649	0.642	0.554	0.635	0.645	0.640	0.622	0.633	0.633	0.623	0.615	0.616	0.613	0.624	0.620	0.113	0.114	0.115	0.115	0.115	0.109	0.112	0.107	0.102	0.388	0.399	0.392	0.313	0.304	0.336	0.369	0.404	0.398	0.332	0.353	0.351	0.327	0.301	0.345	0.278	0.294	0.296	0.243	0.251	0.241	0.382	0.418	0.415	0.403	0.451	0.455	0.335	0.350	0.340	0.326	0.354	0.351	0.292	0.306	0.309	0.326	0.356	0.348	0.115	0.112	0.109	0.106	0.111	0.109	0.111	0.106	0.110
15:28:05	0.626	0.631	0.616	0.631	0.610	0.610	0.638	0.642	0.645	0.629	0.620	0.635	0.631	0.627	0.623	0.619	0.606	0.622	0.597	0.597	0.597	0.642	0.639	0.637	0.657	0.647	0.555	0.642	0.647	0.643	0.627	0.637	0.636	0.632	0.628	0.629	0.619	0.622	0.625	0.113	0.114	0.115	0.115	0.115	0.109	0.112	0.106	0.102	0.392	0.399	0.395	0.315	0.308	0.336	0.371	0.407	0.401	0.333	0.355	0.354	0.326	0.301	0.347	0.280	0.295	0.297	0.242	0.253	0.242	0.386	0.420	0.420	0.407	0.455	0.458	0.333	0.349	0.342	0.329	0.355	0.353	0.293	0.308	0.313	0.329	0.361	0.351	0.115	0.112	0.109	0.106	0.111	0.109	0.111	0.106	0.110
15:38:05	0.631	0.632	0.619	0.635	0.610	0.611	0.636	0.643	0.644	0.629	0.620	0.639	0.627	0.627	0.612	0.621	0.610	0.622	0.598	0.596	0.595	0.641	0.639	0.638	0.657	0.649	0.560	0.641	0.647	0.647	0.628	0.639	0.634	0.632	0.624	0.628	0.618	0.626	0.628	0.113	0.114	0.115	0.116	0.115	0.109	0.112	0.107	0.102	0.392	0.402	0.398	0.317	0.306	0.338	0.371	0.407	0.402	0.334	0.357	0.355	0.328	0.302	0.346	0.280	0.296	0.300	0.244	0.252	0.243	0.387	0.424	0.421	0.408	0.457	0.460	0.334	0.353	0.344	0.331	0.357	0.353	0.293	0.309	0.314	0.328	0.360	0.352	0.115	0.113	0.110	0.107	0.111	0.109	0.111	0.106	0.110
15:48:05	0.632	0.627	0.617	0.634	0.613	0.610	0.633	0.640	0.640	0.631	0.622	0.635	0.629	0.630	0.626	0.625	0.612	0.616	0.602	0.597	0.601	0.642	0.636	0.640	0.658	0.651	0.559	0.644	0.650	0.649	0.628	0.640	0.632	0.634	0.626	0.632	0.620	0.626	0.626	0.113	0.114	0.115	0.115	0.115	0.109	0.112	0.106	0.102	0.394	0.404	0.396	0.315	0.309	0.338	0.372	0.409	0.403	0.334	0.357	0.357	0.327	0.303	0.346	0.281	0.296	0.301	0.243	0.254	0.245	0.387	0.423	0.425	0.409	0.460	0.463	0.334	0.351	0.344	0.333	0.358	0.354	0.294	0.310	0.314	0.331	0.361	0.353	0.115	0.112	0.109	0.106	0.110	0.109	0.111	0.106	0.110
15:58:05	0.637	0.631	0.614	0.635	0.612	0.615	0.640	0.644	0.646	0.629	0.621	0.642	0.627	0.629	0.624	0.624	0.611	0.620	0.602	0.600	0.602	0.642	0.644	0.640	0.660	0.649	0.563	0.646	0.653	0.653	0.629	0.641	0.633	0.634	0.627	0.631	0.621	0.625	0.631	0.113	0.114	0.115	0.116	0.115	0.110	0.112	0.107	0.102	0.395	0.401	0.399	0.316	0.310	0.340	0.374	0.411	0.402	0.337	0.357	0.356	0.327	0.305	0.347	0.281	0.297	0.301	0.245	0.255	0.245	0.388	0.423	0.424	0.414	0.462	0.464	0.338	0.354	0.344	0.333	0.360	0.357	0.297	0.311	0.315	0.327	0.360	0.354	0.115	0.113	0.109	0.107	0.111	0.110	0.111	0.106	0.110
16:08:05	0.635	0.639	0.620	0.634	0.612	0.614	0.629	0.643	0.641	0.627	0.624	0.638	0.632	0.626	0.618	0.620	0.611	0.622	0.599	0.598	0.597	0.645	0.641	0.640	0.657	0.649	0.566	0.642	0.653	0.652	0.631	0.635	0.635	0.627	0.624	0.628	0.619	0.627	0.628	0.113	0.114	0.115	0.115	0.115	0.110	0.112	0.107	0.102	0.394	0.404	0.399	0.316	0.308	0.339	0.373	0.411	0.405	0.337	0.356	0.357	0.328	0.305	0.348	0.281	0.297	0.301	0.244	0.255	0.245	0.389	0.424	0.421	0.412	0.463	0.465	0.336	0.353	0.344	0.335	0.360	0.357	0.295	0.312	0.314	0.331	0.360	0.354	0.115	0.112	0.110	0.107	0.111	0.109	0.111	0.106	0.110
16:18:05	0.638	0.634	0.615	0.641	0.613	0.616	0.638	0.642	0.642	0.634	0.628	0.644	0.633	0.628	0.624	0.623	0.610	0.620	0.604	0.603	0.602	0.642	0.639	0.641	0.660	0.651	0.570	0.648	0.656	0.656	0.628	0.639	0.636	0.635	0.631	0.631	0.623	0.627	0.626	0.113	0.114	0.115	0.115	0.115	0.109	0.112	0.106	0.102	0.396	0.408	0.397	0.319	0.311	0.340	0.374	0.412	0.405	0.339	0.359	0.361	0.329	0.307	0.351	0.283	0.298	0.302	0.246	0.256	0.245	0.388	0.425	0.426	0.413	0.462	0.468	0.339	0.356	0.346	0.336	0.360	0.359	0.296	0.312	0.316	0.331	0.361	0.355	0.115	0.112	0.109	0.107	0.111	0.109	0.111	0.106	0.110
16:28:05	0.634	0.638	0.620	0.635	0.612	0.616	0.633	0.645	0.644	0.627	0.625	0.641	0.631	0.629	0.624	0.626	0.610	0.623	0.599	0.598	0.602	0.642	0.643	0.640	0.660	0.649	0.567	0.652	0.652	0.659	0.630	0.638	0.637	0.633	0.629	0.627	0.620	0.627	0.626	0.113	0.113	0.115	0.115	0.115	0.109	0.112	0.106	0.102	0.396	0.408	0.399	0.319	0.310	0.341	0.374	0.414	0.407	0.337	0.359	0.357	0.329	0.306	0.350	0.284	0.300	0.303	0.245	0.256	0.244	0.390	0.428	0.425	0.415	0.465	0.467	0.337	0.352	0.348	0.334	0.361	0.358	0.297	0.314	0.316	0.333	0.363	0.357	0.115	0.112	0.109	0.106	0.110	0.109	0.111	0.106	0.110
16:38:05	0.638	0.633	0.620	0.637	0.616	0.614	0.641	0.643	0.644	0.631	0.622	0.641	0.632	0.629	0.627	0.625	0.615	0.622	0.601	0.603	0.601	0.644	0.644	0.640	0.661	0.651	0.572	0.650	0.658	0.659	0.630	0.643	0.637	0.636	0.627	0.633	0.621	0.628	0.631	0.113	0.114	0.115	0.115	0.115	0.110	0.112	0.106	0.102	0.398	0.408	0.399	0.321	0.313	0.342	0.376	0.414	0.409	0.340	0.361	0.357	0.333	0.308	0.353	0.285	0.300	0.304	0.246	0.258	0.249	0.392	0.428	0.428	0.415	0.467	0.472	0.341	0.357	0.347	0.336	0.365	0.359	0.298	0.316	0.318	0.334	0.364	0.357	0.115	0.113	0.109	0.107	0.111	0.110	0.111	0.106	0.110
16:48:05	0.638	0.640	0.610	0.635	0.613	0.614	0.638	0.646	0.644	0.630	0.621	0.640	0.631	0.627	0.624	0.625	0.614	0.623	0.605	0.599	0.594	0.644	0.641	0.640	0.661	0.648	0.574	0.648	0.659	0.659	0.631	0.645	0.635	0.631	0.627	0.627	0.618	0.627	0.631	0.113	0.114	0.115	0.115	0.115	0.109	0.112	0.107	0.102	0.400	0.407	0.401	0.321	0.311	0.342	0.375	0.414	0.408	0.341	0.359	0.359	0.334	0.308	0.350	0.285	0.302	0.304	0.246	0.258	0.248	0.392	0.428	0.428	0.418	0.469	0.471	0.340	0.354	0.349	0.337	0.365	0.360	0.298	0.315	0.318	0.336	0.364	0.357	0.115	0.112	0.109	0.107	0.110	0.109	0.111	0.106	0.110
16:58:05	0.640	0.638	0.616	0.639	0.614	0.618	0.639	0.647	0.646	0.629	0.620	0.641	0.633	0.631	0.620	0.625	0.613	0.624	0.602	0.598	0.600	0.644	0.647	0.644	0.660	0.652	0.576	0.649	0.665	0.660	0.631	0.644	0.637	0.634	0.629	0.628	0.621	0.628	0.628	0.113	0.114	0.115	0.115	0.115	0.109	0.112	0.106	0.102	0.399	0.407	0.400	0.322	0.312	0.342	0.376	0.415	0.409	0.342	0.362	0.360	0.332	0.307	0.354	0.285	0.302	0.303	0.247	0.259	0.249	0.394	0.429	0.429	0.420	0.474	0.472	0.340	0.354	0.352	0.338	0.365	0.362	0.300	0.316	0.320	0.336	0.364	0.359	0.115	0.112	0.109	0.106	0.110	0.109	0.111	0.106	0.110
17:08:05	0.642	0.633	0.620	0.641	0.619	0.621	0.651	0.645	0.647	0.631	0.625	0.644	0.633	0.628	0.624	0.627	0.615	0.624	0.603	0.603	0.603	0.645	0.645	0.642	0.664	0.655	0.578	0.655	0.665	0.662	0.636	0.646	0.636	0.636	0.635	0.635	0.622	0.630	0.631	0.113	0.114	0.115	0.115	0.115	0.109	0.112	0.106	0.102	0.401	0.410	0.404	0.323	0.313	0.344	0.379	0.415	0.410	0.342	0.363	0.362	0.333	0.308	0.354	0.286	0.300	0.307	0.247	0.259	0.249	0.395	0.429	0.431	0.421	0.472	0.474	0.342	0.355	0.349	0.340	0.366	0.362	0.300	0.317	0.321	0.337	0.368	0.360	0.115	0.112	0.109	0.106	0.110	0.109	0.111	0.106	0.110
17:18:05	0.639	0.635	0.619	0.637	0.617	0.618	0.639	0.645	0.646	0.630	0.619	0.640	0.632	0.628	0.623	0.621	0.613	0.624	0.601	0.595	0.594	0.643	0.647	0.641	0.662	0.647	0.580	0.651	0.662	0.662	0.629	0.642	0.636	0.631	0.624	0.631	0.620	0.628	0.630	0.113	0.114	0.115	0.115	0.115	0.109	0.112	0.106	0.102	0.401	0.409	0.404	0.324	0.313	0.343	0.379	0.417	0.410	0.343	0.361	0.362	0.334	0.307	0.357	0.286	0.302	0.306	0.248	0.260	0.250	0.396	0.433	0.431	0.420	0.474	0.475	0.342	0.355	0.349	0.339	0.366	0.362	0.299	0.317	0.320	0.339	0.366	0.361	0.115	0.112	0.109	0.107	0.110	0.109	0.111	0.106	0.110
17:28:05	0.641	0.639	0.622	0.642	0.614	0.623	0.634	0.645	0.643	0.632	0.626	0.643	0.631	0.629	0.625	0.623	0.615	0.623	0.609	0.604	0.607	0.644	0.644	0.645	0.663	0.653	0.582	0.658	0.662	0.662	0.634	0.646	0.642	0.637	0.635	0.638	0.622	0.631	0.633	0.113	0.114	0.115	0.115	0.115	0.109	0.112	0.107	0.102	0.402	0.414	0.403	0.323	0.313	0.344	0.382	0.419	0.412	0.344	0.365	0.364	0.333	0.310	0.356	0.288	0.302	0.308	0.250	0.262	0.252	0.397	0.432	0.436	0.423	0.475	0.476	0.346	0.358	0.353	0.340	0.369	0.363	0.303	0.318	0.322	0.339	0.367	0.363	0.115	0.112	0.109	0.107	0.110	0.109	0.111	0.106	0.110
17:38:05	0.639	0.639	0.608	0.635	0.617	0.614	0.636	0.647	0.645	0.624	0.620	0.637	0.633	0.625	0.622	0.622	0.615	0.624	0.599	0.599	0.598	0.640	0.645	0.632	0.658	0.651	0.580	0.657	0.662	0.656	0.626	0.643	0.637	0.628	0.623	0.624	0.617	0.628	0.628	0.113	0.114	0.115	0.115	0.115	0.109	0.112	0.106	0.102	0.401	0.410	0.404	0.323	0.315	0.344	0.379	0.418	0.409	0.343	0.363	0.363	0.333	0.310	0.355	0.287	0.302	0.307	0.249	0.260	0.250	0.397	0.432	0.432	0.424	0.476	0.478	0.342	0.356	0.351	0.340	0.367	0.362	0.303	0.317	0.322	0.337	0.364	0.362	0.115	0.112	0.109	0.106	0.110	0.109	0.111	0.106	0.110
17:48:05	0.642	0.636	0.610	0.639	0.617	0.617	0.642	0.645	0.642	0.627	0.622	0.637	0.629	0.631	0.623	0.626	0.615	0.622	0.599	0.602	0.598	0.644	0.647	0.638	0.663	0.649	0.584	0.658	0.666	0.661	0.631	0.642	0.638	0.630	0.622	0.631	0.619	0.628	0.629	0.113	0.114	0.115	0.115	0.115	0.109	0.112	0.106	0.102	0.401	0.412	0.405	0.325	0.315	0.346	0.381	0.421	0.411	0.345	0.366	0.364	0.335	0.310	0.355	0.286	0.304	0.308	0.251	0.260	0.251	0.400	0.437	0.436	0.426	0.478	0.479	0.344	0.358	0.352	0.340	0.369	0.363	0.304	0.319	0.321	0.340	0.371	0.363	0.115	0.112	0.109	0.106	0.110	0.109	0.111	0.106	0.110
17:58:05	0.643	0.634	0.615	0.640	0.617	0.621	0.646	0.646	0.644	0.628	0.622	0.644	0.633	0.630	0.625	0.628	0.616	0.627	0.602	0.601	0.603	0.648	0.645	0.639	0.662	0.652	0.586	0.665	0.669	0.664	0.632	0.648	0.640	0.637	0.629	0.637	0.622	0.629	0.628	0.113	0.114	0.115	0.115	0.115	0.109	0.112	0.106	0.102	0.406	0.413	0.407	0.326	0.317	0.346	0.384	0.423	0.414	0.345	0.366	0.366	0.336	0.310	0.357	0.288	0.305	0.308	0.253	0.261	0.253	0.399	0.435	0.436	0.426	0.478	0.481	0.344	0.360	0.355	0.345	0.369	0.367	0.304	0.320	0.325	0.340	0.371	0.366	0.115	0.112	0.109	0.107	0.110	0.109	0.111	0.106	0.110
18:08:05	0.640	0.635	0.614	0.641	0.614	0.618	0.641	0.643	0.644	0.625	0.622	0.642	0.634	0.627	0.623	0.625	0.612	0.626	0.604	0.602	0.601	0.641	0.640	0.643	0.664	0.651	0.587	0.663	0.673	0.666	0.633	0.644	0.637	0.636	0.630	0.638	0.618	0.627	0.629	0.113	0.114	0.115	0.115	0.115	0.109	0.112	0.107	0.102	0.402	0.414	0.409	0.324	0.318	0.346	0.383	0.422	0.414	0.345	0.369	0.367	0.337	0.311	0.356	0.289	0.305	0.310	0.251	0.262	0.253	0.399	0.436	0.437	0.425	0.481	0.481	0.345	0.360	0.353	0.342	0.371	0.367	0.304	0.320	0.324	0.341	0.371	0.363	0.115	0.113	0.109	0.106	0.110	0.109	0.111	0.106	0.110
18:18:05	0.642	0.634	0.621	0.642	0.616	0.625	0.635	0.644	0.644	0.633	0.633	0.644	0.633	0.632	0.625	0.628	0.616	0.627	0.610	0.609	0.610	0.643	0.644	0.644	0.665	0.653	0.587	0.671	0.678	0.673	0.636	0.647	0.639	0.636	0.638	0.643	0.622	0.628	0.627	0.112	0.114	0.115	0.115	0.115	0.109	0.112	0.106	0.102	0.402	0.414	0.408	0.324	0.318	0.348	0.385	0.424	0.417	0.348	0.369	0.366	0.340	0.310	0.352	0.289	0.305	0.309	0.253	0.264	0.254	0.403	0.438	0.440	0.429	0.482	0.483	0.344	0.360	0.355	0.346	0.373	0.368	0.306	0.321	0.324	0.343	0.372	0.368	0.115	0.112	0.109	0.107	0.110	0.109	0.111	0.106	0.110
18:28:05	0.635	0.638	0.619	0.644	0.613	0.622	0.637	0.643	0.644	0.628	0.628	0.645	0.633	0.625	0.628	0.624	0.615	0.624	0.608	0.607	0.606	0.642	0.643	0.641	0.664	0.651	0.587	0.671	0.673	0.670	0.634	0.645	0.640	0.637	0.635	0.637	0.621	0.626	0.628	0.112	0.114	0.115	0.115	0.115	0.109	0.112	0.107	0.102	0.405	0.419	0.410	0.324	0.318	0.350	0.385	0.425	0.419	0.347	0.371	0.368	0.339	0.312	0.353	0.291	0.304	0.308	0.253	0.265	0.254	0.402	0.438	0.441	0.429	0.484	0.483	0.346	0.361	0.355	0.345	0.373	0.367	0.303	0.322	0.327	0.341	0.374	0.366	0.115	0.112	0.109	0.106	0.111	0.109	0.111	0.106	0.110
18:38:05	0.636	0.637	0.614	0.637	0.616	0.620	0.634	0.644	0.643	0.628	0.625	0.643	0.633	0.627	0.624	0.625	0.613	0.623	0.608	0.604	0.602	0.640	0.644	0.637	0.661	0.654	0.588	0.673	0.673	0.668	0.632	0.645	0.639	0.635	0.631	0.639	0.620	0.627	0.627	0.113	0.114	0.115	0.115	0.115	0.109	0.112	0.106	0.102	0.404	0.418	0.411	0.325	0.318	0.348	0.385	0.426	0.419	0.349	0.367	0.368	0.340	0.312	0.355	0.290	0.306	0.310	0.252	0.263	0.256	0.403	0.440	0.441	0.431	0.487	0.487	0.344	0.362	0.354	0.344	0.372	0.368	0.306	0.321	0.325	0.343	0.372	0.366	0.115	0.112	0.109	0.107	0.111	0.109	0.111	0.106	0.110
18:48:05	0.635	0.636	0.605	0.637	0.616	0.612	0.635	0.642	0.640	0.619	0.621	0.635	0.629	0.616	0.621	0.623	0.610	0.625	0.598	0.595	0.594	0.637	0.637	0.635	0.656	0.649	0.590	0.672	0.669	0.668	0.625	0.639	0.635	0.624	0.618	0.627	0.615	0.625	0.625	0.113	0.114	0.115	0.115	0.115	0.109	0.112	0.107	0.102	0.404	0.415	0.410	0.325	0.317	0.348	0.386	0.425	0.419	0.351	0.369	0.367	0.340	0.313	0.356	0.291	0.307	0.309	0.251	0.262	0.254	0.402	0.443	0.441	0.432	0.486	0.485	0.344	0.359	0.356	0.345	0.372	0.367	0.307	0.322	0.324	0.345	0.373	0.367	0.115	0.112	0.109	0.106	0.110	0.109	0.111	0.106	0.110
18:58:05	0.634	0.635	0.606	0.635	0.615	0.614	0.638	0.638	0.637	0.619	0.617	0.633	0.627	0.620	0.621	0.623	0.606	0.624	0.595	0.598	0.596	0.636	0.635	0.635	0.656	0.647	0.592	0.672	0.671	0.664	0.625	0.640	0.635	0.622	0.617	0.625	0.613	0.623	0.623	0.112	0.113	0.114	0.115	0.115	0.109	0.112	0.106	0.102	0.405	0.413	0.410	0.325	0.319	0.350	0.386	0.423	0.420	0.348	0.373	0.369	0.342	0.312	0.357	0.290	0.308	0.310	0.253	0.263	0.254	0.403	0.440	0.440	0.432	0.486	0.487	0.344	0.361	0.354	0.345	0.373	0.367	0.307	0.324	0.327	0.343	0.373	0.366	0.115	0.112	0.109	0.106	0.110	0.109	0.111	0.106	0.110
19:08:05	0.637	0.634	0.612	0.639	0.616	0.618	0.638	0.640	0.639	0.621	0.627	0.638	0.627	0.624	0.622	0.627	0.611	0.621	0.605	0.599	0.599	0.637	0.639	0.637	0.660	0.649	0.594	0.676	0.673	0.671	0.633	0.645	0.636	0.635	0.631	0.636	0.616	0.627	0.626	0.113	0.113	0.115	0.115	0.115	0.109	0.112	0.106	0.102	0.408	0.419	0.412	0.326	0.319	0.350	0.389	0.429	0.419	0.350	0.373	0.372	0.341	0.312	0.355	0.291	0.307	0.312	0.255	0.266	0.258	0.404	0.442	0.445	0.435	0.486	0.489	0.348	0.364	0.358	0.346	0.376	0.372	0.308	0.324	0.327	0.347	0.374	0.367	0.114	0.112	0.109	0.106	0.110	0.109	0.111	0.106	0.110
19:18:05	0.636	0.631	0.606	0.635	0.614	0.616	0.637	0.637	0.639	0.620	0.624	0.638	0.627	0.625	0.619	0.624	0.612	0.617	0.601	0.599	0.600	0.635	0.634	0.634	0.657	0.649	0.596	0.674	0.671	0.669	0.628	0.641	0.635	0.629	0.623	0.633	0.616	0.624	0.624	0.113	0.114	0.115	0.115	0.115	0.109	0.112	0.106	0.102	0.408	0.418	0.411	0.327	0.320	0.351	0.390	0.429	0.421	0.351	0.373	0.371	0.342	0.313	0.356	0.292	0.308	0.310	0.255	0.267	0.258	0.406	0.443	0.446	0.436	0.490	0.491	0.348	0.364	0.357	0.348	0.377	0.372	0.309	0.323	0.328	0.346	0.375	0.368	0.114	0.112	0.109	0.106	0.110	0.109	0.111	0.106	0.110
19:28:05	0.635	0.628	0.614	0.641	0.614	0.616	0.624	0.638	0.638	0.622	0.625	0.642	0.630	0.625	0.621	0.624	0.608	0.623	0.607	0.606	0.604	0.633	0.632	0.635	0.660	0.649	0.598	0.680	0.673	0.670	0.628	0.640	0.637	0.630	0.631	0.637	0.619	0.625	0.624	0.113	0.114	0.115	0.115	0.115	0.109	0.112	0.106	0.102	0.409	0.421	0.415	0.327	0.320	0.352	0.391	0.433	0.422	0.352	0.376	0.373	0.344	0.313	0.357	0.293	0.308	0.313	0.256	0.268	0.258	0.407	0.446	0.449	0.436	0.492	0.494	0.348	0.366	0.359	0.349	0.379	0.373	0.310	0.325	0.330	0.348	0.378	0.370	0.115	0.112	0.109	0.106	0.110	0.109	0.111	0.106	0.110
19:38:05	0.629	0.629	0.608	0.636	0.612	0.617	0.624	0.637	0.638	0.620	0.623	0.638	0.626	0.623	0.620	0.624	0.610	0.623	0.605	0.602	0.600	0.630	0.634	0.631	0.659	0.646	0.598	0.676	0.674	0.667	0.628	0.635	0.634	0.628	0.627	0.631	0.615	0.625	0.623	0.112	0.113	0.114	0.115	0.114	0.109	0.111	0.106	0.102	0.408	0.419	0.415	0.328	0.321	0.351	0.391	0.430	0.420	0.352	0.373	0.373	0.342	0.314	0.359	0.295	0.309	0.314	0.256	0.268	0.258	0.407	0.445	0.447	0.437	0.495	0.492	0.348	0.363	0.361	0.349	0.377	0.374	0.310	0.324	0.330	0.347	0.377	0.371	0.114	0.112	0.109	0.106	0.110	0.109	0.111	0.106	0.110
19:48:05	0.624	0.628	0.597	0.634	0.613	0.608	0.620	0.632	0.631	0.614	0.618	0.632	0.630	0.619	0.620	0.623	0.606	0.620	0.595	0.594	0.594	0.626	0.627	0.628	0.651	0.643	0.595	0.670	0.670	0.662	0.623	0.634	0.634	0.618	0.614	0.621	0.610	0.617	0.619	0.113	0.113	0.115	0.115	0.115	0.109	0.112	0.106	0.102	0.403	0.419	0.415	0.329	0.321	0.350	0.390	0.429	0.424	0.352	0.372	0.370	0.344	0.314	0.357	0.293	0.310	0.312	0.255	0.266	0.258	0.404	0.444	0.444	0.437	0.495	0.493	0.348	0.363	0.360	0.350	0.377	0.374	0.310	0.327	0.328	0.349	0.379	0.369	0.114	0.112	0.109	0.106	0.110	0.109	0.111	0.105	0.110
19:58:05	0.624	0.624	0.603	0.637	0.612	0.613	0.619	0.632	0.635	0.622	0.624	0.637	0.626	0.622	0.619	0.624	0.608	0.621	0.607	0.603	0.604	0.627	0.627	0.627	0.655	0.649	0.600	0.675	0.674	0.669	0.627	0.638	0.635	0.628	0.629	0.633	0.615	0.620	0.620	0.112	0.113	0.114	0.115	0.115	0.109	0.112	0.106	0.102	0.410	0.418	0.414	0.330	0.321	0.354	0.392	0.432	0.425	0.354	0.376	0.375	0.345	0.314	0.359	0.295	0.309	0.311	0.258	0.269	0.259	0.407	0.448	0.449	0.438	0.495	0.497	0.348	0.368	0.362	0.352	0.379	0.375	0.312	0.329	0.331	0.349	0.378	0.373	0.114	0.112	0.109	0.106	0.110	0.109	0.111	0.106	0.110
20:08:05	0.618	0.622	0.588	0.631	0.607	0.610	0.625	0.628	0.629	0.613	0.615	0.631	0.626	0.617	0.615	0.622	0.604	0.616	0.596	0.593	0.595	0.624	0.624	0.622	0.649	0.641	0.599	0.668	0.670	0.660	0.623	0.636	0.627	0.618	0.614	0.623	0.611	0.621	0.618	0.112	0.113	0.115	0.115	0.115	0.109	0.112	0.106	0.102	0.410	0.421	0.416	0.329	0.321	0.352	0.390	0.433	0.425	0.351	0.376	0.373	0.345	0.313	0.358	0.294	0.310	0.314	0.257	0.269	0.259	0.408	0.447	0.448	0.441	0.495	0.496	0.348	0.365	0.360	0.352	0.379	0.373	0.312	0.328	0.329	0.351	0.377	0.371	0.115	0.112	0.109	0.106	0.110	0.109	0.111	0.106	0.110
20:18:05	0.619	0.625	0.597	0.630	0.612	0.610	0.622	0.629	0.626	0.611	0.618	0.630	0.623	0.612	0.613	0.618	0.604	0.614	0.598	0.594	0.596	0.624	0.622	0.620	0.646	0.644	0.599	0.669	0.669	0.658	0.620	0.631	0.628	0.617	0.616	0.624	0.607	0.618	0.618	0.113	0.114	0.114	0.115	0.115	0.109	0.112	0.106	0.102	0.410	0.421	0.418	0.329	0.324	0.353	0.394	0.434	0.427	0.353	0.376	0.373	0.345	0.317	0.369	0.294	0.309	0.312	0.256	0.268	0.260	0.410	0.449	0.451	0.441	0.497	0.498	0.350	0.363	0.361	0.352	0.380	0.375	0.309	0.327	0.332	0.351	0.380	0.372	0.114	0.112	0.109	0.106	0.110	0.109	0.111	0.106	0.110
20:28:05	0.620	0.619	0.600	0.632	0.611	0.610	0.616	0.630	0.630	0.614	0.617	0.634	0.623	0.603	0.614	0.623	0.608	0.620	0.603	0.600	0.602	0.622	0.629	0.625	0.648	0.643	0.604	0.671	0.673	0.662	0.625	0.636	0.632	0.620	0.619	0.627	0.613	0.617	0.615	0.113	0.113	0.114	0.115	0.114	0.109	0.111	0.106	0.102	0.412	0.422	0.420	0.330	0.322	0.355	0.396	0.436	0.428	0.355	0.377	0.376	0.348	0.316	0.363	0.295	0.310	0.316	0.258	0.270	0.260	0.410	0.449	0.452	0.441	0.498	0.499	0.351	0.367	0.361	0.351	0.381	0.377	0.310	0.330	0.333	0.354	0.377	0.372	0.114	0.112	0.109	0.106	0.110	0.109	0.111	0.106	0.110
20:38:05	0.616	0.620	0.602	0.630	0.610	0.609	0.613	0.626	0.625	0.610	0.612	0.631	0.620	0.608	0.612	0.615	0.606	0.615	0.602	0.597	0.599	0.621	0.622	0.621	0.645	0.640	0.604	0.670	0.670	0.655	0.619	0.631	0.627	0.618	0.618	0.628	0.606	0.616	0.615	0.113	0.113	0.114	0.115	0.115	0.109	0.112	0.106	0.102	0.411	0.423	0.419	0.333	0.324	0.354	0.395	0.435	0.429	0.353	0.377	0.375	0.347	0.316	0.362	0.294	0.311	0.314	0.257	0.270	0.261	0.411	0.451	0.452	0.445	0.498	0.500	0.351	0.366	0.364	0.352	0.382	0.376	0.315	0.329	0.335	0.352	0.379	0.375	0.114	0.112	0.109	0.106	0.110	0.109	0.111	0.106	0.110
20:48:05	0.608	0.616	0.594	0.622	0.605	0.597	0.610	0.614	0.609	0.606	0.607	0.616	0.621	0.604	0.603	0.608	0.595	0.613	0.588	0.584	0.587	0.614	0.610	0.612	0.631	0.634	0.602	0.668	0.661	0.656	0.607	0.616	0.618	0.603	0.600	0.603	0.596	0.610	0.610	0.112	0.114	0.114	0.115	0.115	0.109	0.112	0.107	0.102	0.407	0.422	0.418	0.328	0.322	0.355	0.392	0.430	0.425	0.354	0.376	0.375	0.344	0.316	0.360	0.295	0.313	0.315	0.257	0.269	0.261	0.407	0.450	0.451	0.444	0.502	0.500	0.351	0.366	0.361	0.351	0.381	0.375	0.312	0.328	0.331	0.352	0.383	0.374	0.114	0.112	0.109	0.106	0.110	0.109	0.111	0.106	0.110
20:58:05	0.609	0.616	0.590	0.622	0.605	0.601	0.609	0.617	0.614	0.607	0.609	0.620	0.619	0.606	0.603	0.611	0.599	0.612	0.592	0.590	0.592	0.621	0.613	0.616	0.633	0.637	0.602	0.664	0.662	0.652	0.613	0.621	0.623	0.604	0.606	0.615	0.597	0.610	0.612	0.113	0.113	0.115	0.115	0.115	0.109	0.112	0.106	0.102	0.412	0.424	0.419	0.329	0.324	0.353	0.395	0.436	0.427	0.356	0.379	0.375	0.345	0.315	0.362	0.296	0.311	0.315	0.258	0.269	0.261	0.411	0.452	0.452	0.446	0.503	0.502	0.350	0.367	0.363	0.354	0.380	0.376	0.312	0.330	0.333	0.353	0.382	0.373	0.114	0.112	0.109	0.106	0.110	0.109	0.111	0.106	0.110
21:08:05	0.601	0.613	0.590	0.620	0.601	0.597	0.611	0.614	0.613	0.605	0.602	0.616	0.619	0.604	0.603	0.609	0.598	0.610	0.591	0.587	0.588	0.617	0.611	0.613	0.632	0.631	0.604	0.667	0.663	0.656	0.610	0.621	0.616	0.603	0.601	0.608	0.598	0.609	0.608	0.113	0.114	0.114	0.115	0.115	0.109	0.112	0.106	0.102	0.412	0.423	0.419	0.331	0.324	0.357	0.395	0.437	0.427	0.355	0.378	0.375	0.345	0.318	0.365	0.298	0.313	0.317	0.257	0.270	0.261	0.412	0.453	0.453	0.447	0.503	0.501	0.353	0.369	0.362	0.352	0.382	0.377	0.313	0.332	0.333	0.355	0.382	0.374	0.114	0.112	0.109	0.106	0.110	0.109	0.111	0.106	0.110
21:18:05	0.601	0.614	0.583	0.608	0.593	0.592	0.604	0.606	0.602	0.600	0.599	0.605	0.614	0.597	0.595	0.601	0.588	0.602	0.586	0.586	0.586	0.611	0.610	0.610	0.626	0.631	0.600	0.665	0.660	0.649	0.598	0.609	0.611	0.598	0.595	0.604	0.584	0.605	0.604	0.112	0.113	0.114	0.115	0.115	0.109	0.111	0.106	0.102	0.409	0.423	0.418	0.332	0.324	0.354	0.394	0.433	0.427	0.355	0.377	0.375	0.346	0.318	0.363	0.297	0.313	0.313	0.259	0.269	0.260	0.411	0.454	0.451	0.447	0.504	0.503	0.352	0.370	0.363	0.352	0.381	0.378	0.315	0.331	0.332	0.354	0.384	0.375	0.114	0.112	0.109	0.106	0.110	0.109	0.111	0.106	0.110
21:28:05	0.612	0.617	0.596	0.617	0.601	0.598	0.603	0.620	0.619	0.602	0.605	0.620	0.616	0.602	0.593	0.609	0.594	0.610	0.598	0.593	0.593	0.617	0.615	0.615	0.632	0.632	0.605	0.669	0.664	0.649	0.611	0.624	0.620	0.608	0.604	0.619	0.597	0.608	0.606	0.112	0.113	0.114	0.115	0.115	0.109	0.111	0.106	0.102	0.414	0.426	0.423	0.333	0.324	0.359	0.398	0.439	0.432	0.357	0.379	0.378	0.347	0.320	0.363	0.295	0.314	0.318	0.259	0.271	0.263	0.417	0.457	0.458	0.449	0.506	0.504	0.353	0.368	0.365	0.353	0.384	0.379	0.315	0.331	0.337	0.353	0.384	0.377	0.114	0.112	0.109	0.106	0.110	0.109	0.110	0.106	0.110
21:38:05	0.615	0.619	0.599	0.618	0.600	0.596	0.602	0.621	0.620	0.605	0.603	0.620	0.613	0.598	0.600	0.610	0.594	0.604	0.600	0.594	0.599	0.620	0.621	0.618	0.631	0.631	0.607	0.665	0.661	0.644	0.609	0.618	0.618	0.608	0.603	0.622	0.596	0.607	0.605	0.112	0.113	0.114	0.115	0.114	0.109	0.111	0.106	0.102	0.413	0.425	0.423	0.334	0.326	0.356	0.399	0.437	0.433	0.358	0.383	0.380	0.346	0.319	0.367	0.297	0.313	0.320	0.260	0.271	0.263	0.414	0.453	0.457	0.451	0.505	0.504	0.356	0.370	0.365	0.354	0.385	0.380	0.316	0.329	0.338	0.357	0.387	0.376	0.114	0.112	0.109	0.106	0.110	0.108	0.111	0.106	0.110
21:48:05	0.607	0.615	0.597	0.615	0.599	0.592	0.605	0.617	0.615	0.603	0.600	0.616	0.609	0.598	0.598	0.603	0.590	0.602	0.590	0.586	0.588	0.612	0.615	0.614	0.633	0.631	0.606	0.666	0.662	0.649	0.607	0.618	0.613	0.607	0.601	0.622	0.594	0.608	0.606	0.112	0.113	0.114	0.115	0.114	0.109	0.111	0.106	0.102	0.416	0.430	0.425	0.334	0.328	0.357	0.400	0.439	0.433	0.358	0.382	0.378	0.347	0.319	0.368	0.297	0.317	0.318	0.260	0.272	0.263	0.417	0.455	0.457	0.452	0.507	0.507	0.355	0.372	0.367	0.355	0.385	0.380	0.316	0.333	0.335	0.356	0.384	0.380	0.114	0.112	0.109	0.106	0.110	0.109	0.111	0.106	0.110
21:58:05	0.602	0.615	0.589	0.608	0.597	0.588	0.602	0.606	0.602	0.600	0.594	0.608	0.609	0.592	0.590	0.594	0.580	0.597	0.587	0.582	0.586	0.611	0.610	0.608	0.631	0.630	0.604	0.664	0.654	0.640	0.599	0.605	0.605	0.606	0.596	0.614	0.589	0.601	0.603	0.112	0.113	0.114	0.115	0.114	0.109	0.111	0.106	0.102	0.413	0.426	0.422	0.332	0.326	0.357	0.398	0.441	0.429	0.357	0.381	0.378	0.347	0.320	0.367	0.299	0.314	0.316	0.258	0.271	0.263	0.414	0.457	0.454	0.452	0.508	0.508	0.352	0.370	0.364	0.353	0.385	0.381	0.316	0.332	0.336	0.359	0.385	0.377	0.114	0.112	0.109	0.106	0.110	0.109	0.111	0.106	0.110
22:08:05	0.606	0.615	0.591	0.606	0.594	0.589	0.604	0.611	0.607	0.600	0.598	0.611	0.609	0.591	0.589	0.596	0.584	0.598	0.593	0.590	0.587	0.618	0.611	0.606	0.634	0.631	0.607	0.666	0.654	0.642	0.599	0.611	0.608	0.610	0.598	0.620	0.593	0.605	0.605	0.112	0.113	0.114	0.115	0.114	0.109	0.112	0.106	0.102	0.417	0.429	0.423	0.333	0.325	0.358	0.398	0.439	0.434	0.358	0.384	0.378	0.350	0.320	0.367	0.298	0.315	0.319	0.260	0.272	0.263	0.418	0.456	0.458	0.452	0.511	0.507	0.356	0.368	0.367	0.354	0.388	0.382	0.317	0.333	0.338	0.358	0.387	0.377	0.114	0.112	0.109	0.106	0.110	0.109	0.111	0.106	0.110
22:18:05	0.600	0.612	0.588	0.602	0.595	0.583	0.607	0.600	0.600	0.597	0.593	0.604	0.606	0.587	0.587	0.590	0.578	0.588	0.587	0.584	0.584	0.611	0.606	0.604	0.631	0.629	0.605	0.657	0.649	0.641	0.595	0.604	0.601	0.611	0.600	0.615	0.587	0.602	0.602	0.112	0.113	0.115	0.115	0.114	0.109	0.112	0.106	0.102	0.415	0.428	0.421	0.334	0.328	0.358	0.402	0.440	0.432	0.359	0.381	0.380	0.350	0.320	0.368	0.299	0.317	0.317	0.260	0.271	0.262	0.416	0.458	0.457	0.454	0.512	0.510	0.353	0.368	0.367	0.354	0.388	0.381	0.317	0.333	0.337	0.360	0.385	0.378	0.114	0.112	0.109	0.106	0.110	0.109	0.111	0.106	0.110
22:28:05	0.607	0.614	0.591	0.608	0.600	0.588	0.601	0.606	0.605	0.599	0.597	0.611	0.604	0.592	0.591	0.595	0.583	0.597	0.588	0.587	0.588	0.616	0.609	0.604	0.634	0.631	0.609	0.664	0.653	0.645	0.602	0.613	0.607	0.619	0.604	0.623	0.597	0.607	0.609	0.112	0.113	0.114	0.115	0.114	0.109	0.111	0.106	0.102	0.416	0.431	0.424	0.337	0.329	0.359	0.403	0.443	0.436	0.360	0.387	0.381	0.348	0.321	0.371	0.299	0.315	0.320	0.261	0.274	0.264	0.421	0.461	0.459	0.454	0.511	0.512	0.356	0.371	0.370	0.359	0.391	0.383	0.320	0.335	0.340	0.359	0.389	0.380	0.114	0.112	0.109	0.106	0.110	0.109	0.111	0.106	0.110
22:38:05	0.602	0.612	0.587	0.604	0.597	0.584	0.605	0.601	0.600	0.596	0.592	0.610	0.607	0.584	0.586	0.588	0.577	0.588	0.587	0.581	0.579	0.610	0.606	0.602	0.635	0.631	0.606	0.660	0.649	0.639	0.595	0.608	0.602	0.619	0.610	0.626	0.600	0.602	0.609	0.112	0.113	0.114	0.115	0.114	0.109	0.111	0.106	0.102	0.417	0.428	0.426	0.335	0.330	0.361	0.401	0.441	0.437	0.362	0.386	0.380	0.352	0.321	0.371	0.298	0.319	0.320	0.261	0.272	0.264	0.418	0.460	0.458	0.457	0.511	0.513	0.356	0.371	0.370	0.359	0.387	0.384	0.316	0.335	0.339	0.362	0.390	0.381	0.114	0.112	0.109	0.106	0.110	0.108	0.111	0.106	0.110
22:48:05	0.605	0.609	0.587	0.603	0.596	0.580	0.606	0.598	0.598	0.597	0.593	0.602	0.610	0.586	0.587	0.585	0.575	0.587	0.588	0.584	0.581	0.613	0.608	0.602	0.638	0.633	0.608	0.663	0.649	0.641	0.598	0.606	0.602	0.620	0.609	0.626	0.602	0.606	0.615	0.112	0.113	0.114	0.115	0.115	0.109	0.111	0.106	0.102	0.418	0.431	0.425	0.335	0.330	0.361	0.402	0.443	0.438	0.360	0.386	0.381	0.349	0.321	0.370	0.298	0.316	0.320	0.260	0.272	0.265	0.421	0.458	0.461	0.457	0.516	0.511	0.357	0.376	0.370	0.357	0.390	0.384	0.318	0.334	0.341	0.362	0.387	0.381	0.114	0.112	0.109	0.106	0.110	0.108	0.110	0.106	0.110
22:58:05	0.600	0.608	0.581	0.598	0.591	0.577	0.606	0.591	0.594	0.591	0.588	0.595	0.607	0.588	0.581	0.583	0.569	0.581	0.583	0.580	0.579	0.606	0.600	0.601	0.635	0.629	0.608	0.660	0.647	0.640	0.596	0.606	0.600	0.614	0.605	0.620	0.594	0.604	0.617	0.112	0.113	0.114	0.115	0.114	0.109	0.111	0.106	0.102	0.414	0.427	0.424	0.337	0.329	0.360	0.402	0.442	0.436	0.360	0.384	0.378	0.350	0.319	0.369	0.298	0.317	0.321	0.260	0.271	0.265	0.419	0.459	0.459	0.456	0.513	0.511	0.356	0.371	0.369	0.358	0.390	0.384	0.317	0.336	0.340	0.364	0.388	0.380	0.114	0.112	0.109	0.106	0.110	0.109	0.111	0.105	0.110
23:08:05	0.608	0.609	0.584	0.605	0.597	0.579	0.605	0.598	0.600	0.597	0.592	0.603	0.609	0.588	0.586	0.588	0.573	0.586	0.586	0.583	0.584	0.614	0.605	0.604	0.637	0.633	0.610	0.664	0.650	0.643	0.597	0.607	0.603	0.620	0.610	0.629	0.601	0.609	0.620	0.112	0.113	0.114	0.115	0.114	0.109	0.111	0.106	0.102	0.422	0.434	0.427	0.339	0.333	0.362	0.404	0.444	0.440	0.361	0.389	0.384	0.352	0.321	0.371	0.299	0.320	0.320	0.262	0.274	0.266	0.423	0.462	0.462	0.458	0.516	0.514	0.359	0.375	0.371	0.360	0.390	0.384	0.319	0.336	0.338	0.366	0.387	0.382	0.114	0.112	0.109	0.106	0.110	0.109	0.110	0.106	0.110
23:18:05	0.608	0.612	0.588	0.602	0.598	0.577	0.603	0.600	0.600	0.597	0.592	0.603	0.610	0.588	0.587	0.588	0.571	0.587	0.587	0.584	0.583	0.612	0.604	0.603	0.640	0.631	0.609	0.664	0.652	0.643	0.600	0.611	0.600	0.621	0.610	0.630	0.602	0.614	0.627	0.112	0.113	0.114	0.115	0.115	0.109	0.111	0.106	0.102	0.418	0.432	0.426	0.336	0.331	0.363	0.406	0.443	0.440	0.360	0.389	0.382	0.350	0.323	0.373	0.301	0.321	0.321	0.262	0.276	0.266	0.423	0.465	0.461	0.458	0.515	0.514	0.359	0.375	0.369	0.359	0.391	0.384	0.321	0.337	0.341	0.367	0.387	0.384	0.114	0.112	0.109	0.106	0.110	0.109	0.111	0.106	0.110
23:28:05	0.607	0.610	0.591	0.606	0.599	0.579	0.613	0.603	0.604	0.605	0.595	0.602	0.615	0.592	0.589	0.589	0.575	0.590	0.587	0.587	0.585	0.616	0.606	0.607	0.642	0.632	0.607	0.664	0.648	0.644	0.600	0.610	0.609	0.619	0.610	0.631	0.606	0.607	0.621	0.112	0.113	0.114	0.115	0.114	0.108	0.111	0.106	0.102	0.419	0.434	0.428	0.338	0.330	0.360	0.406	0.447	0.440	0.361	0.386	0.383	0.352	0.322	0.372	0.300	0.320	0.321	0.263	0.274	0.266	0.425	0.463	0.464	0.458	0.518	0.515	0.362	0.374	0.373	0.361	0.391	0.385	0.320	0.336	0.343	0.367	0.391	0.385	0.114	0.111	0.109	0.106	0.110	0.109	0.111	0.105	0.109
23:38:05	0.605	0.609	0.587	0.605	0.595	0.578	0.606	0.598	0.602	0.599	0.594	0.599	0.614	0.588	0.587	0.590	0.571	0.585	0.586	0.581	0.584	0.611	0.604	0.603	0.642	0.626	0.608	0.659	0.647	0.642	0.602	0.612	0.608	0.622	0.610	0.629	0.610	0.612	0.621	0.112	0.113	0.114	0.115	0.114	0.109	0.111	0.106	0.102	0.421	0.435	0.428	0.340	0.331	0.363	0.405	0.447	0.440	0.364	0.388	0.385	0.353	0.322	0.373	0.302	0.321	0.324	0.263	0.275	0.267	0.425	0.465	0.463	0.462	0.521	0.515	0.358	0.375	0.373	0.363	0.393	0.385	0.321	0.337	0.343	0.368	0.390	0.385	0.114	0.112	0.109	0.106	0.110	0.109	0.111	0.106	0.110
23:48:05	0.607	0.610	0.585	0.605	0.596	0.579	0.611	0.600	0.605	0.604	0.592	0.601	0.615	0.591	0.589	0.590	0.575	0.589	0.586	0.585	0.584	0.614	0.607	0.612	0.641	0.628	0.609	0.667	0.647	0.641	0.602	0.611	0.608	0.623	0.608	0.631	0.606	0.609	0.613	0.112	0.113	0.114	0.115	0.115	0.109	0.111	0.106	0.102	0.418	0.434	0.431	0.338	0.332	0.362	0.408	0.446	0.440	0.363	0.387	0.383	0.356	0.323	0.375	0.302	0.323	0.320	0.261	0.274	0.266	0.426	0.463	0.465	0.462	0.521	0.518	0.359	0.380	0.371	0.360	0.392	0.387	0.321	0.339	0.342	0.367	0.392	0.386	0.114	0.112	0.109	0.106	0.110	0.109	0.110	0.106	0.110
23:58:05	0.605	0.609	0.583	0.607	0.596	0.577	0.607	0.604	0.607	0.604	0.597	0.602	0.613	0.592	0.591	0.590	0.575	0.589	0.586	0.584	0.585	0.615	0.607	0.609	0.639	0.626	0.610	0.667	0.652	0.645	0.604	0.613	0.611	0.623	0.611	0.631	0.608	0.613	0.613	0.112	0.113	0.114	0.115	0.114	0.109	0.111	0.106	0.102	0.420	0.435	0.431	0.341	0.335	0.364	0.408	0.447	0.441	0.365	0.389	0.386	0.354	0.323	0.377	0.302	0.322	0.322	0.263	0.276	0.268	0.426	0.464	0.464	0.464	0.522	0.520	0.359	0.381	0.375	0.362	0.393	0.389	0.322	0.338	0.344	0.368	0.392	0.387	0.114	0.112	0.109	0.106	0.110	0.109	0.111	0.105	0.110
0:00:00																																																																																																
0:00:00																																																																																																
0:00:00																																																																																																
0:00:00																																																																																																
0:00:00																																																																																																
0:00:00																																																																																																
0:00:00																																																																																																
0:00:00																																																																																																
0:00:00																																																																																																
0:00:00																																																																																																

