EGFP:488,507

Kinetic read	A1	A2	A3	A4	A5	A6	A7	A8	A9	A10	A11	A12	B1	B2	B3	B4	B5	B6	B7	B8	B9	B10	B11	B12	C1	C2	C3	C4	C5	C6	C7	C8	C9	C10	C11	C12	D1	D2	D3	D4	D5	D6	D7	D8	D9	D10	D11	D12	E1	E2	E3	E4	E5	E6	E7	E8	E9	E10	E11	E12	F1	F2	F3	F4	F5	F6	F7	F8	F9	F10	F11	F12	G1	G2	G3	G4	G5	G6	G7	G8	G9	G10	G11	G12	H1	H2	H3	H4	H5	H6	H7	H8	H9	H10	H11	H12
0:08:37	171	209	192	202	206	194	178	200	176	188	148	198	362	449	395	197	205	170	196	198	200	170	203	195	173	189	174	189	186	182	194	184	210	182	178	203	203	226	259	174	198	191	177	214	161	200	176	168	188	176	159	157	188	158	190	147	196	139	189	193	323	390	1033	158	198	168	182	142	179	176	191	189	166	184	190	192	149	166	176	198	168	182	181	178	201	304	282	181	204	179	145	197	179	166	187	163
0:18:37	212	172	205	210	203	178	172	189	172	184	192	198	444	435	591	182	178	201	183	193	194	185	173	199	164	201	184	183	185	220	192	198	195	177	193	199	307	241	270	176	202	199	190	196	180	180	199	192	158	175	163	208	189	206	156	192	163	162	174	172	327	412	1141	179	188	186	179	164	181	170	205	183	182	153	180	204	176	178	174	189	179	166	201	194	248	315	287	151	186	163	167	155	178	178	187	164
0:28:37	204	201	169	196	177	202	179	202	200	168	195	197	719	473	1053	196	194	192	176	185	172	216	186	202	165	201	183	187	196	186	226	204	202	176	202	194	338	294	240	198	171	188	174	173	176	202	207	184	162	165	195	184	190	170	164	188	152	174	170	191	352	425	974	168	178	174	151	175	174	182	186	190	153	186	211	179	181	173	207	171	191	186	212	163	237	349	312	148	168	187	168	161	147	215	173	186
0:38:37	180	218	192	213	186	206	167	200	181	181	174	195	1079	477	1262	199	187	197	195	187	184	198	195	180	174	182	190	181	173	186	198	203	205	199	217	183	292	393	233	168	182	187	207	154	175	214	165	195	159	175	159	168	203	177	199	190	183	156	178	178	403	419	800	164	168	180	180	166	208	163	175	195	165	201	169	168	204	184	182	173	193	198	188	201	267	264	364	192	157	173	184	164	168	148	159	184
0:48:37	191	203	182	209	205	216	196	176	186	150	193	191	1228	534	1316	169	205	199	195	169	201	152	185	179	173	193	217	207	195	201	189	193	216	197	200	173	293	450	267	184	194	183	194	185	158	185	180	147	173	197	144	215	196	159	192	177	176	186	167	206	417	399	584	199	179	206	181	160	178	186	184	205	189	182	173	180	189	187	170	174	195	187	192	167	254	271	325	171	186	200	183	148	178	184	184	185
0:58:37	230	192	173	202	221	201	185	185	206	172	198	227	1254	555	1362	202	189	192	192	175	184	184	181	173	176	177	191	184	201	217	214	213	210	154	168	174	280	456	289	181	190	201	192	194	188	171	185	155	169	155	188	189	177	189	157	146	166	192	199	183	444	475	602	188	177	161	211	169	188	212	192	196	191	169	180	174	195	185	183	185	210	207	218	170	239	283	349	203	168	161	180	174	166	162	189	199
1:08:37	200	185	189	227	188	150	164	204	212	190	201	209	1295	612	1361	188	184	171	200	194	196	215	192	215	211	189	209	203	184	140	231	221	235	191	171	174	308	462	314	166	202	189	172	193	178	186	220	197	186	163	162	191	153	181	178	187	151	169	184	185	433	514	632	175	195	186	174	186	176	165	196	183	200	178	192	158	181	207	198	199	170	197	183	173	293	267	288	194	186	195	176	177	184	192	127	193
1:18:37	196	168	211	191	198	190	194	217	220	181	189	206	1334	613	1322	192	190	172	177	189	200	208	224	176	202	197	183	172	190	209	205	215	205	171	178	173	281	511	306	186	169	191	202	168	195	198	210	200	171	161	152	201	199	150	187	156	189	180	178	187	498	590	735	186	192	156	185	183	196	177	194	200	198	193	162	165	189	187	202	214	183	185	202	170	280	290	318	163	164	187	182	160	147	169	157	208
1:28:37	200	191	201	211	187	213	150	193	194	193	192	232	1264	660	1263	224	191	188	199	208	200	214	199	215	212	186	188	174	212	200	186	182	225	181	166	201	294	469	311	188	183	161	183	176	201	198	188	177	185	179	179	193	183	212	164	164	193	181	174	187	526	622	764	174	171	153	189	190	200	182	183	183	154	190	197	146	192	207	193	222	212	181	188	197	300	337	334	187	185	168	165	176	170	190	172	196
1:38:37	204	203	209	212	213	201	209	201	182	162	186	195	1146	738	1026	190	216	182	181	199	164	187	212	206	183	207	186	167	172	194	207	191	217	179	185	207	285	398	304	178	196	193	188	177	168	176	184	195	180	182	184	177	173	168	173	196	189	199	198	208	572	657	779	189	160	175	192	190	150	198	216	192	183	165	173	202	160	196	186	212	210	172	207	188	232	295	305	168	178	204	162	163	167	173	176	149
1:48:37	184	198	176	193	217	206	199	219	183	199	164	204	1045	760	747	204	182	210	184	214	176	210	197	175	194	182	178	176	170	199	225	243	206	193	188	181	338	440	339	197	179	164	164	188	181	181	207	176	197	190	167	180	189	180	197	208	141	170	166	216	594	711	801	180	187	179	197	207	167	193	192	203	177	174	195	176	167	159	183	206	179	171	199	188	257	333	346	186	166	179	172	155	164	195	192	164
1:58:37	215	215	174	172	202	208	194	204	192	169	170	212	845	829	802	184	190	195	191	169	162	179	192	177	176	185	193	185	153	181	225	210	249	209	184	170	326	455	333	206	200	203	188	200	203	181	181	197	211	186	164	167	195	183	143	185	177	192	168	206	645	735	850	207	198	201	200	152	172	177	151	200	173	208	205	205	196	202	210	213	203	190	145	159	319	347	334	176	180	167	169	165	165	154	173	182
2:08:37	194	182	186	201	196	194	205	205	204	193	180	189	834	827	940	187	212	213	193	167	195	205	195	208	210	172	198	181	195	193	198	187	241	195	208	199	379	510	367	234	181	206	221	180	175	167	199	202	168	185	179	187	229	164	168	186	207	180	182	198	677	784	865	162	189	203	193	189	219	201	199	202	149	179	179	172	196	209	188	187	187	197	205	197	278	321	331	215	197	162	179	166	162	187	213	202
2:18:37	227	195	153	210	179	189	197	195	170	190	208	200	755	868	941	174	186	175	176	187	196	195	201	183	196	185	189	187	222	177	220	242	211	176	176	228	353	337	362	174	185	183	196	177	177	187	190	186	172	195	163	190	227	185	158	189	156	194	198	182	682	841	911	181	182	187	188	149	167	210	159	194	182	188	180	182	182	162	199	211	213	172	195	193	280	333	344	173	200	154	182	168	170	171	211	176
2:28:37	204	191	206	202	172	191	181	187	190	219	210	196	844	958	958	195	196	195	193	191	217	194	222	199	229	192	209	177	180	199	188	254	205	171	169	207	393	394	402	202	187	169	192	166	182	181	185	182	165	170	176	164	197	204	162	170	152	198	201	203	688	834	946	177	190	178	176	186	166	204	186	195	144	193	173	204	205	204	177	201	218	183	185	190	326	308	347	175	187	196	192	180	184	159	159	178
2:38:37	178	199	206	232	184	195	185	230	210	156	187	196	859	997	1055	191	176	203	188	169	169	207	210	204	199	191	203	186	192	205	245	196	200	185	172	216	402	401	407	174	153	199	192	185	171	199	157	223	181	195	156	188	188	215	175	197	201	188	199	180	699	864	944	179	180	191	179	171	211	171	182	157	189	195	182	176	162	170	165	175	216	210	186	189	318	369	335	181	181	183	175	166	178	195	154	190
2:48:37	217	190	197	207	222	210	202	179	178	220	190	195	957	1064	1108	199	207	191	178	200	190	184	205	213	169	187	197	206	229	212	210	218	243	190	197	202	420	408	399	181	179	198	204	194	162	175	211	180	168	195	192	186	168	208	188	172	166	162	157	208	730	850	937	160	186	164	155	208	174	181	207	224	204	215	184	175	213	193	206	208	205	171	192	181	327	331	345	160	168	146	152	191	153	190	181	182
2:58:37	184	182	201	196	205	184	206	210	209	184	184	205	975	1144	1191	196	203	169	208	178	198	186	217	216	196	198	229	169	182	207	235	236	237	171	204	211	443	437	413	193	176	181	170	175	187	191	158	203	167	162	178	167	205	194	198	189	184	187	186	148	741	884	985	201	190	172	186	180	190	192	183	172	194	189	170	187	185	173	215	213	186	171	171	163	331	349	374	160	192	156	185	159	165	171	191	173
3:08:37	191	227	196	202	199	219	209	197	194	180	221	190	1017	1256	1223	189	198	186	192	185	188	208	188	176	215	189	193	207	202	227	241	210	214	211	190	191	448	445	445	149	187	175	211	168	171	181	164	210	188	163	160	213	190	199	171	174	152	146	185	212	776	918	996	180	178	183	182	175	171	174	200	209	181	217	207	188	198	169	183	210	221	194	203	180	338	368	356	168	165	163	164	124	154	145	180	197
3:18:37	199	211	209	175	215	214	194	209	180	231	179	203	1079	1301	1304	176	201	197	181	191	189	192	195	200	211	172	202	207	213	160	247	248	237	190	198	194	479	491	487	210	200	176	169	198	228	185	178	182	167	187	184	179	188	214	191	200	207	188	199	187	762	912	1059	182	197	175	191	175	166	196	179	167	180	223	210	164	209	191	218	231	226	182	170	175	306	352	345	198	168	178	166	178	176	212	150	154
3:28:37	192	215	198	186	232	213	214	218	199	184	196	181	1149	1327	1366	175	178	190	192	210	199	204	235	218	216	186	215	218	204	185	279	233	250	193	203	218	502	489	515	153	181	170	184	200	204	179	175	183	168	191	187	178	206	176	182	177	181	208	206	203	754	915	1028	197	207	182	168	196	179	219	191	165	167	193	195	192	167	179	231	235	194	193	207	193	315	361	359	154	139	169	190	158	188	141	184	169
3:38:37	210	210	186	215	222	231	198	235	188	210	207	196	1212	1452	1461	210	193	184	215	184	222	189	201	206	183	216	223	199	200	201	254	253	269	216	193	199	548	486	530	169	184	174	200	196	185	174	164	190	223	169	189	170	189	197	182	193	188	163	182	182	751	933	1030	178	192	200	168	193	208	174	185	201	207	186	170	170	205	178	224	199	216	190	194	190	351	345	380	195	197	154	169	164	172	173	163	189
3:48:37	209	192	191	236	216	206	209	206	189	211	209	195	1254	1501	1590	179	194	209	220	209	210	227	221	168	192	181	207	202	205	181	262	243	236	221	220	200	552	536	579	167	192	146	190	189	180	179	183	183	173	169	183	210	186	213	211	197	185	193	195	204	810	927	1079	192	214	184	191	204	168	188	201	180	220	200	177	177	215	183	206	195	197	188	191	179	317	339	336	174	159	182	184	169	172	160	145	189
3:58:37	207	211	211	213	224	270	200	207	176	228	214	202	1325	1608	1663	177	203	207	224	191	176	228	216	230	207	198	201	189	225	239	255	270	268	217	197	174	560	568	573	165	195	182	180	169	160	163	186	169	167	183	191	189	191	176	164	182	178	201	179	181	834	953	1026	200	173	189	188	206	193	174	226	202	185	188	168	216	184	163	208	227	196	213	186	167	305	366	375	195	161	172	182	198	164	183	167	220
4:08:37	213	222	210	225	232	193	185	207	189	223	223	200	1393	1692	1771	221	186	196	180	189	203	211	213	223	192	183	210	215	202	197	251	236	258	209	178	201	625	590	628	170	214	172	172	203	173	155	193	213	211	190	198	217	202	178	200	176	191	183	201	170	830	991	1039	193	182	188	169	173	201	197	189	177	195	202	196	183	151	186	217	190	213	208	200	196	340	349	339	186	179	204	170	177	171	202	183	187
4:18:37	237	189	176	226	218	233	225	205	217	187	192	228	1489	1779	1842	188	173	192	204	210	215	230	219	241	206	182	220	201	191	206	215	270	252	203	208	181	588	614	663	203	185	208	191	164	161	180	161	161	147	184	208	205	206	193	213	182	187	196	214	216	783	963	1003	187	182	205	163	199	200	213	227	214	162	190	198	197	222	182	228	250	204	178	224	207	331	394	370	171	181	170	166	162	181	176	168	161
4:28:37	206	197	183	261	220	187	182	192	223	181	191	198	1616	1909	1976	233	245	185	221	202	225	204	232	229	198	170	228	220	228	213	264	264	292	214	188	226	651	650	725	199	205	181	222	162	178	148	195	217	192	191	181	174	207	209	164	192	204	215	192	224	824	938	1026	172	192	197	174	197	197	183	187	213	204	202	195	185	178	214	243	199	225	180	208	199	332	394	346	199	169	168	171	169	155	158	139	184
4:38:37	212	218	199	238	256	232	204	239	196	199	216	199	1626	1992	2071	199	203	200	211	205	191	228	204	232	220	186	208	221	179	174	278	273	263	202	209	198	653	685	754	190	181	168	182	150	196	187	193	170	189	199	174	193	178	206	178	199	179	176	200	184	834	1002	1062	203	203	174	184	199	166	200	172	189	218	162	195	183	185	213	229	220	235	199	184	201	287	364	361	174	150	189	180	159	186	188	163	185
4:48:37	224	211	189	227	257	205	188	172	186	189	200	212	1748	2088	2264	201	195	186	208	189	202	246	215	229	224	184	229	200	220	212	291	278	305	219	214	238	700	744	755	176	164	186	183	189	187	190	166	183	179	174	198	178	210	208	181	191	185	223	190	200	813	1001	1050	194	190	179	152	183	207	210	209	222	204	216	227	172	197	181	225	231	243	206	188	241	349	366	385	160	150	162	182	156	169	161	170	196
4:58:37	217	198	181	229	226	242	162	252	211	211	181	181	1864	2244	2360	199	162	215	205	199	199	240	214	247	207	191	209	206	209	198	291	291	290	261	235	220	779	751	797	183	200	187	198	190	170	179	184	185	197	168	166	206	165	191	195	195	164	209	216	227	856	1024	1053	193	180	207	172	203	179	198	228	192	191	234	203	191	175	194	220	209	216	193	190	158	349	367	386	162	141	158	163	155	189	182	174	182
5:08:37	211	223	229	231	267	259	205	234	239	211	190	202	2010	2344	2460	196	209	201	196	227	201	249	234	231	195	203	208	204	218	218	327	287	310	195	231	238	777	747	861	181	204	207	185	186	162	191	200	195	162	205	185	193	202	211	162	203	194	192	170	181	853	1034	1028	176	197	203	184	196	194	207	226	210	188	200	203	174	168	215	216	208	240	211	214	218	328	338	410	163	199	151	187	155	166	162	173	189
5:18:37	218	231	202	241	228	254	224	193	210	203	211	217	2065	2427	2555	196	214	201	207	210	209	247	228	233	194	176	200	195	223	186	338	289	291	217	215	235	828	859	890	186	174	178	187	187	178	200	178	212	191	198	174	213	211	184	162	181	172	215	169	201	836	994	1067	185	185	188	169	197	179	204	223	205	181	195	198	204	178	180	233	246	217	164	203	223	339	353	356	176	171	185	178	171	189	167	183	196
5:28:37	216	211	220	261	243	243	212	224	218	189	210	224	2247	2650	2741	213	229	183	187	186	213	244	223	260	192	196	237	208	222	221	337	326	317	242	221	210	884	847	966	202	186	171	171	170	149	171	174	196	176	204	190	207	200	197	172	195	207	210	242	220	814	1034	1059	190	182	170	166	202	180	183	232	193	209	217	209	188	184	200	205	233	248	212	179	194	345	350	387	195	174	159	206	159	155	191	181	166
5:38:37	219	188	224	234	240	247	195	217	212	213	217	224	2397	2775	2889	181	218	237	201	232	213	226	257	226	200	200	200	190	216	185	308	308	346	188	213	232	910	945	1006	161	179	170	194	168	179	152	177	225	181	184	194	217	184	176	162	163	181	189	202	190	848	1022	1008	170	177	217	189	199	195	206	200	221	186	193	168	187	188	188	219	236	192	203	200	178	342	384	339	198	178	179	190	164	179	167	165	180
5:48:37	229	224	219	269	249	275	213	203	213	217	221	219	2492	2878	2996	229	188	223	215	198	221	257	239	251	196	199	201	212	225	183	333	332	317	211	236	205	975	964	984	185	185	167	185	194	176	193	160	154	172	170	196	184	193	180	193	174	222	197	189	216	869	996	1044	188	202	183	177	198	185	214	193	178	198	230	189	189	224	209	225	233	222	205	213	188	327	369	383	170	192	144	198	151	132	177	144	153
5:58:37	179	187	220	277	235	250	218	177	234	230	231	220	2670	3114	3158	172	211	191	158	223	216	256	270	258	206	190	202	219	167	223	330	330	325	192	209	211	1016	1033	1077	175	188	178	181	190	182	214	174	170	212	192	215	200	200	209	173	164	178	184	209	195	854	1010	1013	174	181	170	183	211	195	139	203	217	189	203	201	169	186	197	232	244	197	183	192	205	326	366	417	176	182	199	169	151	175	184	207	176
6:08:37	204	217	185	277	260	277	247	232	209	228	203	199	2729	3170	3288	220	193	210	198	176	228	244	260	258	210	230	223	213	190	231	353	338	355	244	249	196	1087	1026	1122	200	153	184	185	197	194	176	181	205	178	204	186	198	204	159	174	202	207	164	224	229	837	995	1011	182	203	195	214	190	199	236	201	181	190	206	200	193	170	172	240	225	220	199	185	198	338	354	388	193	167	136	150	145	173	192	161	204
6:18:37	239	207	241	259	282	246	217	211	208	210	209	237	2887	3380	3428	199	214	196	214	200	192	266	249	250	206	255	211	172	224	197	379	387	333	191	228	194	1107	1084	1117	185	191	186	184	173	209	223	178	156	171	194	206	190	190	226	172	190	215	186	202	180	832	1022	1024	196	185	158	204	194	183	182	208	190	217	211	213	201	167	164	217	236	241	207	202	212	362	367	369	177	163	209	189	178	166	172	164	194
6:28:37	227	223	221	283	300	251	241	214	220	200	205	228	3030	3403	3555	234	227	211	220	191	174	264	264	262	196	243	251	205	219	210	349	362	392	226	204	209	1136	1134	1225	161	178	191	192	149	176	204	168	203	204	190	178	191	189	215	167	212	227	207	195	210	856	1043	1008	180	184	181	183	199	182	200	172	234	177	201	210	183	184	193	223	220	221	170	177	190	344	368	337	149	181	164	186	197	172	194	198	176
6:38:37	195	224	230	275	307	269	239	195	222	226	242	231	3123	3537	3619	236	218	204	193	188	212	239	257	239	239	253	188	190	220	188	352	356	366	245	231	205	1179	1209	1256	178	196	166	176	176	155	180	204	203	206	182	202	182	186	200	183	199	199	218	204	204	829	1012	1031	183	153	197	175	163	173	157	161	216	205	197	198	210	173	196	238	256	218	196	208	202	320	379	380	161	162	169	202	159	170	172	158	187
6:48:37	231	225	207	226	274	243	214	265	230	215	231	210	3181	3722	3811	199	232	201	203	223	207	279	266	273	248	231	257	202	215	215	389	383	364	257	239	240	1266	1256	1287	145	171	181	175	184	206	162	173	178	176	166	194	206	189	238	189	198	174	178	195	219	847	1022	1020	198	184	209	209	191	195	178	186	181	228	206	183	189	192	180	243	211	212	192	216	204	318	386	411	196	163	193	174	170	170	157	161	179
6:58:37	197	237	219	301	350	257	200	227	239	238	220	238	3353	3881	3956	226	184	217	211	221	215	286	266	261	229	238	211	240	222	207	422	382	381	244	196	226	1256	1343	1319	191	189	169	211	193	177	217	155	168	202	190	193	191	221	197	201	195	199	182	219	178	828	1021	1035	183	216	193	188	189	192	211	219	169	179	194	211	203	191	179	216	218	240	196	206	210	338	350	361	173	183	175	187	165	196	167	176	180
7:08:37	270	228	236	264	297	318	250	251	238	235	231	241	3497	3936	4034	220	212	225	228	218	205	297	277	296	266	239	255	213	185	211	398	436	381	234	204	247	1273	1377	1386	171	179	177	179	179	185	185	196	185	184	192	200	187	195	199	172	203	213	187	153	200	838	1013	994	207	181	209	169	192	176	204	202	206	199	221	237	173	177	206	237	244	221	184	184	181	328	388	394	189	178	173	182	146	174	178	162	142
7:18:37	246	243	197	297	299	309	256	257	235	237	226	233	3609	4071	4111	218	219	197	232	199	218	262	295	282	259	225	258	225	209	234	400	416	413	250	229	211	1360	1382	1435	148	167	177	180	177	170	204	159	192	199	184	158	211	224	215	179	210	222	198	201	181	859	1027	1025	199	166	185	161	203	205	209	201	204	205	216	210	167	196	169	247	214	213	185	195	197	348	379	397	177	178	184	197	154	136	176	167	184
7:28:37	242	211	270	267	305	291	249	252	235	214	233	222	3762	4273	4256	221	218	235	239	203	228	301	261	274	271	259	241	205	203	197	421	406	408	253	239	256	1435	1445	1465	190	167	197	183	173	199	165	169	196	183	202	153	212	179	214	214	183	198	232	203	193	863	1044	999	195	185	165	173	202	198	195	173	201	205	225	184	189	203	188	234	209	206	194	200	205	366	383	379	179	188	171	185	184	174	180	155	183
7:38:37	271	245	222	299	328	283	244	264	244	243	205	259	3867	4323	4365	219	215	237	221	214	191	284	277	277	252	233	257	255	216	233	415	459	451	231	229	233	1480	1464	1522	189	155	186	163	208	171	184	199	184	158	158	175	182	206	177	181	182	189	206	193	192	836	1027	1029	190	209	222	187	171	203	184	222	203	184	196	214	173	183	178	200	243	275	205	220	166	341	379	370	158	171	173	162	154	162	142	182	163
7:48:37	251	249	259	302	328	314	255	237	257	231	238	259	3945	4540	4553	254	224	238	238	217	225	301	286	302	251	267	266	230	230	223	429	444	445	219	246	228	1519	1541	1602	150	186	210	208	170	175	214	164	183	174	186	176	196	212	215	173	169	194	192	187	182	870	1023	1006	198	172	181	183	194	185	220	159	163	200	170	193	187	185	189	226	215	235	196	192	213	360	383	392	170	171	162	166	175	167	168	189	171
7:58:37	258	252	273	295	305	330	249	265	243	241	249	266	4034	4624	4630	226	226	215	226	237	221	332	296	298	277	264	259	231	211	230	435	446	421	260	236	244	1526	1569	1626	204	175	183	197	188	177	178	137	182	192	206	196	183	173	213	194	183	203	202	189	212	857	1034	986	207	193	191	184	199	195	187	198	200	194	237	213	192	179	151	223	204	216	198	182	184	355	376	371	163	182	148	169	212	166	182	165	193
8:08:37	257	250	233	329	351	334	247	278	252	252	239	290	4097	4720	4886	225	259	249	217	255	199	317	318	299	271	254	229	237	230	225	436	469	447	259	269	275	1550	1577	1647	177	177	157	180	218	194	172	202	182	182	189	187	183	207	212	172	187	194	178	194	209	816	1041	1011	196	184	187	185	178	202	193	160	200	202	203	224	188	189	197	229	232	222	180	183	213	362	388	379	181	159	177	161	162	174	178	161	167
8:18:37	297	254	284	324	369	313	269	271	242	255	263	286	4241	4796	4852	230	272	259	255	235	213	307	315	333	276	301	275	222	242	252	454	458	455	262	248	273	1604	1629	1696	183	180	194	176	172	186	204	164	178	168	211	203	210	191	224	199	193	178	192	197	202	849	1016	1004	185	208	196	184	178	194	191	193	197	220	220	182	195	171	215	226	208	213	197	156	218	340	404	395	157	175	183	170	156	175	197	201	162
8:28:37	242	256	278	334	346	329	266	273	264	290	256	267	4409	4874	4942	220	265	254	270	254	237	329	308	337	277	267	257	266	230	210	470	479	468	245	264	274	1613	1588	1692	179	180	210	201	161	174	188	186	169	187	203	187	180	218	202	205	190	207	198	174	178	844	1051	1041	169	193	188	194	181	209	210	200	187	205	216	213	208	180	196	241	263	247	174	208	167	325	372	390	170	204	194	171	168	148	148	170	175
8:38:37	272	258	271	329	318	350	262	265	266	281	275	243	4514	5005	5080	234	277	256	235	249	242	362	312	311	289	307	282	238	226	265	469	448	479	259	247	292	1651	1618	1682	174	194	176	185	181	187	185	162	180	217	174	177	191	194	178	184	194	199	201	179	216	818	993	1003	198	172	208	193	186	171	211	184	199	183	212	199	201	180	192	225	237	239	198	202	189	332	390	373	200	172	173	153	194	164	185	194	195
8:48:37	285	259	241	361	339	308	288	270	274	272	289	302	4634	5067	5214	261	270	253	232	260	252	349	300	339	266	300	260	253	270	217	491	454	483	285	265	281	1640	1647	1710	170	188	172	180	198	211	186	170	170	171	189	189	180	203	222	169	217	197	198	190	197	866	1017	1037	196	201	191	194	182	206	203	198	209	188	193	196	175	233	189	206	234	251	175	170	162	349	361	422	174	142	204	174	191	173	161	156	139
8:58:37	291	297	268	369	352	356	283	290	277	271	255	284	4854	5273	5325	233	251	249	245	240	297	339	368	356	289	291	280	276	263	249	477	466	470	299	312	289	1703	1634	1726	164	186	200	206	184	182	175	163	175	179	202	190	178	188	194	193	207	179	201	189	198	879	1003	975	197	196	215	176	176	193	173	201	179	196	224	175	190	195	167	241	237	220	186	197	203	315	349	400	194	187	192	152	152	166	155	188	191
9:08:37	288	290	241	362	367	349	284	303	271	286	279	292	4943	5458	5385	274	286	273	262	259	224	336	344	359	279	325	296	253	220	253	474	454	480	314	286	312	1661	1636	1730	202	198	180	173	160	154	168	185	201	186	190	175	168	209	209	166	188	205	201	192	175	847	1014	992	169	209	200	188	198	195	190	201	180	180	223	205	204	182	204	189	234	215	156	183	189	337	349	353	172	199	166	190	173	148	175	178	156
9:18:37	293	260	240	315	335	352	294	309	279	264	278	286	5019	5555	5706	257	252	261	261	266	263	356	353	333	281	278	265	227	267	269	468	493	458	293	324	282	1693	1677	1681	183	183	166	196	183	200	179	181	204	172	177	180	174	222	248	193	198	215	218	217	213	809	976	978	155	196	200	186	192	171	195	180	162	206	223	188	198	210	200	207	211	241	195	186	206	338	384	369	169	181	161	184	192	188	178	189	175
9:28:37	305	278	262	374	320	335	276	271	278	298	279	303	5157	5688	5737	254	272	251	253	268	242	319	321	356	281	307	291	240	253	266	494	457	477	272	290	309	1675	1677	1752	184	193	161	186	200	191	164	190	223	174	170	193	190	216	208	163	210	204	182	193	210	834	1012	995	214	181	228	184	179	185	190	215	183	197	188	185	216	179	196	227	220	219	198	191	225	359	360	386	145	168	164	176	165	137	164	196	177
9:38:37	328	273	289	377	342	346	289	276	282	297	274	285	5168	5811	5708	266	289	287	268	257	270	365	377	358	315	304	310	241	250	250	478	474	480	309	295	289	1715	1697	1716	158	179	173	166	185	161	175	176	177	197	217	173	197	204	201	153	193	194	160	214	221	825	1019	985	181	195	189	190	198	198	179	220	217	234	198	219	176	190	181	213	233	237	192	202	169	340	359	379	166	184	167	155	178	176	170	173	186
9:48:37	298	278	280	359	365	368	297	295	297	302	299	312	5328	5903	5929	272	269	273	273	263	271	338	344	354	273	321	289	274	248	259	471	461	473	310	305	292	1688	1647	1743	192	169	169	211	173	184	173	168	189	174	188	186	187	210	221	194	199	190	220	201	192	830	1028	988	184	201	195	183	190	207	189	232	230	211	175	189	187	223	198	217	209	244	194	212	209	330	398	392	170	155	154	163	148	140	164	190	171
9:58:37	288	292	287	354	350	343	320	290	321	298	288	283	5388	6028	6196	260	278	293	273	284	286	385	372	380	312	335	273	278	261	230	513	504	490	290	292	324	1702	1692	1726	171	169	185	165	186	197	196	191	195	181	184	198	181	197	199	193	200	173	207	193	197	829	1013	993	171	189	227	224	183	195	191	175	213	176	222	203	199	181	225	212	218	238	204	184	215	319	345	375	158	183	168	176	191	178	177	183	173
10:08:37	327	277	297	363	368	349	307	298	284	289	286	319	5345	5967	6206	285	272	279	287	300	252	367	351	372	309	339	290	263	270	285	499	473	479	314	309	300	1654	1701	1698	187	220	194	166	177	185	188	187	176	185	184	165	202	179	218	194	214	217	212	186	208	816	1008	999	177	176	200	187	199	189	192	198	179	201	238	198	186	207	175	224	205	213	192	186	178	336	363	354	181	197	164	172	174	161	149	181	179
10:18:37	301	300	303	362	377	351	317	306	263	311	278	296	5440	5962	6480	300	272	285	266	285	283	375	378	354	325	309	299	281	267	280	482	488	480	307	309	330	1680	1680	1704	173	190	166	177	189	172	189	149	198	196	178	164	191	210	195	177	223	200	201	205	192	842	1002	999	210	175	209	174	194	173	181	176	185	196	203	211	200	182	192	223	225	244	176	173	172	337	356	361	185	165	159	173	195	160	171	180	184
10:28:37	361	285	295	350	403	338	299	284	286	311	294	315	5437	6084	6368	283	304	294	285	272	285	361	371	377	319	302	281	292	249	270	482	513	522	309	289	292	1695	1710	1754	172	182	188	210	182	192	192	192	195	195	200	191	196	221	220	199	199	197	209	184	199	860	1044	972	174	219	211	173	201	183	192	186	208	199	207	191	185	150	178	240	215	199	204	180	192	342	376	368	171	129	196	170	189	167	169	172	211
10:38:37	332	297	301	361	369	379	338	301	289	296	285	288	5385	6086	6343	288	285	299	296	295	267	368	362	367	331	342	280	302	263	279	498	499	517	314	296	310	1675	1669	1765	170	184	155	164	174	161	165	186	176	199	196	187	168	214	201	203	195	211	169	184	196	841	1014	968	195	210	192	186	201	212	194	185	192	186	217	187	176	187	201	205	267	247	197	202	181	304	377	396	165	204	169	163	156	175	164	177	182
10:48:37	351	313	318	383	401	377	292	297	307	285	290	304	5448	6128	6323	289	314	295	304	327	274	362	353	367	324	306	298	265	303	313	489	479	474	322	330	331	1663	1644	1728	194	177	202	197	180	191	151	203	181	207	208	208	152	182	220	181	198	204	200	191	218	842	1010	1020	230	170	201	168	174	177	211	200	207	199	178	204	203	205	174	214	224	223	165	206	202	366	377	366	155	163	161	183	158	173	156	189	165
10:58:37	306	328	265	398	401	364	343	299	326	338	304	297	5501	6112	6602	277	282	294	296	299	304	352	349	335	302	314	301	299	295	264	527	462	504	312	321	307	1696	1678	1793	163	166	158	184	180	182	174	201	169	173	194	181	205	213	197	186	208	189	162	204	217	803	1004	983	184	234	196	192	169	188	191	196	215	216	212	188	186	180	201	222	224	177	171	201	168	323	364	364	169	162	169	162	176	157	167	179	162
11:08:37	311	327	278	379	368	371	305	316	304	324	300	321	5441	6136	6678	295	300	276	309	289	308	394	384	387	298	288	295	283	289	299	466	503	518	329	320	336	1750	1632	1729	146	199	191	190	193	143	165	186	173	197	177	181	182	204	189	172	199	219	184	176	207	847	992	976	211	193	214	222	172	193	214	226	234	181	210	201	191	209	205	233	210	221	188	214	207	354	335	403	167	181	161	175	166	182	172	161	184
11:18:37	337	340	305	352	385	371	285	323	305	350	321	342	5395	6037	6541	311	308	269	298	299	307	370	358	379	292	292	335	305	277	302	494	488	503	324	301	329	1729	1673	1764	187	196	207	150	183	190	166	172	170	178	201	199	199	189	235	188	169	210	195	200	210	823	985	966	195	200	192	184	206	199	203	195	188	198	223	208	191	194	195	227	234	245	202	205	212	341	381	410	139	181	201	143	156	165	143	153	161
11:28:37	334	350	299	406	368	407	329	304	310	333	300	327	5464	6095	6414	282	296	290	321	302	297	375	371	355	327	336	311	301	312	289	497	496	519	331	334	323	1702	1661	1740	156	190	171	176	203	200	182	180	157	175	182	175	193	198	205	186	197	228	184	195	196	817	988	977	197	216	203	202	179	206	198	215	214	185	241	216	178	178	196	202	220	235	200	177	185	359	341	371	167	178	143	195	186	167	153	167	211
11:38:37	331	311	317	374	394	384	295	319	311	349	298	336	5315	6212	6601	307	314	290	315	310	288	374	391	381	299	328	307	312	310	303	502	481	517	323	346	348	1687	1682	1746	191	201	177	188	185	171	185	188	166	160	216	201	183	196	203	189	196	188	187	171	210	806	981	981	195	190	207	186	181	179	166	203	181	213	218	201	182	194	188	225	220	226	170	203	206	360	384	381	208	169	166	177	185	192	160	169	202
11:48:37	340	327	291	384	375	382	305	319	311	301	327	311	5402	6139	6560	299	307	316	318	312	341	355	377	370	308	329	299	286	300	290	489	503	509	325	319	336	1634	1699	1728	156	166	182	165	160	184	178	176	195	219	187	180	220	190	201	214	202	176	215	199	197	831	997	943	213	183	190	188	197	186	201	199	202	170	183	224	185	195	204	225	229	239	170	193	154	336	360	367	175	178	162	126	174	216	158	182	169
11:58:37	357	302	319	388	396	383	328	313	309	314	302	325	5445	6223	6733	320	322	309	328	326	324	362	371	360	340	313	309	309	315	308	497	479	522	333	322	337	1706	1665	1700	165	199	175	184	179	182	187	186	177	199	188	189	215	215	211	177	205	222	212	233	194	812	983	949	180	189	185	185	171	168	173	199	201	188	167	235	160	227	213	232	203	229	162	191	177	328	391	379	178	142	173	177	173	171	189	159	186
12:08:37	354	322	310	390	404	389	307	314	317	321	312	292	5343	6191	6884	306	325	293	323	322	300	396	413	370	307	320	310	295	286	297	523	482	542	344	334	344	1688	1707	1725	167	171	206	199	164	153	193	182	158	162	170	172	190	178	194	180	205	195	200	191	202	831	1019	933	183	175	211	175	189	175	197	181	186	210	195	223	190	183	172	221	200	197	193	192	188	357	376	367	155	206	174	184	146	158	176	178	172
12:18:37	349	304	362	380	389	383	302	355	338	329	293	323	5406	6165	7029	321	295	334	332	335	291	389	385	380	328	332	298	290	287	297	500	509	520	343	327	347	1676	1657	1727	174	174	141	188	191	203	168	167	173	189	185	179	197	198	211	159	192	192	202	224	199	786	966	967	218	217	183	161	181	200	183	185	190	185	214	219	154	189	168	184	228	230	179	168	192	319	354	379	161	185	190	201	194	161	160	182	164
12:28:37	365	309	301	405	390	421	347	338	344	311	328	333	5459	6083	7269	315	312	298	320	321	317	375	390	380	311	353	310	289	307	300	533	516	488	367	344	326	1700	1654	1734	211	177	181	173	182	174	173	173	190	182	203	211	199	203	215	194	168	184	205	210	193	785	988	928	187	187	189	162	185	176	178	195	196	214	206	183	209	206	193	196	240	218	174	200	184	344	352	376	195	169	141	170	167	184	179	176	186
12:38:37	344	349	362	379	383	387	312	341	325	332	348	334	5420	6066	7172	322	318	289	335	299	343	377	376	402	327	328	322	303	295	310	505	523	503	368	320	327	1711	1671	1710	179	175	182	188	196	169	155	184	186	168	150	221	198	208	229	191	212	187	192	194	203	837	974	966	192	184	201	176	196	202	196	217	209	183	223	242	191	216	213	218	202	198	194	189	182	334	372	380	177	169	187	182	142	180	149	141	174
12:48:37	328	311	322	388	391	369	362	327	307	301	325	302	5486	6071	7092	304	302	327	359	314	303	376	389	387	329	346	347	325	286	282	504	504	552	340	322	379	1648	1665	1689	169	178	197	190	175	170	190	154	180	184	211	190	177	168	219	192	196	201	208	199	198	783	1004	971	212	196	204	174	183	195	203	201	213	212	222	185	203	195	172	240	215	229	177	185	202	342	361	388	172	157	174	159	172	155	176	166	141
12:58:37	341	319	316	395	402	385	324	335	318	321	288	330	5496	6178	7235	313	305	287	330	292	337	375	370	382	316	344	322	301	320	300	503	522	478	340	338	342	1688	1656	1722	182	164	171	169	174	178	192	171	177	174	185	164	200	205	185	185	213	191	172	178	195	783	961	968	203	190	192	170	159	184	197	223	179	207	207	192	193	202	185	233	205	239	196	244	172	347	361	348	159	181	167	172	160	185	153	172	193
13:08:37	340	328	330	390	422	401	346	317	346	334	324	332	5359	6080	7339	322	306	310	317	332	334	393	426	381	352	334	344	297	304	301	502	538	508	342	340	337	1733	1634	1695	188	175	170	168	198	163	162	183	176	230	221	181	193	181	207	170	207	220	202	191	182	831	987	961	171	181	185	179	195	181	189	224	198	197	206	216	191	180	186	210	213	245	182	187	192	327	336	387	167	199	179	157	170	176	185	190	135
13:18:37	359	309	331	401	387	387	353	331	312	313	322	338	5407	6088	7456	290	302	322	342	315	323	407	383	397	314	357	303	297	293	311	483	524	504	351	331	337	1710	1675	1711	181	176	175	185	170	186	193	170	204	198	216	191	211	210	213	189	170	169	177	202	183	745	957	938	210	193	203	188	207	196	194	183	210	189	176	221	189	206	186	225	219	217	178	196	178	341	341	385	172	164	153	182	173	172	154	189	176
13:28:37	369	339	329	398	394	395	326	320	347	335	353	287	5439	6079	7238	299	310	284	323	316	314	392	377	378	313	314	336	314	312	302	468	525	527	338	339	329	1744	1645	1698	174	172	182	185	215	189	155	203	191	207	196	178	202	191	240	192	196	220	198	198	223	792	974	990	188	206	199	174	210	180	201	190	189	231	221	196	191	193	179	220	254	234	190	187	163	335	380	384	164	170	159	179	163	134	194	160	184
13:38:37	354	324	301	411	420	409	338	342	318	324	346	329	5352	6112	7354	320	338	307	307	337	311	385	393	393	340	350	313	293	293	292	513	491	520	320	350	349	1700	1655	1727	183	168	161	186	194	205	191	172	174	201	193	185	216	219	221	223	183	175	209	170	208	787	982	946	204	209	187	177	195	202	176	176	202	197	205	220	174	209	203	219	223	226	206	185	178	344	335	405	153	182	165	173	206	162	177	187	147
13:48:37	341	302	331	399	400	383	339	326	329	329	320	337	5395	6129	7345	301	306	313	321	338	348	374	389	357	315	325	368	304	330	302	507	499	523	370	357	375	1680	1677	1725	162	204	159	150	196	198	178	175	196	190	184	191	193	207	241	208	189	197	201	199	189	784	1015	907	181	183	185	177	165	154	214	219	202	208	224	210	189	171	177	210	214	245	209	206	184	326	378	364	175	212	152	157	138	165	193	153	174
13:58:37	351	324	330	405	387	416	332	344	350	343	318	324	5337	6113	7265	315	347	308	328	308	339	433	409	361	340	335	351	297	328	306	502	494	532	345	333	352	1678	1651	1691	164	194	180	194	157	197	188	197	203	190	204	164	184	177	203	179	190	199	200	203	229	773	949	960	196	199	212	190	203	194	195	196	209	217	223	206	181	201	178	205	223	243	192	187	182	320	354	366	150	165	163	157	140	159	186	165	164
14:08:37	331	317	354	427	409	391	355	326	318	303	329	326	5312	6067	7238	343	284	309	341	335	348	438	424	387	339	354	378	329	308	295	538	526	509	353	360	352	1685	1627	1711	168	178	178	174	186	185	184	185	194	188	194	160	168	201	195	218	197	211	194	202	210	785	956	888	161	196	179	184	182	182	167	187	210	199	226	199	191	176	185	221	231	228	205	188	218	348	354	347	170	154	184	148	179	172	186	170	169
14:18:37	378	322	316	376	422	403	344	320	337	336	330	328	5334	6120	7338	304	310	315	346	329	344	406	395	406	324	361	370	297	329	303	499	512	542	337	344	358	1680	1645	1725	163	194	157	162	157	167	208	200	177	196	186	209	203	219	194	203	183	185	201	183	205	794	950	929	178	214	202	173	192	189	212	185	193	196	204	211	190	192	195	233	226	224	197	203	213	336	376	334	179	186	153	189	151	165	183	146	159
14:28:37	342	338	306	392	395	400	345	328	345	320	352	310	5355	6102	7617	343	304	330	348	335	333	401	395	406	349	330	327	304	310	311	500	504	472	358	354	371	1664	1682	1699	193	191	177	164	157	175	178	187	189	194	196	193	238	204	226	181	170	189	180	215	172	810	981	949	202	202	200	169	207	183	189	205	223	191	193	211	196	176	205	222	221	224	211	218	180	321	393	355	168	199	163	186	167	179	143	148	161
14:38:37	330	302	341	393	405	402	334	337	338	351	327	347	5337	6088	7729	304	321	370	321	338	366	409	393	394	350	342	364	331	326	322	531	531	530	340	352	354	1722	1663	1705	174	189	165	186	175	192	183	167	196	186	210	170	202	204	210	182	188	199	192	208	175	794	932	945	202	184	236	187	200	173	187	212	179	199	212	204	182	174	186	233	247	225	172	202	175	355	353	371	192	175	162	178	152	152	174	174	202
14:48:37	358	346	360	423	419	405	349	356	350	339	325	354	5314	6106	7938	306	336	338	356	340	390	407	419	405	327	344	332	314	316	328	518	530	553	336	362	349	1656	1624	1715	173	168	148	164	174	191	177	196	175	198	186	203	221	212	214	210	202	210	239	193	201	782	962	881	213	209	211	186	187	190	179	190	195	188	213	187	170	192	169	211	238	223	193	168	204	347	369	382	195	162	182	173	144	158	178	165	173
14:58:37	345	336	324	402	441	405	348	330	296	333	327	325	5326	5957	8237	330	324	317	342	340	339	395	384	377	332	368	344	347	324	314	529	512	504	384	363	369	1670	1634	1724	176	196	181	179	165	179	181	201	164	195	206	195	183	213	180	186	182	192	225	232	238	787	961	954	190	188	214	216	198	190	206	214	207	221	204	191	192	200	209	195	207	244	187	209	217	353	352	360	166	171	127	167	172	149	167	168	164
15:08:37	370	311	314	377	384	401	349	341	349	336	348	342	5374	6036	8348	327	311	307	353	352	374	373	397	384	346	348	314	311	292	298	509	507	508	363	400	369	1694	1651	1723	192	203	207	183	195	176	190	199	170	175	179	200	200	215	191	184	201	181	206	204	199	800	977	917	191	197	167	205	227	184	173	197	211	183	191	225	163	199	199	237	194	223	168	167	180	337	352	368	165	171	152	160	188	153	162	171	168
15:18:37	359	320	319	397	408	407	330	354	332	329	337	345	5349	6026	8537	335	342	304	324	330	339	395	417	390	337	333	338	297	327	290	519	507	495	350	346	343	1679	1632	1726	157	146	163	167	186	174	170	159	177	180	195	181	197	204	201	198	191	224	214	171	185	806	936	890	180	221	196	194	200	178	182	197	206	176	191	197	220	199	224	205	198	251	191	184	196	309	380	385	185	179	169	173	167	182	185	167	186
15:28:37	352	375	329	397	401	385	348	368	345	332	342	353	5353	6037	8529	349	344	317	325	368	330	411	379	395	342	349	340	315	310	305	516	523	529	353	350	353	1701	1634	1711	167	186	182	191	201	174	180	178	191	179	180	171	184	193	196	169	178	212	220	206	189	799	944	899	213	203	207	201	209	186	154	176	187	208	191	216	183	202	175	213	231	243	181	184	190	328	355	356	141	175	171	164	181	164	178	178	185
15:38:37	358	355	331	398	404	444	331	348	342	364	325	377	5373	6034	8426	316	333	320	353	335	355	386	409	405	345	373	341	356	304	313	522	540	523	363	357	375	1656	1681	1696	184	169	151	148	173	150	181	188	175	190	186	181	198	200	180	167	182	213	193	201	190	804	929	929	188	195	220	198	195	184	187	189	180	188	214	236	181	221	192	241	226	225	205	190	205	329	363	380	183	167	169	132	184	159	162	191	170
15:48:37	359	344	330	393	410	401	335	345	347	364	321	358	5185	6000	8325	329	314	340	365	333	356	372	410	388	357	350	335	333	311	292	522	513	536	372	370	391	1661	1650	1695	168	152	177	192	196	194	167	191	193	186	152	195	215	226	195	192	198	227	180	202	169	767	941	913	193	206	197	158	182	174	214	202	217	183	192	197	175	192	196	224	224	235	195	206	188	318	360	379	154	155	159	168	163	149	169	183	171
15:58:37	337	315	329	410	398	402	349	365	370	350	356	340	5203	5982	8393	315	329	329	378	333	372	407	391	405	358	325	329	322	326	331	554	494	520	384	361	378	1700	1612	1704	157	190	172	217	163	192	191	181	187	183	193	186	178	190	216	190	185	200	170	189	217	770	932	910	193	202	207	166	197	196	217	179	188	203	228	195	190	186	183	221	223	226	196	177	195	329	356	389	178	158	184	171	158	166	190	187	200
16:08:37	363	368	321	429	393	393	330	337	339	350	347	322	5234	5965	8400	328	323	332	336	372	354	397	401	399	339	342	318	306	314	348	534	494	499	372	355	346	1687	1636	1691	186	190	165	189	193	189	192	196	200	194	205	190	175	204	209	180	167	218	208	196	187	767	969	930	196	207	224	208	183	200	180	195	215	191	198	216	179	192	180	222	226	240	159	179	212	321	347	363	157	122	183	135	157	158	171	182	166
16:18:37	385	373	337	416	413	410	333	352	355	336	325	355	5320	5994	8535	338	334	320	343	352	348	422	398	409	329	353	340	323	323	338	512	503	515	376	376	366	1666	1591	1670	164	204	181	174	182	180	182	184	201	214	203	200	204	188	177	203	183	216	199	185	195	792	953	938	191	191	206	186	194	181	184	191	201	176	210	178	183	188	214	208	186	249	202	194	215	351	390	366	164	161	164	154	172	157	152	168	178
16:28:37	349	328	321	405	420	404	360	333	378	323	334	338	5169	5861	8376	339	345	324	363	374	368	390	408	379	324	333	355	307	336	312	529	498	504	375	358	362	1652	1642	1655	160	158	174	169	187	200	172	191	172	191	205	174	197	199	219	185	175	223	210	204	178	781	948	898	211	220	195	212	210	198	183	229	171	216	177	214	194	187	186	232	187	234	195	172	200	306	359	364	157	172	156	172	140	156	172	187	156
16:38:37	348	325	314	429	408	396	345	338	354	348	342	336	5239	5906	8352	331	298	335	344	370	356	411	408	421	318	370	321	322	320	302	548	529	535	380	355	377	1668	1618	1662	164	165	173	212	169	159	170	169	158	202	197	163	209	219	201	186	185	205	177	183	180	774	921	893	214	178	194	174	186	178	205	191	214	239	211	196	195	190	156	240	220	234	181	218	202	332	343	384	150	149	181	176	153	170	191	162	155
16:48:37	339	376	315	410	394	425	327	338	349	346	326	341	5275	5962	8441	305	302	340	364	344	410	379	380	387	313	382	342	319	276	339	518	502	496	358	358	383	1662	1611	1662	175	171	180	182	200	161	152	187	153	205	178	192	201	208	175	187	195	177	185	213	204	759	949	912	173	207	217	184	179	200	174	187	210	197	203	206	201	167	193	228	223	230	190	183	216	329	372	362	160	179	170	157	143	156	170	183	203
16:58:37	357	353	359	437	402	389	356	358	356	340	353	368	5189	5881	8285	323	320	333	354	352	365	406	383	430	365	352	349	325	309	321	524	517	516	371	366	352	1634	1607	1686	169	185	185	167	187	170	188	172	196	206	215	202	198	212	199	194	194	199	182	191	205	758	906	913	198	205	184	198	178	184	200	193	218	215	242	216	191	168	198	235	220	208	198	205	187	328	356	353	131	176	176	182	140	178	150	163	185
17:08:37	317	352	344	409	419	406	343	320	326	335	349	338	5111	5837	8158	311	317	335	364	371	354	408	367	437	340	331	324	314	333	337	518	528	506	333	364	329	1711	1607	1716	194	188	158	179	191	171	193	181	173	191	188	178	187	198	228	190	220	209	215	193	198	757	926	905	189	210	182	172	221	171	207	199	184	198	213	196	198	182	194	234	228	219	184	203	195	359	371	388	157	174	177	165	172	156	156	144	169
17:18:37	351	342	355	416	441	419	336	354	351	338	339	327	5167	5805	8147	320	303	333	321	362	382	418	406	412	315	381	331	318	327	321	526	508	542	379	359	372	1672	1622	1707	165	190	168	145	177	190	190	172	194	180	199	197	184	221	173	192	228	201	187	228	188	769	928	908	187	188	192	179	187	207	205	196	193	170	201	203	181	187	188	226	222	235	197	201	197	303	371	375	157	206	166	155	136	157	177	179	173
17:28:37	341	346	345	392	429	437	355	353	376	357	375	352	5128	5830	8096	339	319	306	349	365	353	420	429	420	350	338	326	319	318	344	509	510	503	393	355	369	1605	1613	1681	167	174	188	177	180	196	182	169	173	194	179	189	207	199	225	215	187	203	189	181	196	732	958	883	178	218	214	198	172	177	178	213	210	189	221	231	170	207	188	235	238	215	213	203	170	335	311	373	167	171	199	192	178	161	165	184	173
17:38:37	333	357	367	420	417	403	364	344	363	330	354	370	5035	5744	8029	329	325	333	348	375	347	410	433	394	350	341	338	328	331	334	529	518	537	378	348	348	1675	1617	1672	156	173	162	179	167	168	195	182	165	210	164	185	183	165	182	205	157	174	204	170	204	753	891	910	193	192	208	197	163	193	170	184	183	193	211	199	173	194	208	221	231	235	151	195	185	357	357	346	150	170	171	195	179	163	168	174	171
17:48:37	333	336	305	384	415	425	373	330	358	373	379	371	5104	5622	7903	337	331	324	360	395	358	413	394	411	369	359	357	336	324	300	506	491	515	356	337	385	1711	1606	1652	193	183	178	176	192	191	204	157	166	184	183	208	180	190	204	202	211	190	169	200	223	751	951	948	201	191	200	192	191	214	189	190	190	205	207	201	184	200	162	229	219	258	220	187	198	320	347	363	189	162	167	153	158	174	178	186	151
17:58:37	362	364	341	389	437	408	363	330	321	351	294	357	5049	5533	7601	324	337	326	348	378	355	391	404	391	377	351	353	331	340	329	537	523	551	353	363	384	1650	1574	1670	178	171	202	154	208	200	169	190	178	182	188	195	205	216	204	174	143	195	199	189	198	732	921	909	209	202	199	184	201	191	190	207	182	226	199	200	200	155	213	236	224	257	195	178	188	305	349	384	156	176	143	152	172	153	164	159	153
18:08:37	342	327	357	418	422	419	392	357	353	356	341	346	5002	5427	7383	327	322	320	344	375	354	387	408	407	368	347	342	338	326	315	523	540	519	358	371	357	1615	1665	1647	183	146	166	183	165	184	165	185	186	173	167	177	205	195	182	171	183	197	185	215	222	750	903	902	175	189	206	176	188	210	187	180	193	197	201	230	169	175	196	194	222	196	185	189	195	338	374	354	164	180	167	155	153	156	168	162	159
18:18:37	365	353	332	410	408	424	357	381	336	335	348	355	4922	5189	7102	338	346	304	361	362	379	390	387	414	337	363	335	328	342	319	536	489	536	377	388	391	1653	1627	1714	173	195	163	161	168	177	202	211	185	196	198	179	195	189	184	210	190	163	183	215	222	727	957	912	172	208	214	153	190	173	178	199	194	203	195	223	186	210	185	223	199	234	190	185	211	319	372	334	149	174	182	166	174	156	145	171	162
18:28:37	338	361	372	412	420	402	317	338	358	345	331	372	4908	4990	6891	352	338	326	359	372	373	416	393	416	345	349	355	315	316	352	519	514	496	358	363	380	1667	1585	1717	199	185	179	186	164	179	172	180	162	196	208	172	170	188	207	190	211	191	186	182	209	789	896	880	185	188	212	176	210	196	169	173	180	209	186	212	169	200	182	195	238	238	191	194	201	340	361	347	160	170	164	187	150	173	155	169	169
18:38:37	347	365	334	431	403	430	361	324	323	343	366	329	4779	4873	6697	330	339	351	356	349	395	412	385	408	349	374	369	351	310	322	516	500	532	371	405	369	1668	1636	1718	190	198	178	164	164	182	188	190	170	204	218	184	185	197	195	196	226	204	189	182	203	730	933	870	222	195	158	191	184	168	207	218	207	182	188	209	194	198	205	183	205	202	212	205	198	320	370	340	186	145	148	183	182	178	170	166	186
18:48:37	348	334	327	417	391	421	365	369	372	337	353	343	4732	4715	6295	306	310	349	397	364	332	455	404	402	339	366	344	335	337	323	527	509	543	389	362	404	1615	1629	1671	182	169	169	168	179	196	173	165	194	172	195	204	191	213	207	189	192	188	193	209	193	734	907	917	188	205	196	211	183	207	177	176	183	209	215	213	164	195	195	211	218	202	201	174	198	332	363	381	156	171	179	143	170	163	150	164	180
18:58:37	343	353	337	409	404	404	353	365	349	356	347	358	4440	4553	6072	329	336	337	360	378	379	416	397	421	357	355	323	342	324	341	525	508	540	394	356	382	1686	1639	1683	198	170	174	179	176	203	179	177	172	185	222	166	202	210	210	187	176	225	220	182	211	748	914	847	208	181	228	154	193	175	184	201	203	191	202	204	158	180	201	221	198	237	177	213	197	287	349	368	170	167	161	181	144	168	159	156	164
19:08:37	339	367	344	393	417	378	368	353	359	341	363	366	4222	4514	5984	324	313	327	368	378	351	379	397	417	336	375	335	321	315	336	545	514	539	375	371	363	1612	1569	1700	161	154	145	205	184	184	166	193	180	205	200	175	187	226	208	192	176	220	196	211	206	749	910	877	213	206	180	190	148	170	200	169	192	193	229	181	159	170	180	205	242	241	177	192	177	322	370	385	164	184	189	183	167	156	162	195	154
19:18:37	318	356	364	427	439	411	363	350	351	351	369	349	4034	4437	5657	333	315	350	355	354	346	419	388	418	359	379	367	294	308	338	535	495	524	384	368	369	1661	1572	1688	185	217	162	165	172	177	206	196	200	206	172	200	197	187	180	191	181	195	173	215	217	760	909	866	210	205	189	186	196	182	183	181	200	210	200	200	199	161	197	212	216	200	183	209	202	308	343	363	163	171	178	179	192	169	152	158	158
19:28:37	358	324	358	415	439	371	340	356	345	339	345	357	3981	4298	5287	315	342	333	366	357	374	386	380	396	350	357	352	331	311	355	552	503	543	392	387	353	1644	1605	1656	181	178	191	194	188	217	149	192	187	179	230	187	186	184	200	206	207	195	205	191	148	760	920	873	193	171	197	195	166	202	204	189	190	209	208	217	166	176	179	219	197	233	214	201	210	327	370	365	158	180	156	170	191	169	145	167	159
19:38:37	374	350	372	424	404	422	346	407	346	330	349	366	3885	4250	5057	327	343	323	386	372	369	400	406	405	327	356	374	349	320	315	517	532	491	368	371	417	1644	1592	1658	186	160	186	180	171	170	184	178	156	167	204	172	197	205	200	153	193	185	201	192	191	743	908	893	186	175	205	202	157	202	183	176	196	186	200	236	176	168	195	212	240	240	166	209	196	333	367	368	166	156	157	182	151	155	152	171	169
19:48:37	345	374	368	442	414	416	370	352	376	358	344	339	3848	4096	4775	319	332	337	400	374	372	440	427	425	355	376	365	319	345	316	508	513	525	388	379	377	1634	1590	1660	141	183	174	191	187	194	182	185	178	199	179	211	176	195	198	153	217	233	186	192	191	744	895	882	204	212	218	178	205	179	205	210	191	209	222	180	168	179	194	218	236	223	201	192	183	333	354	366	153	164	175	150	168	181	181	160	183
19:58:37	315	341	352	437	422	417	353	399	354	322	346	386	3848	4111	4153	359	376	316	360	371	364	389	400	403	366	373	351	332	316	334	527	533	526	379	390	392	1677	1593	1673	186	161	192	186	162	179	174	160	171	192	200	175	196	201	183	190	190	202	183	197	212	714	902	894	195	218	217	182	188	178	188	193	182	204	181	225	156	189	186	209	240	206	149	197	184	333	354	341	169	175	174	170	163	162	155	189	202
20:08:37	385	363	348	390	404	432	381	368	349	358	357	344	3855	3986	4084	321	355	326	379	371	387	419	403	421	338	332	356	318	327	349	522	483	528	396	366	387	1597	1591	1662	180	136	172	181	165	181	168	194	175	207	180	193	190	206	194	166	199	160	189	201	215	781	917	852	220	199	214	220	206	176	214	204	186	217	192	191	191	194	189	218	219	215	184	207	181	334	343	348	166	144	187	178	157	190	184	180	176
20:18:37	362	362	369	419	412	419	360	362	364	332	366	336	3786	3851	3963	352	336	336	366	385	386	420	391	421	361	346	322	339	325	319	517	503	540	376	382	373	1633	1638	1658	147	165	167	212	206	177	181	160	160	193	157	195	191	221	195	196	178	215	179	204	204	726	931	862	186	179	169	190	184	204	181	200	205	169	201	201	169	190	191	224	218	236	198	167	174	343	358	349	176	159	145	185	139	181	155	172	174
20:28:37	355	350	335	397	394	427	343	354	348	374	344	344	3764	3813	3863	329	353	349	351	368	359	402	398	406	361	358	341	319	339	346	570	496	535	371	373	353	1620	1571	1661	181	192	160	193	172	222	184	180	195	194	157	216	193	211	213	187	191	192	183	215	185	729	896	874	190	222	197	163	186	162	185	188	180	191	199	193	178	181	201	212	223	221	165	196	181	319	342	367	164	177	179	157	171	173	180	155	171
20:38:37	375	344	355	422	368	425	351	357	352	377	337	364	3760	3712	3717	291	322	316	371	354	365	413	402	419	337	355	352	343	331	372	511	513	515	354	389	375	1596	1549	1636	163	176	192	183	185	230	176	160	192	181	175	189	195	229	201	168	195	207	203	182	183	737	890	891	171	187	224	190	181	193	189	178	182	220	191	175	208	199	195	221	221	238	196	185	221	311	350	366	158	170	178	159	184	175	185	167	170
20:48:37	385	343	328	418	419	439	386	370	382	343	354	339	3787	3604	3767	352	354	344	381	396	337	394	411	413	335	387	336	351	307	318	519	505	515	398	381	386	1653	1528	1625	166	170	180	172	193	176	191	181	187	194	201	183	176	202	188	186	209	192	181	219	204	718	899	852	201	190	225	161	175	157	175	170	204	196	180	189	172	202	187	196	224	222	214	197	203	290	406	340	148	170	198	176	162	143	168	155	152
20:58:37	354	354	342	389	406	422	358	348	372	376	383	362	3722	3599	3599	357	327	317	372	402	361	386	390	423	338	348	355	338	318	337	514	511	503	399	395	373	1602	1628	1665	165	184	181	159	180	153	176	151	171	213	193	169	167	192	197	200	192	169	226	195	211	769	901	856	221	198	209	164	174	206	200	194	174	190	222	191	197	188	198	201	247	198	193	185	203	332	369	334	149	183	142	181	158	140	157	140	165
21:08:37	366	346	349	415	398	404	370	359	376	343	341	334	3720	3514	3589	327	355	305	350	406	360	442	407	386	345	372	350	342	324	347	502	525	520	376	375	357	1611	1573	1621	178	174	160	169	166	174	178	144	157	184	198	179	199	171	194	190	185	187	217	163	215	705	869	861	208	201	210	200	189	168	204	192	196	193	200	203	184	199	194	214	207	230	229	188	182	333	348	349	174	168	157	155	161	154	158	178	167
21:18:37	379	341	379	426	389	406	375	355	379	383	365	341	3705	3492	3525	331	323	327	388	345	373	400	438	415	366	355	350	326	345	332	529	534	509	384	381	375	1589	1540	1642	171	172	210	181	197	167	150	190	177	191	199	179	194	205	190	179	189	184	190	191	168	726	906	855	213	182	201	191	187	168	181	184	186	186	226	205	185	177	190	206	231	192	162	194	207	340	376	356	158	188	163	150	170	151	159	185	174
21:28:37	378	366	370	383	418	409	359	361	358	373	336	329	3667	3414	3493	348	339	331	363	351	388	412	399	355	357	376	337	332	363	343	523	508	517	371	371	392	1610	1557	1652	188	151	202	174	184	179	174	190	154	195	193	194	195	226	162	185	188	201	204	194	204	748	868	895	199	180	233	177	182	192	200	179	173	207	179	202	207	191	177	241	204	249	175	223	171	313	371	361	179	159	140	164	167	127	145	174	146
21:38:37	354	353	332	416	409	433	346	339	368	354	342	366	3642	3369	3356	350	324	325	374	378	369	402	421	422	342	373	341	357	309	338	502	490	510	400	342	405	1619	1560	1677	136	188	171	183	178	213	175	188	175	198	195	198	184	226	206	202	180	187	227	185	207	730	882	813	165	206	177	175	187	206	195	185	202	199	172	206	149	165	216	205	219	220	197	195	199	333	350	362	173	170	183	147	174	178	156	161	171
21:48:37	392	361	366	377	409	440	364	354	377	336	332	375	3635	3258	3283	351	333	329	378	394	350	409	400	383	360	348	323	323	324	352	489	533	505	377	357	390	1591	1564	1613	196	164	169	188	173	189	172	169	200	182	228	199	218	188	210	187	186	184	193	227	210	682	887	844	191	208	199	190	210	205	198	167	181	206	228	201	163	170	189	250	221	277	182	209	213	302	322	378	165	171	167	192	148	170	155	161	174
21:58:37	365	355	335	389	408	450	368	339	352	370	330	345	3637	3223	3303	363	334	336	409	366	382	417	397	386	327	332	344	331	354	317	531	553	497	385	370	369	1637	1549	1634	175	187	148	163	164	174	178	185	190	173	190	166	177	151	208	196	211	165	167	183	188	727	875	866	193	193	191	181	186	158	207	159	184	201	210	181	183	204	174	225	223	226	176	190	193	308	379	355	174	160	159	164	179	157	163	165	150
22:08:37	377	361	365	437	420	390	351	355	377	354	340	347	3632	3226	3263	335	362	327	394	349	374	419	397	432	371	394	356	340	331	313	486	526	481	387	380	391	1605	1553	1610	184	188	176	161	179	175	171	171	180	194	181	181	202	215	172	215	214	210	212	187	195	715	871	844	178	213	186	182	195	200	171	182	190	214	205	212	167	190	170	230	224	229	183	208	205	322	352	363	153	194	180	183	181	156	149	196	208
22:18:37	388	362	322	417	411	414	384	376	360	345	356	335	3632	3200	3238	344	347	312	387	389	376	408	400	409	336	363	348	380	348	334	490	506	497	367	380	405	1587	1571	1598	160	173	167	199	168	182	164	160	190	196	179	209	185	191	198	202	188	197	174	188	193	714	875	798	192	162	194	216	209	191	189	191	186	182	228	201	206	199	178	212	219	240	185	189	188	312	324	330	158	144	167	182	174	191	155	162	176
22:28:37	365	343	355	432	400	387	353	366	347	351	360	338	3572	3058	3138	348	304	322	357	375	363	405	425	419	354	334	381	346	287	325	498	486	500	379	370	372	1571	1562	1608	189	174	180	184	158	198	183	188	158	181	207	177	179	200	211	186	193	210	202	198	190	697	866	870	208	182	173	173	180	206	183	172	205	176	215	236	207	199	200	209	217	210	192	190	209	302	364	335	149	158	186	208	165	153	175	167	160
22:38:37	353	323	335	411	373	415	371	363	374	341	385	374	3574	3100	3122	319	355	327	359	356	375	401	410	394	349	352	337	359	322	329	500	508	492	382	388	389	1551	1550	1585	188	171	180	170	195	199	180	187	164	197	186	172	189	188	194	192	179	199	216	186	184	734	898	866	189	189	209	158	196	183	182	156	176	187	188	201	184	199	198	227	213	197	172	158	177	295	335	370	144	160	175	172	159	155	174	180	194
22:48:37	369	379	335	416	428	440	367	331	351	365	340	337	3565	3072	3023	330	331	357	358	388	387	403	381	402	360	341	330	320	310	326	503	495	494	358	373	382	1547	1544	1600	156	145	183	159	179	165	172	177	157	181	193	196	212	182	212	200	213	180	186	211	186	678	881	853	197	185	225	185	221	193	188	165	181	175	176	194	190	176	206	202	228	192	207	193	184	300	336	355	148	162	187	149	170	159	173	194	167
22:58:37	364	347	331	404	397	385	376	334	353	362	368	335	3625	2966	3058	312	332	350	383	390	359	404	406	410	330	335	364	337	325	339	469	481	485	367	369	360	1518	1540	1559	152	167	195	220	198	180	156	188	190	185	183	167	179	189	194	161	207	200	191	192	200	708	904	843	191	190	200	210	200	162	182	202	206	204	204	215	211	172	167	255	229	196	188	204	188	320	353	365	164	169	179	158	169	174	157	168	147
23:08:37	389	367	329	430	397	416	351	359	348	375	353	353	3652	2975	2987	349	323	350	379	386	368	429	412	412	334	368	373	336	321	340	472	495	477	406	371	382	1595	1556	1590	167	128	165	198	174	189	171	138	199	161	189	176	180	182	203	196	196	189	174	187	182	692	893	840	197	174	223	210	175	190	198	184	179	205	206	211	177	211	176	205	230	213	169	177	181	344	338	368	163	165	150	205	147	181	151	140	180
23:18:37	366	384	359	422	408	403	382	367	376	349	359	367	3608	2916	2975	358	326	325	382	347	380	378	383	393	343	357	341	361	308	344	461	467	461	378	389	399	1502	1483	1535	181	151	166	186	170	196	159	174	182	181	200	173	186	202	190	169	198	165	181	172	203	707	857	808	198	219	205	155	187	176	193	186	208	190	212	202	188	202	173	216	217	206	207	187	197	316	322	366	169	158	162	169	149	187	179	157	190
23:28:37	379	334	341	407	398	372	367	353	332	315	310	338	3598	2944	2968	340	347	327	403	387	379	406	387	422	336	368	346	362	361	338	476	489	478	390	387	392	1539	1501	1542	163	171	182	172	161	186	179	127	177	201	185	180	187	205	201	154	192	194	210	178	187	711	858	784	202	185	211	177	166	196	172	189	173	216	221	214	165	214	209	235	200	235	175	181	181	321	348	357	168	164	177	179	162	139	152	128	175
23:38:37	385	366	344	374	407	382	369	365	355	335	364	339	3510	2916	2931	351	337	324	342	363	374	410	422	405	339	389	354	333	324	342	472	488	462	389	387	381	1494	1510	1449	182	182	163	181	183	178	162	171	178	181	184	179	202	199	184	177	173	211	197	215	185	689	890	808	224	200	201	181	168	181	180	184	183	210	228	193	183	199	191	208	234	258	188	176	213	325	326	374	145	176	173	164	159	176	160	187	168
23:48:37	408	372	341	394	373	420	368	344	387	342	335	387	3537	2850	2923	336	323	315	385	359	373	412	410	402	352	389	352	317	332	374	475	469	469	406	362	361	1422	1522	1467	181	188	159	149	165	136	140	142	183	193	184	186	180	177	227	188	210	196	186	180	219	739	889	795	197	198	207	195	182	211	205	214	198	204	201	224	195	191	170	213	217	249	189	177	130	334	332	371	178	152	167	167	179	170	166	163	184
23:58:37	362	322	372	416	379	402	367	353	365	364	353	341	3509	2888	2873	341	339	316	360	361	377	411	381	406	362	364	361	320	342	343	483	474	468	373	389	391	1416	1488	1465	184	184	179	198	200	157	172	181	164	153	201	161	210	204	204	166	216	186	187	210	211	681	871	862	202	215	185	172	169	194	208	190	175	189	204	205	174	211	196	202	216	211	177	196	192	316	334	358	170	153	141	168	155	188	200	156	182
24:08:37	369	368	350	368	384	393	369	360	352	384	365	367	3560	2851	2834	334	320	350	360	380	394	428	396	404	360	370	354	346	338	326	482	438	491	392	394	370	1361	1439	1414	181	177	157	187	196	160	194	182	153	190	205	202	204	171	221	188	172	190	193	196	200	713	854	814	192	180	214	168	183	186	211	187	206	173	210	167	194	196	194	226	221	250	194	198	206	289	351	369	180	193	186	177	158	155	163	165	170
24:18:37	380	343	346	390	403	381	348	354	339	369	357	337	3530	2775	2804	339	344	339	366	358	345	399	423	405	321	353	368	328	313	336	479	482	457	395	349	388	1336	1409	1364	185	162	156	179	160	153	161	168	152	158	193	204	219	213	193	192	158	187	201	188	193	681	896	823	199	170	170	177	197	167	191	180	212	193	174	185	189	153	179	210	226	211	178	192	170	296	349	369	140	155	149	163	156	178	142	175	156
24:28:37	386	362	347	390	393	415	387	356	333	311	349	365	3475	2763	2843	350	326	339	373	359	383	420	416	414	335	383	366	345	323	324	490	450	444	368	353	381	1310	1375	1347	175	209	186	186	169	192	177	178	170	205	204	163	190	193	207	187	187	194	148	202	210	700	853	807	187	207	228	162	193	186	183	154	197	192	199	196	201	188	229	211	219	234	212	171	180	298	345	353	152	168	164	169	152	161	170	164	167
24:38:37	358	340	330	369	364	385	352	352	368	360	344	363	3522	2809	2796	353	326	330	383	374	379	401	409	393	372	367	343	341	332	319	460	456	433	366	383	370	1320	1332	1310	178	191	184	177	189	190	173	182	181	187	206	178	203	197	222	188	199	205	190	196	195	726	887	798	198	206	183	181	158	153	180	196	221	209	200	206	199	192	169	199	200	218	185	160	184	344	357	320	143	177	150	156	166	166	173	170	159
24:48:37	389	350	356	395	388	377	334	362	367	346	343	360	3479	2773	2822	327	352	334	372	409	356	384	377	410	344	364	338	345	305	350	452	471	471	369	392	379	1247	1317	1299	164	169	161	165	200	186	164	166	153	166	198	201	194	212	202	218	200	194	185	195	205	690	874	817	197	183	223	181	193	163	194	198	158	215	179	208	165	190	172	205	214	214	175	195	180	331	331	338	169	172	176	199	164	172	151	159	176
24:58:37	373	346	346	382	386	398	350	346	385	349	343	340	3483	2721	2799	317	344	317	376	383	363	429	401	413	351	375	352	291	291	322	448	454	466	364	367	393	1257	1255	1275	187	183	190	183	161	185	191	181	162	207	176	206	197	196	199	186	198	204	206	180	208	696	845	813	203	217	227	203	210	183	202	187	175	215	186	233	160	160	205	219	223	213	192	182	194	321	322	344	157	142	169	151	177	177	153	164	181
25:08:37	375	366	358	403	372	396	367	349	352	349	395	353	3511	2711	2709	329	337	316	372	377	380	386	390	383	366	361	335	325	317	299	480	484	474	348	376	366	1227	1272	1255	171	176	167	189	194	146	160	161	158	192	201	195	200	205	197	165	170	167	195	183	188	718	831	845	189	187	214	179	191	196	174	197	212	211	213	210	182	171	176	206	223	186	184	176	186	318	340	350	145	162	173	182	160	159	197	185	168
25:18:37	371	348	365	371	379	409	374	354	328	355	337	364	3488	2646	2706	343	318	325	362	370	401	372	394	428	352	358	331	316	326	329	448	460	440	384	392	383	1212	1216	1224	161	182	196	162	172	146	173	168	187	187	179	196	179	191	200	171	186	215	185	212	201	699	880	804	193	203	221	169	179	199	186	171	193	194	215	204	180	186	189	224	212	215	159	189	184	311	344	349	174	158	163	147	162	163	163	164	162
25:28:37	370	350	351	394	393	393	366	357	340	347	355	343	3515	2654	2723	324	350	309	320	372	375	363	407	398	363	341	344	327	340	328	447	433	448	378	354	371	1222	1242	1208	193	177	142	197	146	149	176	176	192	194	182	185	178	212	183	190	201	195	184	203	165	694	859	849	190	207	198	217	170	178	209	205	182	203	198	210	194	190	204	192	209	197	193	175	186	310	345	369	167	148	168	150	160	180	148	174	179
25:38:37	389	382	358	393	388	380	331	368	361	332	343	347	3462	2654	2641	343	327	336	352	388	382	408	399	393	373	373	347	330	293	326	462	452	454	370	364	370	1206	1261	1183	186	180	178	161	177	184	163	175	178	171	190	201	192	212	195	174	153	207	190	218	206	723	837	786	206	205	194	168	216	197	188	199	181	202	186	189	156	202	222	230	238	230	167	204	204	331	336	342	152	168	209	181	161	171	155	186	146

